3.385090530030152589e+00 8.349651033053786975e+00 9.958678545353837563e+00 7.142894431455868443e+00 5.663955348343495899e+00 6.539030638117081295e+00 5.709748751585120630e+00 4.768248661932078747e+00
0.000000000000000000e+00 8.923290765584894757e+00 8.662116408107362275e+00 6.442193793150746473e+00 6.139999565329549824e+00 5.493837988168721154e+00 6.337092671453248727e+00 5.237997513601069244e+00
4.606054958649922426e+00 5.798241046427865975e+00 1.027256879433791958e+01 6.631994084191213723e+00 4.344501257301510933e+00 9.201951458508061066e+00 2.620819801721827602e+00 4.357196552239930298e+00
4.455803458331692113e+00 7.100685312841666708e+00 1.030386749978788075e+01 7.304718758985726978e+00 4.266710321707438247e+00 8.240959025636074742e+00 3.600703275886671939e+00 5.097523863692364543e+00
6.342301564308638895e+00 4.942768435769402835e+00 1.218698974615152686e+01 6.881679466887030472e+00 4.690210905543128916e+00 1.041940047338034603e+01 3.026334596053632087e+00 4.820634795015905638e+00
5.914477660703189699e+00 4.629921255549071191e+00 1.137391244313216454e+01 6.803265963430705554e+00 4.971024096005574933e+00 9.858189786203869431e+00 4.063003734366212427e+00 5.199254873197576288e+00
4.034127048297147411e+00 7.918890810384992207e+00 1.065950801793982627e+01 4.936582477061651097e+00 7.972960629702688706e+00 6.415559590420955693e+00 7.878035369175497848e+00 4.824249482507095621e+00
8.040866675384739537e+00 3.240568103100326613e+00 1.367439806862348028e+01 5.438152588478958549e+00 6.319527930047285302e+00 1.075524316896727584e+01 6.915369173327934327e+00 6.262246370484254143e+00
6.246444106737525814e+00 7.418100118122767483e+00 1.139585741878132197e+01 2.212471359183472153e+00 7.746112568148383559e+00 7.404779826578864466e+00 8.678224196963583381e+00 6.003696336868085126e+00
5.598615253977206940e+00 6.916217044486518084e+00 1.105192891920935949e+01 2.087468900055394094e+00 6.707044363596419423e+00 7.926574192288273757e+00 7.169187120058154505e+00 5.034209276991655102e+00
7.768489299205681320e+00 2.978443243972123344e+00 1.360508771612372314e+01 5.126655115655731620e+00 5.818895886912960336e+00 1.042832941341039010e+01 6.671890553982631644e+00 6.203231784103570234e+00
3.755674123895090144e+00 7.571886976303923156e+00 1.019117585416681848e+01 4.008543833005926871e+00 5.999290268304193319e+00 5.575589092301972194e+00 7.224870244516060858e+00 4.214553211029128832e+00
4.655401496793448501e+00 8.161188978964430518e+00 1.070649685101385984e+01 3.454244792485963611e+00 7.199568602469798684e+00 6.480921125519857995e+00 7.912625691166384811e+00 5.637232272674822298e+00
6.260797264190617106e+00 5.343978526175031440e+00 1.140741679810678910e+01 4.274323743050600477e+00 6.648438552963964021e+00 9.076242994714812440e+00 6.644496647839081227e+00 4.766395478724036572e+00
4.530536732929892452e+00 8.236435944105437557e+00 1.061648409992794129e+01 3.305759148177076057e+00 7.779975056353970686e+00 6.957937485835309133e+00 8.045762995983571031e+00 5.112012456505347302e+00
5.616567729536413367e+00 8.700382838048135170e+00 1.017583282846554305e+01 3.468466506358024226e+00 8.434113532579676331e+00 6.009156080931074229e+00 7.998313892372316047e+00 5.995037300674295189e+00
3.570049078706971191e+00 9.572344985090074587e+00 9.274207224131949090e+00 6.197925922508311203e+00 6.248570902053956821e+00 4.401139688601441335e+00 7.475311430957420455e+00 4.734367296528810165e+00
8.662116408107362275e+00 1.413805340875699379e+01 0.000000000000000000e+00 1.107369856712751854e+01 1.237119683525904179e+01 9.124577335863730099e+00 1.164404356731189871e+01 1.125926137220400847e+01
5.390231419539303737e+00 4.818152356396346647e+00 1.150301660224062950e+01 5.734135794969016153e+00 4.677956549838340194e+00 9.579569348738150580e+00 2.638651834362879534e+00 4.312809397206010864e+00
4.090036782280975558e+00 1.019583931499815144e+01 8.992475555130896581e+00 7.827609523833963578e+00 8.688638039461986651e+00 4.576337626211605780e+00 8.506917894541254910e+00 6.351214546361848790e+00
4.771091112614625374e+00 6.513650952302310060e+00 1.087509077190898132e+01 6.970720371491708534e+00 4.034738949241402750e+00 9.141041081910190158e+00 3.592366221994963471e+00 5.842826354028547442e+00
4.903757153825621273e+00 5.642124853025635822e+00 1.100818340912152493e+01 5.639286449216074359e+00 4.811900200034349595e+00 8.940696433431204682e+00 2.967840332877522691e+00 3.968230337983888578e+00
4.800372156124298684e+00 5.289846800156466244e+00 1.073869812153407999e+01 5.329947164912272939e+00 5.959633806416912094e+00 8.860051376701679970e+00 4.497718376143714281e+00 2.366395463654439091e+00
3.748965815179627015e+00 6.047636581107370013e+00 1.016856388481729034e+01 5.241716290862560967e+00 5.577829029460951382e+00 7.992572641092649199e+00 4.481003200574176226e+00 2.950526746822213831e+00
4.574856796628296252e+00 5.190139944561499519e+00 1.096379594266658408e+01 5.193949620894620978e+00 5.604782327504440609e+00 9.100189763287934497e+00 3.589901004035244814e+00 2.907648339355505041e+00
4.089693020022812320e+00 6.338912771049789896e+00 9.986847724571186191e+00 6.768922991509052522e+00 5.150676712656987455e+00 8.537604667335223496e+00 4.160186635638167374e+00 3.634904425817285123e+00
3.001558241092700197e+00 9.157627415307725727e+00 9.308679356388743997e+00 6.456919322813505779e+00 5.959542524573679501e+00 5.235326007156406725e+00 6.374703266794067957e+00 5.021870238063710801e+00
4.075422571085913326e+00 6.065181346578974342e+00 1.002156580229335425e+01 6.045261514487849652e+00 4.802041318903467193e+00 8.320334199027549005e+00 4.085802629548172860e+00 3.471561303340906512e+00
3.695188586885874926e+00 9.554671887369302397e+00 1.020270445735426357e+01 6.312808028405457073e+00 7.174178842406108814e+00 4.419221276708189095e+00 7.876160079724038532e+00 5.118907335639008238e+00
3.430055460268806478e+00 9.975993592009881894e+00 8.094814700151047759e+00 7.009935237692791254e+00 6.358173073852475987e+00 5.198787237705956521e+00 7.033676246443548052e+00 6.969363120920740506e+00
2.252105043462931278e+00 9.507993589517850452e+00 9.081342862227485213e+00 6.456586922510065385e+00 6.020280082111133524e+00 4.605707991094813991e+00 6.509608487950933942e+00 5.829417518585392699e+00
4.380073717702177127e+00 5.802652304139621187e+00 1.052533768192876451e+01 5.464910536802588759e+00 4.932542132399282409e+00 8.509335341259090413e+00 3.636735565089778355e+00 3.787329167410783182e+00
6.337092671453248727e+00 5.496912038881543339e+00 1.164404356731189871e+01 7.892874601963979053e+00 5.260128618761996222e+00 1.082855605012083267e+01 0.000000000000000000e+00 5.909155763738676015e+00
5.493837988168721154e+00 1.125318413982939347e+01 9.124577335863730099e+00 8.423954862253804521e+00 9.330792138107369738e+00 0.000000000000000000e+00 1.082855605012083267e+01 7.576508409601385274e+00
4.348491378314780498e+00 6.727293819235110384e+00 1.107374735053038606e+01 6.265046321395461248e+00 3.381723840004275505e+00 8.222386592257054261e+00 4.085398220277520309e+00 5.267904771831893207e+00
3.213513857986905808e+00 7.862949907669462668e+00 1.047954446582176402e+01 5.984532817200213017e+00 6.366202079513519685e+00 6.624555911932677787e+00 6.861457753075244526e+00 4.427488176235359063e+00
2.254100390825858113e+00 9.075262934958743699e+00 9.355546019565169402e+00 5.953292499892786971e+00 6.113796105266162684e+00 5.184257520116156925e+00 6.752583504558375083e+00 5.089221689751341593e+00
3.080980990383114904e+00 9.393305606484867454e+00 9.713609309212735354e+00 6.058642325970385656e+00 6.480254258010340607e+00 4.243794960519772452e+00 7.456922603739748467e+00 5.147265830870747294e+00
2.346689847562722697e+00 7.949801232714142074e+00 8.647565474761996995e+00 6.369790520427316416e+00 5.056624981741922653e+00 6.536521711681634095e+00 5.486840074065987949e+00 4.729835598615536263e+00
4.083320212540807681e+00 1.113630510872609669e+01 9.207339164413159693e+00 7.997513708301836388e+00 7.529999369012839949e+00 3.077053072883229490e+00 8.717564389109753620e+00 7.015292509803805032e+00
4.672319124592074324e+00 6.554104177166528267e+00 1.033385941541386721e+01 7.376899677620396112e+00 3.549442763226439368e+00 8.900837103869305267e+00 3.780335302578976542e+00 6.323944774297145521e+00
3.697696427499034044e+00 8.891733004434627219e+00 9.543890990290734067e+00 6.114382653497777653e+00 6.371107714878192496e+00 5.013933372255976906e+00 7.774154335330579535e+00 4.302554115095625242e+00
3.509656281324788907e+00 9.218274369835759430e+00 9.489314038163152887e+00 6.011027140695736293e+00 6.389108168421253175e+00 4.758840133691832008e+00 7.337639010562415187e+00 4.482170577989585070e+00
2.247992055484611562e+00 1.017840406536693187e+01 8.076761140459367994e+00 6.737872180059413907e+00 6.661080102844312734e+00 4.336181933160136559e+00 7.389237093751720664e+00 6.027704723074958082e+00
4.717149432539077480e+00 1.042423234519540109e+01 6.994980362866762391e+00 7.907497123149838991e+00 7.590690487819655274e+00 7.538923844664010332e+00 8.330647816927831073e+00 8.665412615369676885e+00
2.811085516564646891e+00 8.608640434358594717e+00 9.892895202022451429e+00 5.532080371391003837e+00 6.139092153855080447e+00 4.868128396596337559e+00 6.694088659171851141e+00 4.256276398307472064e+00
4.553591681952501524e+00 6.270555312903582035e+00 1.067976552190604700e+01 5.995677353324389003e+00 4.825637811488468820e+00 8.476735587949045581e+00 3.843977006433716426e+00 4.290020381840012220e+00
4.983183112663154724e+00 4.835497710777272751e+00 1.119663373277563778e+01 5.293108176110708385e+00 5.915850195686310542e+00 8.873383543471023316e+00 4.388442162509341493e+00 3.511461725514368748e+00
4.349469893427110989e+00 5.729466328929101238e+00 1.064211763245975817e+01 5.572840333784630396e+00 5.353031994382772218e+00 8.813160733348677667e+00 3.695269322693397474e+00 3.126151808103540208e+00
4.377618964489089493e+00 5.788396759063473063e+00 1.066989106838120449e+01 5.839490887705922617e+00 5.734423580584375735e+00 8.903982730324480954e+00 4.143639741958546452e+00 2.851059479616706582e+00
2.942271280868345329e+00 7.472339680903008485e+00 9.651575520518624884e+00 5.713328238299362205e+00 5.010528985170491723e+00 6.188786295149772521e+00 5.703718755318737621e+00 4.728603836433337371e+00
2.228338824970741872e+00 7.973199794290621867e+00 9.154324978538172175e+00 6.281219520622203234e+00 5.330330617163553164e+00 6.187692992947392945e+00 5.256466791514863068e+00 4.669616146171787108e+00
4.762480687662257850e+00 5.289403501402079932e+00 1.084212946417117784e+01 6.025884591362474119e+00 5.818880297477139862e+00 8.743142888358969245e+00 4.490056598443127100e+00 3.409691237626486959e+00
4.616592318571926867e+00 5.795331079434583366e+00 1.078990254853622943e+01 5.979100690314293587e+00 5.669420991620465422e+00 9.002858281840323329e+00 3.276170165543454971e+00 3.261918515722340484e+00
4.301497564777209348e+00 6.152448397690451820e+00 1.043116765761667075e+01 6.328619219148611919e+00 5.241339273499256102e+00 8.188387666074731897e+00 4.117324732908447693e+00 4.220515042808583139e+00
4.830510368669870047e+00 5.155563707897644399e+00 1.106347620190360281e+01 5.284844264105422518e+00 5.502821454143175472e+00 8.986650472492121011e+00 3.369711592468645378e+00 3.484313106147209904e+00
5.110769211998126949e+00 5.249501258730552955e+00 1.097393954998649868e+01 5.847756062328500981e+00 5.015276535666261637e+00 9.537024277887667267e+00 2.809949133876886052e+00 3.906243087829742944e+00
3.780434097246867076e+00 8.833151143432028007e+00 9.883034808721470554e+00 5.647487999613542087e+00 6.299723244986419779e+00 4.365057286114218726e+00 7.386519621672235303e+00 4.902874536678456963e+00
4.990301174020631336e+00 5.064832659370772205e+00 1.089192737579196546e+01 5.375550140909525432e+00 5.662739296037496928e+00 8.656963315676943438e+00 4.310268342165804789e+00 3.515524679693335486e+00
4.026661627382447151e+00 9.336116420710927954e+00 9.312921751458071995e+00 6.165075549837317759e+00 6.621999976452427994e+00 4.175146687882566710e+00 7.951897984317823465e+00 5.022814594861261916e+00
3.261417947939134088e+00 9.249921933242081451e+00 9.284187157096321030e+00 5.891860111140033496e+00 6.108835233506157536e+00 4.718798758478571997e+00 7.196303720887060607e+00 5.278097562935899489e+00
3.911109567175201640e+00 6.680391451385816914e+00 9.768311095270895805e+00 6.770592373674537257e+00 5.251923862452771985e+00 8.435170153594642173e+00 4.038361280673950837e+00 3.698166499101994908e+00
5.848342087484260432e+00 6.422031003649419034e+00 1.226146737268563136e+01 7.044875095960173361e+00 3.196117991710224260e+00 8.642171586672606765e+00 4.388275529117698248e+00 5.366373058617474712e+00
1.676005698690723689e+00 9.499019633664582685e+00 8.634796483161267133e+00 7.049639422555083357e+00 6.858803967834129267e+00 5.078767821402377258e+00 6.704930753048067515e+00 5.705400888522038194e+00
4.572048599154347137e+00 6.363183785514245905e+00 1.051030154209603751e+01 6.558696588692141560e+00 4.959951806580298772e+00 9.181060899019824362e+00 3.298560130224506448e+00 4.541411235619149167e+00
3.595813076107305051e+00 9.344362747081330411e+00 1.012468340664706012e+01 5.648849841497526114e+00 6.247845971656291297e+00 4.241234352464121393e+00 7.848771995394686840e+00 4.403004938878711805e+00
2.486133111825838071e+00 8.343899951892449707e+00 9.642780804054991606e+00 5.768863757573342355e+00 5.934295040426343704e+00 5.699626438081866198e+00 6.273013441377836230e+00 4.280621408615100876e+00
5.237997513601069244e+00 6.880915623379070922e+00 1.125926137220400847e+01 5.912712070926366081e+00 6.612090936640767858e+00 7.576508409601385274e+00 5.909155763738676015e+00 0.000000000000000000e+00
3.418019187855783958e+00 9.468414386073229494e+00 9.728726319141514978e+00 6.174922963023970368e+00 6.867962499466671034e+00 4.283322527026195203e+00 7.935132195355073748e+00 4.645887489126584668e+00
3.600566774069422937e+00 9.706391562090258773e+00 9.860661140800710101e+00 6.223716308058034663e+00 6.896341846972235068e+00 3.973761157785596687e+00 8.031249184161238119e+00 5.339877519063268352e+00
6.139999565329549824e+00 6.014837914380469996e+00 1.237119683525904179e+01 7.902490842544135141e+00 0.000000000000000000e+00 9.330792138107369738e+00 5.260128618761996222e+00 6.612090936640767858e+00
5.167872616526458351e+00 5.259823081919241083e+00 1.136999194773892263e+01 5.789754390102015869e+00 4.670353004342998382e+00 9.112919145400033116e+00 4.160401084321907028e+00 4.613281878278760573e+00
2.955947981620821174e+00 6.870074490317362503e+00 9.736176173479268670e+00 5.492575020580836132e+00 5.096065037130568243e+00 7.109396753806526803e+00 5.491425518715294274e+00 4.156682089077074593e+00
4.083490550491432280e+00 9.714162157821784049e+00 9.453160634102832915e+00 5.773027410706511375e+00 6.301533239331395642e+00 4.620644510814916117e+00 7.901533609947789749e+00 5.539502899429742833e+00
3.368778222610977924e+00 9.112446994041061288e+00 8.663856038135628879e+00 7.198683141358446669e+00 6.960604883323344261e+00 6.086028047087456372e+00 6.592988093750580703e+00 5.530281084280354698e+00
3.288590539547018299e+00 8.381472725642005628e+00 9.529474720860809711e+00 5.588722949663892159e+00 5.426422583581985037e+00 5.552045890058320055e+00 6.313943053840143094e+00 5.020223551102088067e+00
4.736607419871740277e+00 7.202565484533450579e+00 1.090252564566166882e+01 6.465555635010471924e+00 4.366879099969686706e+00 7.416505955985007503e+00 4.898313045001410515e+00 5.105056823847920811e+00
4.137187460828749330e+00 6.663426805700298772e+00 1.002476041247768279e+01 6.359078165619108880e+00 4.373792279086410772e+00 8.675950419843005079e+00 2.988544707951145352e+00 4.239087497152342898e+00
5.197483161026606346e+00 5.656843791361057860e+00 1.105322238853573324e+01 6.060960064555948712e+00 5.358231758309417891e+00 9.190116409837752798e+00 3.751470387582556576e+00 3.997155798573294838e+00
3.932355343043837603e+00 9.999780556193234915e+00 8.473574616487072220e+00 5.923687903497725671e+00 6.589537181036922320e+00 4.784311815105091625e+00 7.796216874101292937e+00 5.459617568588791769e+00
3.568945074460693423e+00 9.386429924776081180e+00 9.648527052825921047e+00 6.209613641221787717e+00 6.453442121397826803e+00 4.335982627925623056e+00 8.131216858269773695e+00 4.666917041882593153e+00
4.993263371895204195e+00 5.834960502772864821e+00 1.109959468769328339e+01 6.194823538849219879e+00 5.504220986328143717e+00 8.956620267299385318e+00 3.188605241289001135e+00 3.234237867288852097e+00
4.232543396794633317e+00 6.183189618381190300e+00 1.051959841172950938e+01 7.198170572343062013e+00 4.599892818074486023e+00 9.312393913192119399e+00 2.555389400143421863e+00 4.535397747073989017e+00
3.848002468733526804e+00 8.825560943299830541e+00 1.013507044681770353e+01 5.559198416396789355e+00 6.190915375147946875e+00 5.063606142401948951e+00 7.424869711365104763e+00 3.936189670788307282e+00
3.026131022490729627e+00 9.311394678850817286e+00 8.574581928175932788e+00 7.178047941395174547e+00 5.560090562330893604e+00 5.461807026761622552e+00 6.269745334868589204e+00 5.556561399657051759e+00
4.270086104872572896e+00 6.246550477011545865e+00 1.042057100191768093e+01 6.253444427929871985e+00 5.392277489720551209e+00 8.160275780588806427e+00 3.880445804452099523e+00 3.092805480532929252e+00
4.311550713491824283e+00 6.270724447657615386e+00 1.061894175577383592e+01 7.211256200294039687e+00 4.630123286795740256e+00 9.052281006884847159e+00 2.842755302723031896e+00 4.572680377501862736e+00
5.345336410692869578e+00 5.049487060492839241e+00 1.142975704591197150e+01 5.526791845212985166e+00 5.615043651334090669e+00 9.371704972485161989e+00 3.259144064676982921e+00 3.747444168478751614e+00
5.856761118743705197e+00 4.645178332296761248e+00 1.149367799310158489e+01 6.419357540415311369e+00 5.399166597965573189e+00 1.001582734202948544e+01 2.295266316665468764e+00 5.162270888966824955e+00
1.964368071219033451e+00 8.820647652114306680e+00 8.845430597692237384e+00 6.617402503965489124e+00 5.625395635815426232e+00 5.603010451672450820e+00 5.729922454019633626e+00 5.387335574313765640e+00
4.419342963044623041e+00 7.938677957312161304e+00 1.059723917772228852e+01 6.842521580758253563e+00 7.267013694750332320e+00 5.995828157302296013e+00 7.493307681571108603e+00 5.606740199474492314e+00
5.079471472685932909e+00 5.635046837324471980e+00 1.089770915810325747e+01 6.562997343177738863e+00 4.197068760623909434e+00 9.626366017769687033e+00 2.400777347731135158e+00 4.694618845322569456e+00
5.315662979114769371e+00 4.809627265675123553e+00 1.106544732301775369e+01 6.646594669465486049e+00 4.456635374593585830e+00 1.014518978467051724e+01 2.350039813042091641e+00 4.757458717068545617e+00
2.053395951398550245e+00 8.798317858571609307e+00 8.803641300496703792e+00 6.611120259173723923e+00 5.247507573499227362e+00 5.722121638380626152e+00 5.671768367809406186e+00 5.317831673786186819e+00
2.196848405444548291e+00 9.229426167350620602e+00 9.163463207842315938e+00 6.156429790199440255e+00 6.140672034220339803e+00 5.023591815172055774e+00 7.173402080072103892e+00 4.968347395437257674e+00
4.617376362336075957e+00 5.437833136161127179e+00 1.104151901351592890e+01 6.053481005060844744e+00 5.264579950387242135e+00 9.505938162290378912e+00 3.109612947929076832e+00 3.672546227743208824e+00
2.996925917445543153e+00 1.005512717430828928e+01 9.291738567278846617e+00 7.078463919435078466e+00 6.661481625327908773e+00 3.796783061971018558e+00 8.081834972296450204e+00 5.362208077381795057e+00
2.366962179465471383e+00 8.397907073679053980e+00 8.920637056701618661e+00 6.776288598556287290e+00 5.253696201103326580e+00 6.532187906072167038e+00 5.254749774237911453e+00 5.094027043896508289e+00
4.311660899186575691e+00 5.939353317663775833e+00 1.100995064694181558e+01 5.842965258322851518e+00 5.516256497209623078e+00 8.551537525044025756e+00 4.235058984511690383e+00 3.758561321366466146e+00
5.024506947414895563e+00 5.214728417751190115e+00 1.147522057237548232e+01 6.826133860103717588e+00 5.987147758148068988e+00 9.275960726431883074e+00 4.227756472233040519e+00 4.095140728817229459e+00
3.370569980804632326e+00 6.849583754827527571e+00 1.048453697882661828e+01 5.920097757844023256e+00 4.933287449639302658e+00 7.530894415400761766e+00 5.236305538686785610e+00 3.888714967482104434e+00
3.215089585312630671e+00 9.035411023173841372e+00 1.020423499464305017e+01 6.630002012474482953e+00 5.840959205585811276e+00 5.361144071895449059e+00 6.643374144672109516e+00 4.783815162053150161e+00
4.958216619187762575e+00 6.519944740008160267e+00 1.102374058648534572e+01 6.550378664219430824e+00 5.646556883755804890e+00 9.367407957236181915e+00 3.294363795539104967e+00 4.092177727164330037e+00
4.307053651138613048e+00 5.450001041332734886e+00 1.063816288747950978e+01 5.556084127361445191e+00 5.606442239471916444e+00 8.296984455777325351e+00 4.512198031539440102e+00 3.375398087789823531e+00
2.631306579076837515e+00 8.385748697832781318e+00 8.848909554372042408e+00 5.990358671254221612e+00 5.255820350198652235e+00 5.499730627257115145e+00 6.235918756504887028e+00 5.470455509775340452e+00
3.498172878983870859e+00 8.870823556823388856e+00 9.512755702849517547e+00 5.735944621192005322e+00 6.806138504376257892e+00 5.161276062192278857e+00 7.150156794671278959e+00 4.634225913047608003e+00
3.631486722107184928e+00 9.279719696476231405e+00 9.448841821921414308e+00 5.275084065909037001e+00 6.190042535938797386e+00 4.467217810762998731e+00 7.330771004459129436e+00 4.904310218760554285e+00
2.249793665463662329e+00 9.234690341849407957e+00 8.987259669274839879e+00 7.063200821845583732e+00 5.874293945520991045e+00 5.690745578344158950e+00 6.120103469187995415e+00 5.462910407011113634e+00
5.116480207351634668e+00 4.538873651922361141e+00 1.115113059946857810e+01 5.932764952601021768e+00 5.395338871766258038e+00 9.786505044022723254e+00 3.099883725803691981e+00 4.686876120732038409e+00
4.610333784227557352e+00 5.398586865609035890e+00 1.080187062677983079e+01 5.066114440959273324e+00 5.112876590392110288e+00 8.542779444699657887e+00 3.974898606912004695e+00 3.699616046816773807e+00
5.130867916588502275e+00 8.073654877058942247e+00 1.099433222179690262e+01 3.262824008494363159e+00 7.596515524058572666e+00 6.818951009218836568e+00 8.084582310297895091e+00 6.239484456278415081e+00
5.072226884288104642e+00 6.522834518009692495e+00 1.075578660275478349e+01 2.819361616073189580e+00 6.165763981030742080e+00 6.940557660473533730e+00 7.078996166264486689e+00 4.778721122810436484e+00
6.397590603919340424e+00 5.449684436615730654e+00 1.224814766789970655e+01 4.071800707338026015e+00 5.643443990513521413e+00 8.352012672604791632e+00 6.876459695839509223e+00 4.744626687897091522e+00
4.601278685475774566e+00 7.988664057609705438e+00 1.037749436696390859e+01 3.935214487261989635e+00 7.481462840077249155e+00 6.084459383693507917e+00 7.769656069461586156e+00 5.241939314682028339e+00
5.236506240361196163e+00 8.599408466776479187e+00 1.089526280474141551e+01 2.793392072724210973e+00 7.764223155166527945e+00 6.263781348091999490e+00 8.246331280034837619e+00 5.541470838303663271e+00
5.619316315795920502e+00 6.895381081014956060e+00 1.155188639591228572e+01 2.960944025336113228e+00 6.904514339624440389e+00 7.574322174352086989e+00 8.231299105686122886e+00 5.568062215582260777e+00
5.993793710215842729e+00 7.449701652261909501e+00 1.195907180248708457e+01 5.169787737313620291e+00 7.418199554066192469e+00 7.436173588923292499e+00 7.510075664246538274e+00 5.254400170393718206e+00
4.152042949983929532e+00 8.373668688487281742e+00 1.014665805079599181e+01 4.774031561484646247e+00 7.164347247404268870e+00 5.772048621466849383e+00 7.225549075154632739e+00 3.979437949453444645e+00
6.238542309602530977e+00 6.756676410929189913e+00 1.140336345580433886e+01 2.125083489376027757e+00 6.960936423786101557e+00 8.146322472885486832e+00 7.684915821801629576e+00 5.327830934783092331e+00
6.009429724743653445e+00 7.069520445447193602e+00 1.177869306102679658e+01 3.096751687001192188e+00 7.326759124283707791e+00 7.494899209232180226e+00 8.236966968025674518e+00 5.989071112355746962e+00
4.957285209303423201e+00 8.120103554400031953e+00 1.029486846762446284e+01 3.296811216879281137e+00 7.221097339908602031e+00 6.521981745099129313e+00 7.386186694400223018e+00 5.448394310217047121e+00
6.989109375244458633e+00 2.856541924303096724e+00 1.284762351859479246e+01 5.436317165663910878e+00 5.571488117918744543e+00 1.029699341764895770e+01 5.681607257641011266e+00 5.815904642220640852e+00
5.015425810319429800e+00 6.793108488190157779e+00 1.106702594274973173e+01 2.672055984106144422e+00 6.364989384553489948e+00 7.908923768117733566e+00 7.211468972681541523e+00 5.434700290676486745e+00
6.651149896760877311e+00 5.984251669301663412e+00 1.167868910343929834e+01 3.382622596888078981e+00 6.822080750497192980e+00 8.917736721012342826e+00 8.289513337350868483e+00 5.681040989517990525e+00
7.026094630457333956e+00 3.535236856853102516e+00 1.247161845185047468e+01 6.082529593219710762e+00 5.464405899814721579e+00 1.049228966678909813e+01 3.559069088497999189e+00 5.974722397691252240e+00
5.555022857170614614e+00 4.268459134696548141e+00 1.155772561260013731e+01 5.442829120358102735e+00 4.844534964115537967e+00 9.413220888492388028e+00 4.794196884806583014e+00 5.071737228615178061e+00
5.336393773573437471e+00 7.730195942950923715e+00 1.053746120207736325e+01 3.159602674847920678e+00 7.119788820787471550e+00 7.192741015951656713e+00 7.353382991329756813e+00 5.629247477087730545e+00
5.728640464287958700e+00 6.811125873448738766e+00 1.141097347442239318e+01 3.732847405827495191e+00 5.845439848171095854e+00 7.449838037118505341e+00 7.077254740747593864e+00 4.846120233456994164e+00
5.170986457114242540e+00 7.081184863815852104e+00 1.065965052050898976e+01 3.974576702433713749e+00 6.290521779436841321e+00 7.105505520324384428e+00 6.417137021069613922e+00 4.756647430252094466e+00
5.979533560536629544e+00 5.867519809722231194e+00 1.124158122584564090e+01 3.859183108497603598e+00 6.423979293230875243e+00 8.087807282083980809e+00 5.934302956944859986e+00 4.134420316806061813e+00
5.010467162642171068e+00 7.592687687090315940e+00 1.063671574965484901e+01 3.675664337622810418e+00 6.962056137636406739e+00 7.181627241046681043e+00 7.032000134417390136e+00 4.912339497424312640e+00
7.733591113356687252e+00 2.455546554645284374e+00 1.326314648013832986e+01 6.300771919711571023e+00 5.133239444275127461e+00 1.086669082998242430e+01 5.982808234202743769e+00 6.297467684656681719e+00
8.038142735173996911e+00 2.086125940418743774e+00 1.353965910823866636e+01 6.769670898075415444e+00 5.309953854510490956e+00 1.101900344291726874e+01 5.489311652670157748e+00 6.030510656767499533e+00
5.979441553308410207e+00 6.109757473684589435e+00 1.068077035141096509e+01 3.011119548992333250e+00 7.213919724537997347e+00 8.084570008849041756e+00 7.482555623622816121e+00 5.359230274134180405e+00
5.353083968745684373e+00 6.996064005317523815e+00 1.126816960335386497e+01 3.072929712113461775e+00 6.894151436112197828e+00 7.581294294512008314e+00 7.361155174589022465e+00 4.983252192753332643e+00
5.676839573464794952e+00 7.125468549682823394e+00 1.084349560575276428e+01 2.163284789989434298e+00 6.982800754294735235e+00 7.521698189238921195e+00 7.793029491004598519e+00 5.474752558560820326e+00
8.185507886942867017e+00 4.293053259357991536e+00 1.315884440489133844e+01 5.422421321100814318e+00 5.941984288303268080e+00 1.137419737523456931e+01 6.799713534916563162e+00 6.879799232211158078e+00
6.706048814498361210e+00 5.842266353589439909e+00 1.150859591015374939e+01 3.065379734964969405e+00 8.404100261582550857e+00 9.249649355310092247e+00 7.390056455204796038e+00 5.490848120771081753e+00
4.402582545196906061e+00 7.544881137412066785e+00 1.040950372698023330e+01 3.094852123007768796e+00 6.956956539335140022e+00 6.554134391743316357e+00 6.971097950641563123e+00 4.987530512247591474e+00
3.113124386290698542e+00 8.876889984680477852e+00 1.004754805882861213e+01 6.171754405447750891e+00 6.417623009416976387e+00 4.122650056165997334e+00 7.561712306818732188e+00 5.412354671292015418e+00
4.881379406579442914e+00 8.155688452950800027e+00 1.028248631219872244e+01 3.628988689774051313e+00 7.169076744526743816e+00 6.872199841725153746e+00 7.491098248379848279e+00 5.310356075644979690e+00
5.722213630964640529e+00 5.570895197293810774e+00 1.141555994416508391e+01 4.142440847023489248e+00 6.812098066471575564e+00 8.846121337691750242e+00 6.280382421609911781e+00 4.796939146883298477e+00
5.152942655639276559e+00 5.135648897763324783e+00 1.107731030246047332e+01 5.165446855670827730e+00 5.325749662993153777e+00 8.524518698276684958e+00 4.579522085078196802e+00 4.932354181953017225e+00
4.912109829380557180e+00 7.328712638588511297e+00 1.040155632524702867e+01 3.099340128836232555e+00 6.636188689412958475e+00 6.959169115353516233e+00 7.175215612310672064e+00 4.700559707058165060e+00
4.552823618658924154e+00 8.299573402049730930e+00 1.003353209822739700e+01 3.748111992263487124e+00 7.501172485299953507e+00 5.616599711472261447e+00 7.986860992632710321e+00 4.898115173514037579e+00
4.925965417293137527e+00 5.519898868499537592e+00 1.074222173556869109e+01 4.672260646712160792e+00 5.950734282698934230e+00 7.892431601488939741e+00 5.821223059149825296e+00 4.501086935332433647e+00
6.935089118952030951e+00 4.429633315778100489e+00 1.264918701045070826e+01 5.480284672388645362e+00 4.977756853810989313e+00 9.695902149492871658e+00 4.719179320740712669e+00 5.573778578012896112e+00
4.740056913079101264e+00 8.351719707915695068e+00 1.023246181541441935e+01 2.987432254913929164e+00 7.746686055500647150e+00 6.598940098136966803e+00 7.859194402119877410e+00 6.102628450495990897e+00
5.489803497931807996e+00 6.256619841483710864e+00 1.148414194264953814e+01 3.718842571157183752e+00 6.311815186942470568e+00 7.338482242461045857e+00 7.677054857225514617e+00 5.236002414776567804e+00
7.778819385949757859e+00 2.541383971437868539e+00 1.319284340278657552e+01 5.671786464579384734e+00 6.017017444440050156e+00 1.073762866931634186e+01 5.885908684776516964e+00 6.088460426811789006e+00
8.923290765584894757e+00 0.000000000000000000e+00 1.413805340875699379e+01 7.220083376014347465e+00 6.014837914380469996e+00 1.125318413982939347e+01 5.496912038881543339e+00 6.880915623379070922e+00
5.436497848052211701e+00 7.518295780779270743e+00 1.083084813057139151e+01 2.696679237020120912e+00 7.115568517371175794e+00 7.382280698726251700e+00 7.859780791604896955e+00 5.455170991182737517e+00
5.558352971594294090e+00 7.467988816063569679e+00 1.057443578773860615e+01 2.260262905628576569e+00 7.232063474543794612e+00 7.623715973645048827e+00 7.554563278154738271e+00 5.363282544993335677e+00
7.553281017806649622e+00 1.950946797581402103e+00 1.337619776047328202e+01 6.406123185562224265e+00 4.899697031429328220e+00 1.067623706477348833e+01 5.390007442230957402e+00 6.270717436235014652e+00
7.495521679833860418e+00 2.645638730328728538e+00 1.353953827495180562e+01 5.639144172079347150e+00 5.572099320212064555e+00 1.064133790395039192e+01 5.613065560184572256e+00 6.126570620843630799e+00
5.096323452038483914e+00 6.003328701780653809e+00 1.110506737458305970e+01 3.719272471903342314e+00 5.620903221592152832e+00 7.240365880427010126e+00 6.676978685264664648e+00 4.617605401096544604e+00
5.242517653217078966e+00 7.040918238424168862e+00 1.139879988101300867e+01 2.910798549910581734e+00 7.068822572385209391e+00 7.374477142582495759e+00 7.239637418288416448e+00 5.820519606413220082e+00
5.129760644323846819e+00 5.078199636557643615e+00 1.149435039209494391e+01 5.937551330295779195e+00 5.429236875134870743e+00 8.776491683230334573e+00 5.652724343584065281e+00 5.070508809691467889e+00
6.773889666655431796e+00 5.015864948609030094e+00 1.207692586973034388e+01 3.801272325723440204e+00 7.098298822871869085e+00 9.156310760510061542e+00 6.509926935484561916e+00 4.960201878143618792e+00
7.663332768728003508e+00 2.954691527584043076e+00 1.341332786428597323e+01 5.674213164813733279e+00 4.787946718568683480e+00 1.018495513162936206e+01 5.929328982848653062e+00 6.333256188217458948e+00
5.486371415433938914e+00 7.086349937066031224e+00 1.101439718730179784e+01 3.984405956712202546e+00 6.070079025262138828e+00 7.549081190107047590e+00 6.571772922763894798e+00 4.947575014145606964e+00
4.874008121667949389e+00 7.884921109063125932e+00 1.057780296692539324e+01 3.765886731657419606e+00 6.673100121926625938e+00 6.837307288659911997e+00 7.486412139062387006e+00 5.237779655339206641e+00
5.998609324673886967e+00 5.552008193093332267e+00 1.176152248010785328e+01 4.297784435293064753e+00 5.917884893642749944e+00 8.677040197366840957e+00 5.675372244834522739e+00 4.871475629716334410e+00
5.851788222202452872e+00 6.481980173831483505e+00 1.122503764256723535e+01 2.625105823553001372e+00 6.767453646305043868e+00 8.022916120053681155e+00 7.892350056497261512e+00 5.712038937235033309e+00
5.833715539282898987e+00 8.597720871018566413e+00 1.045777438491731282e+01 3.375383351993326286e+00 7.763178444847175896e+00 6.425604558062247840e+00 8.647780136874420265e+00 5.159710365622683703e+00
6.655336941753915880e+00 5.732243632726673255e+00 1.191237314844731898e+01 3.103228015340415702e+00 6.481789043275894002e+00 8.681401352951056083e+00 7.186229258975327383e+00 5.023453501983686564e+00
6.399669628223673357e+00 6.056329315775017541e+00 1.176895803862575640e+01 3.205427208287662033e+00 6.772181987115794222e+00 8.532492554037006016e+00 7.844080039725101372e+00 5.485587633021649978e+00
6.639927100760337986e+00 5.796386497103839908e+00 1.193453809453622050e+01 3.934422206613180428e+00 6.091090119716620066e+00 8.777479087425376747e+00 6.157942210595021670e+00 4.699276923956907659e+00
6.829450494711201358e+00 5.298257969128334466e+00 1.174553577774068813e+01 3.753525248854036267e+00 6.776430720389528872e+00 8.925350681215055815e+00 6.736727329991265556e+00 4.959240588381121917e+00
5.680528630940735013e+00 6.348236590668264512e+00 1.148694610563363661e+01 4.023955534848171922e+00 5.882322802604283751e+00 7.803556827944235330e+00 6.489520557478570595e+00 5.232772480956726646e+00
6.205749408035661219e+00 5.096544479658741800e+00 1.165675395665163272e+01 3.882711427527058667e+00 6.519116464388534204e+00 8.875049487069894383e+00 5.442945155082680841e+00 4.366818427088933419e+00
4.711085758461242889e+00 6.526804343803778607e+00 1.139071061299975263e+01 4.079767961222132477e+00 5.976712869341326950e+00 7.105948466814835385e+00 6.854967306451166031e+00 4.752731219925606432e+00
5.752216668572425640e+00 8.365191466688727928e+00 1.143987825698061478e+01 2.961942790957251326e+00 7.408090620169597962e+00 6.401038426818370652e+00 8.518027148669458981e+00 5.668925747465955567e+00
5.449027593364066391e+00 7.986386859817249828e+00 1.127852900221775911e+01 4.442511798978747706e+00 7.146472731785262766e+00 6.286507938384795935e+00 7.945246331500404935e+00 4.605943287822121590e+00
6.068901599397786839e+00 6.860536580021179276e+00 1.114245963826701669e+01 2.403992213432430969e+00 7.538123809309162482e+00 7.687421903489727093e+00 8.061438332661946760e+00 5.777238624190257354e+00
5.431643271736728451e+00 6.317053143876820265e+00 1.090144881357062090e+01 3.784432462354198279e+00 5.877238840187683167e+00 8.297150911805710294e+00 6.078601577226232067e+00 4.718661316330800659e+00
5.551311313212456966e+00 7.837361400324281746e+00 1.092208083478023362e+01 3.024016473973482277e+00 7.765996805185793939e+00 6.592468025587700176e+00 8.234762929486644012e+00 5.728985161396372483e+00
5.651296745871636773e+00 6.088857286282693515e+00 1.066506902270353230e+01 3.406695511137361354e+00 6.643561726214218588e+00 7.592791815960266533e+00 6.836438163625078168e+00 5.374751109774313029e+00
5.270306097809869250e+00 7.151069794759846054e+00 1.087396283607612801e+01 2.397368954309659017e+00 7.398928007731258916e+00 7.760439730712920259e+00 7.098793517802911346e+00 5.824832106461387049e+00
6.691670920630246933e+00 3.954794195302061333e+00 1.206409968399867161e+01 5.081043524868682937e+00 6.017529902496107752e+00 9.916205435219593411e+00 4.923540944415606191e+00 5.240422964730336197e+00
5.663339496302850051e+00 5.103734421224384477e+00 1.138865883568239390e+01 5.085771219009670219e+00 5.450749086540985999e+00 8.607342879115508438e+00 5.370990578408743943e+00 4.685999428858574234e+00
4.832088028163296300e+00 6.004955532603619694e+00 1.035674769067730772e+01 4.912965829467368373e+00 6.091613830581255939e+00 7.942235352660419245e+00 5.532056964288402767e+00 3.987247985697689678e+00
5.047397785745102006e+00 7.332293457580494334e+00 1.105783996404098168e+01 4.047913478253026831e+00 6.341451396022007359e+00 7.005773574782696578e+00 7.002578886224874566e+00 5.378481080253168400e+00
5.578618687615023219e+00 7.521876323695575906e+00 1.031718657838417919e+01 2.952955088809644302e+00 6.982719224846421824e+00 6.831487427014077518e+00 7.531508179985626938e+00 5.555674837686096268e+00
5.622431859025293299e+00 6.860752414069126282e+00 1.129166802560976812e+01 2.691291939314194526e+00 7.147420322876300247e+00 7.566133714091987095e+00 7.622820382748874302e+00 5.405709427472260131e+00
5.174891794491714769e+00 7.237726903290035985e+00 1.090606747268854981e+01 2.288339941354396778e+00 6.623360735018012591e+00 7.273575533258042292e+00 7.538241405323276467e+00 5.196682704279757203e+00
4.111940400723985256e+00 6.761336603442199333e+00 1.086072873589736076e+01 5.895910493843485867e+00 4.276928292832693934e+00 7.705538141050464418e+00 4.584169322673841585e+00 4.932490798840166946e+00
5.816137243139837487e+00 6.833559250461881618e+00 1.107973023305201821e+01 3.014945701398296762e+00 7.304646296374345482e+00 8.016659864958374015e+00 7.356333106849453074e+00 5.596088236115134507e+00
6.709424851842720194e+00 5.128726712253982356e+00 1.217180817389093939e+01 3.447212597241947396e+00 6.301130210877452065e+00 9.334790024975223588e+00 7.115503574543244447e+00 4.693734415359369194e+00
7.138165677719043423e+00 2.950774185465645072e+00 1.264540490104884896e+01 5.430066850501290787e+00 5.508432271956305470e+00 1.031820546360215829e+01 5.448719904748985599e+00 5.587105998420161868e+00
7.957488732008952681e+00 2.207102365774803232e+00 1.372438671911542762e+01 6.108233035266377620e+00 5.962119958378364615e+00 1.096776462425773957e+01 5.810183000378568607e+00 6.393243646238212285e+00
5.536755689192775165e+00 4.351323216460903254e+00 1.138590312041839958e+01 6.045224526691660216e+00 4.714543208111591888e+00 9.560069628047227042e+00 3.720426192647391606e+00 5.570438663271823465e+00
3.717402304417813053e+00 6.358693818191908598e+00 9.923046142527129021e+00 5.498747470654785197e+00 5.261996934064722353e+00 7.936962474913913823e+00 4.352168970996475927e+00 3.936710039061827704e+00
6.306800839848536455e+00 5.871558978073728063e+00 1.153319597409054076e+01 3.610119672292035897e+00 5.813830366120305904e+00 8.296852031897993029e+00 7.423724469743813614e+00 4.301789082547500698e+00
6.409485594321230550e+00 8.325352749925254869e+00 1.152609638324387653e+01 2.311544794615285170e+00 8.207579795685838064e+00 6.862312481783207296e+00 8.694603504217443657e+00 5.986301148067758149e+00
6.881975497831710697e+00 3.526001200477936415e+00 1.294502403432304050e+01 4.912341315151152799e+00 5.637839352032564477e+00 9.964074099873903023e+00 6.327034330668893425e+00 5.266420424204536488e+00
5.607451238261526250e+00 6.528472171717442762e+00 1.082473122568451274e+01 3.071368806376618021e+00 6.261184446634658229e+00 7.367025914480346493e+00 7.337995761968210573e+00 4.767932584854103872e+00
6.396587368261638318e+00 5.440646560449216018e+00 1.189649863444902422e+01 3.534399191126962769e+00 6.324411930647881874e+00 9.129455228112098197e+00 7.212515373451749312e+00 5.363879619788234798e+00
5.823520821607449882e+00 8.203022918171543054e+00 1.102685624583255475e+01 3.279787779356226451e+00 7.408040400806084946e+00 6.978156274594116582e+00 8.274694309646488222e+00 5.251545171872538553e+00
4.967856655969562496e+00 8.210838957308990160e+00 1.049128111544404796e+01 3.179885340176279662e+00 7.824420970242175422e+00 6.266129421020734114e+00 7.375640233637174248e+00 5.813899984808575283e+00
5.927782625859260968e+00 5.099954257311830830e+00 1.140729677692006305e+01 3.997871946045621794e+00 6.218549633118751530e+00 8.577769756977284388e+00 6.520130618114400534e+00 4.149828494997751527e+00
7.370920251486304586e+00 3.104234042934236548e+00 1.265913833153119761e+01 5.095617975320442916e+00 6.170085306016370730e+00 1.037895470297179834e+01 6.070291993385819040e+00 6.045192241938586619e+00
6.589611361704604597e+00 5.752124128335900366e+00 1.211839183963182087e+01 3.277343556964784632e+00 6.486365509929316708e+00 8.599637985498649329e+00 8.138025132137002515e+00 5.729036717287094405e+00
5.196478812821440307e+00 6.252659847692946471e+00 1.094195805783430586e+01 3.778288273217783821e+00 5.376778171631288572e+00 7.030095270038558830e+00 6.826125363910954036e+00 4.606880501308333820e+00
7.559724470455734924e+00 2.339638503953408666e+00 1.319290890466065314e+01 6.143795690919540142e+00 5.954485105627398411e+00 1.124577205666791535e+01 4.755425308307114740e+00 5.705485388406676073e+00
7.347515499755110646e+00 2.192166700365138166e+00 1.306111384264231212e+01 6.909740862779305992e+00 4.832623231663190744e+00 1.106160225434894784e+01 4.548129099338606096e+00 5.958075459499699633e+00
6.021252821051747084e+00 5.783306250715632757e+00 1.119223761701012521e+01 3.849528937008049656e+00 6.497822038629114338e+00 8.514732137284754643e+00 6.118313592355502095e+00 4.937282273233964958e+00
4.865461808119923681e+00 7.162201837505627111e+00 1.049736164232541213e+01 4.224959976297296471e+00 6.627413022271609222e+00 7.199450218211040919e+00 6.803193113205686871e+00 4.764405248704320250e+00
5.865916857229001025e+00 8.175394892887734244e+00 1.155074936197308233e+01 2.985891506742564427e+00 8.070986071961700148e+00 7.427552852716416076e+00 8.002384659273532819e+00 5.540153398590167200e+00
5.681746139778949711e+00 6.673700836141222226e+00 1.127978893732287169e+01 3.683187436076083898e+00 6.466329647459238217e+00 8.058984795321675776e+00 7.084483527025175142e+00 5.164793924862200569e+00
5.847269495305130960e+00 5.663893994178954117e+00 1.092708243033992588e+01 3.259580248610366215e+00 6.546998547206835717e+00 8.336360878301977806e+00 6.997042767681761255e+00 4.482792791680720867e+00
5.109795643022168044e+00 6.837381979103285268e+00 1.063621326116653520e+01 3.005481964711991694e+00 6.718784042365512299e+00 6.977517273032580292e+00 7.334710459214791811e+00 4.982186884513634340e+00
4.192097487969339120e+00 7.727496182986976159e+00 9.990685246848661549e+00 4.185212403877563325e+00 6.042131391482266523e+00 5.597792797247898022e+00 6.885631865072283198e+00 4.949183873149909374e+00
5.919915524204428792e+00 8.674741822387735724e+00 1.077819478236803796e+01 3.360029006778634475e+00 7.793823488319819859e+00 5.864433270834987333e+00 8.519818319651710326e+00 5.427523861435619601e+00
5.150024741493304248e+00 6.232580859031144449e+00 1.061133699652165774e+01 3.637197817637731312e+00 6.329922248153364350e+00 7.242259597555414707e+00 7.321971932477579159e+00 5.174655442573945052e+00
6.345252239362363156e+00 4.891294227241798076e+00 1.198878342049209422e+01 3.794650014159318019e+00 6.259825743717851054e+00 9.230448377206405652e+00 6.402004057104230483e+00 4.815689008565809281e+00
4.648881593885541896e+00 6.288468845180898548e+00 1.083389891970026042e+01 4.430122933079851499e+00 5.844862534006194821e+00 7.202324336233966839e+00 5.993190878235072461e+00 4.406408044705352189e+00
5.267717410845061288e+00 7.718591960548257802e+00 1.088072928106744541e+01 2.421928624664852148e+00 7.364972497544657770e+00 7.426537614749826766e+00 8.017631179616881099e+00 5.755223340083578165e+00
5.991338014164274028e+00 8.651457979989395142e+00 1.097981772563809066e+01 4.400755832179500615e+00 8.590777894772456236e+00 5.946847570246429626e+00 9.202227823431380571e+00 7.024813079022745654e+00
6.873214220585462719e+00 3.159801196999889150e+00 1.245395859290634277e+01 5.346971132804717364e+00 5.569621246386762259e+00 9.946024514948160089e+00 5.012583969275223872e+00 5.430668128897170099e+00
8.163414106934730796e+00 2.386308638178076258e+00 1.375106039258166035e+01 5.767468344660341195e+00 6.079216239304502167e+00 1.117935081342694836e+01 6.006987116230375179e+00 6.415645427735015893e+00
6.182544120512190489e+00 5.670957693515719988e+00 1.173007997374729783e+01 3.912202452510595840e+00 5.864764178290951868e+00 8.273561268404186819e+00 5.800591359463728836e+00 4.590670202634843378e+00
5.059192592802487454e+00 6.796226734627642152e+00 1.103403317800344041e+01 4.652902456001764442e+00 6.253055479950990758e+00 7.544520402263747094e+00 6.299677751599479514e+00 4.646622606343485451e+00
5.772489036679575136e+00 6.982887795515392071e+00 1.102732321526602277e+01 3.547620288547560286e+00 7.029950766761629666e+00 7.347305031896025795e+00 7.439192766933612866e+00 5.404774451693731052e+00
6.039834462815251825e+00 4.658298061327704076e+00 1.171014639306716631e+01 4.427751411471450460e+00 4.973492119277358903e+00 8.620309678207382476e+00 5.705543410939712068e+00 4.598351967995420786e+00
5.949984602107875276e+00 5.736942255588799000e+00 1.163740739436283178e+01 3.736621279221799430e+00 5.790666812862146351e+00 7.815218466244073348e+00 7.259165928463931827e+00 4.434206650177183739e+00
7.293537131242012528e+00 3.014818201611156656e+00 1.266633428071807543e+01 5.643319654070009683e+00 5.795358696335039639e+00 1.046626215530034187e+01 5.276221693953695002e+00 5.958835263014649719e+00
5.053955269865300082e+00 7.175621814767334072e+00 1.075635421098626665e+01 3.198287488727344474e+00 6.915250976797874927e+00 7.369105021084605411e+00 7.219525781075113002e+00 4.662760199788087867e+00
6.321064018429308540e+00 5.545436510285521869e+00 1.171596419230363928e+01 4.646053437039000755e+00 6.790290182546399933e+00 9.279318949321167409e+00 5.631059661940542860e+00 4.651213347724597824e+00
4.784820809447797529e+00 7.015251677770485195e+00 1.030134958663934164e+01 3.536669544439097645e+00 6.804421195714303927e+00 7.213506568065621849e+00 6.989248000447518372e+00 4.618432265983344998e+00
5.896498374640046336e+00 6.588653674728986331e+00 1.172938549028028632e+01 2.141268653718841453e+00 6.737545355804893887e+00 7.839448180976718028e+00 8.030639794433245271e+00 5.394236973255298828e+00
7.042253382044739496e+00 3.885021711662499655e+00 1.281532764951214709e+01 4.530539137956351325e+00 6.092304719739008334e+00 9.661127316105215357e+00 6.599265675934134379e+00 4.703839986431411546e+00
4.977080819287346358e+00 7.392865094772173684e+00 1.102054598157396903e+01 3.606208266278409624e+00 6.697739030801171722e+00 7.070106618941712995e+00 7.030888518619719640e+00 4.655718384663948939e+00
5.752593846531979693e+00 7.834839545534101113e+00 1.102744169878523017e+01 2.666598980274321296e+00 6.980687857262189766e+00 6.462802989193502157e+00 8.589267896500118127e+00 5.731294113495370546e+00
7.990148529997185278e+00 2.454380938986013838e+00 1.333415149902877950e+01 5.926882319464572113e+00 5.948825137494385906e+00 1.094579518652881411e+01 5.878264220685782249e+00 6.252984987180548515e+00
4.972660984036387788e+00 8.510955623343697596e+00 1.119220997684343644e+01 3.366221486465974522e+00 7.331547745744550149e+00 6.590887696960613162e+00 7.924899065063100601e+00 5.382203851713430964e+00
8.698860791640360191e+00 1.964285029820400652e+00 1.429411584397047186e+01 6.796512780201851456e+00 6.290396218318712762e+00 1.071755818392441384e+01 6.377710134065631031e+00 6.881194409929297429e+00
5.897559215998925630e+00 6.184553731721788239e+00 1.115400738420040838e+01 2.791388654246572898e+00 6.936728033884838496e+00 7.957717293588620677e+00 6.814723413107267369e+00 4.727591436212129850e+00
4.671869108768103906e+00 7.571963003832220096e+00 1.027223686603508668e+01 3.248057883713714844e+00 6.947183840081571304e+00 6.378137656011948486e+00 7.493574315667647312e+00 5.082189912584439639e+00
6.690081629658960694e+00 5.254598677710672128e+00 1.193593463109796105e+01 3.285922410921099157e+00 6.911019774914038294e+00 9.019732485485739915e+00 6.477651529056739577e+00 4.866230690716858653e+00
6.414658268128012431e+00 5.922923722465748497e+00 1.160000457038904642e+01 3.123029445412901950e+00 6.441642687421684776e+00 8.672908717832420677e+00 7.417615575522431115e+00 5.097254396092827378e+00
5.527033038660282394e+00 7.447901523254389922e+00 1.149961284235393322e+01 2.524969849168045233e+00 7.040425401619751611e+00 7.286604624215080150e+00 8.079917081005387303e+00 5.905637779983106128e+00
6.909830789928959938e+00 5.130932848251134715e+00 1.200650942696782231e+01 3.613662608401568832e+00 6.704612298797840708e+00 9.014140158345767873e+00 7.066334312762685421e+00 4.858645250838244500e+00
5.845382715907883941e+00 6.589695455179358063e+00 1.149914166344731115e+01 2.790815114891352255e+00 7.067836922502971575e+00 7.788531448087098852e+00 8.084730994635902945e+00 5.586115822262263109e+00
6.170422326402206892e+00 7.349023492616856501e+00 1.137546766682278765e+01 1.721545076374284555e+00 7.777163733769656417e+00 7.957230305607023269e+00 8.234202419806340600e+00 6.001634991680266928e+00
6.092693628681389306e+00 5.700692686992253400e+00 1.126850674798950891e+01 3.612699385987550027e+00 6.594147126467717612e+00 8.487748398118505122e+00 7.506291885439313916e+00 5.520484085551378151e+00
4.766178367728208798e+00 7.502202833901194801e+00 1.069527474136122613e+01 3.347703163136758420e+00 7.023656982698293305e+00 7.127392620165492687e+00 7.208098788070974372e+00 5.427958882641767957e+00
6.724122876410537408e+00 5.947851092185809208e+00 1.262320008611970223e+01 3.877240847067083607e+00 6.382482624192383547e+00 8.861157894839580607e+00 8.000438966423002896e+00 5.650134660245418772e+00
5.657587450155910247e+00 7.550234999406255199e+00 1.138173546274125414e+01 2.667828930277811317e+00 7.665640951048557916e+00 7.155654684235731366e+00 8.429233576760305269e+00 6.285417332769357657e+00
5.548164843221333520e+00 6.506146131009506561e+00 1.090084815797811046e+01 2.823220499788668292e+00 7.042587849107880160e+00 7.844337121973197213e+00 6.930806552309932478e+00 5.210723735242931198e+00
6.806354394249156670e+00 5.213037865804474258e+00 1.214413567140137751e+01 3.670631958619391622e+00 5.494348247815832309e+00 9.137706304609752195e+00 6.196989576048897774e+00 5.253034160189605117e+00
6.365605285277413650e+00 6.588539562410376860e+00 1.145998637080002425e+01 3.761963542100366986e+00 8.105380619185176272e+00 8.717494863525686810e+00 7.427240991557637173e+00 4.169823671566000201e+00
4.854275135937359487e+00 7.686681503450278008e+00 1.059177617506337832e+01 2.603924958852783078e+00 7.469483260630562782e+00 6.948239410222599943e+00 7.484272943210751095e+00 5.263746687240638877e+00
4.622700809759873408e+00 9.075539374571757634e+00 1.022258393378756303e+01 5.153825890209403404e+00 7.439554944529443326e+00 4.617041799068756447e+00 8.486725899934816297e+00 4.996453400715788362e+00
8.481255091446209704e+00 1.880174954239301588e+00 1.381745756860592067e+01 5.920719753670303120e+00 6.291087465244500798e+00 1.143249351857955709e+01 5.621377338328337636e+00 6.261919922162983099e+00
6.821680841004652329e+00 3.051943042390840244e+00 1.251534126172466799e+01 6.309204346812865793e+00 4.833203025461517477e+00 1.028177663024949062e+01 5.113094853205579327e+00 5.652762318376971074e+00
5.610698060037720758e+00 5.950451913694781325e+00 1.102790779557319212e+01 3.405072089645561295e+00 6.047744883887146372e+00 8.297361995667376533e+00 6.386330339312980442e+00 4.268592964595386618e+00
8.532690726928278124e+00 2.396398106369215242e+00 1.398727980217918088e+01 5.818154405075752322e+00 5.663989407881962812e+00 1.067371448834155956e+01 6.316953323886531635e+00 6.606686710238160565e+00
7.247282701550613382e+00 3.268065070782998571e+00 1.271687880743398757e+01 5.106408194290163571e+00 6.305944699466742520e+00 1.056971986827597654e+01 5.410553522353205302e+00 4.874534775451257573e+00
5.980101994819614575e+00 5.155962495956374347e+00 1.187583958426028019e+01 4.229347815895393659e+00 5.676187537392408444e+00 8.438479004952093021e+00 5.648827811690343204e+00 4.293475668614279428e+00
6.796370584448720997e+00 3.511200100849610983e+00 1.246355332115964920e+01 5.017206045126819447e+00 5.978410676870291596e+00 9.824829617747882438e+00 5.736268614502873397e+00 5.063279784756906210e+00
5.998466540574350248e+00 5.444857706841088607e+00 1.152738445265397971e+01 4.276806464103076522e+00 6.658593137574590592e+00 9.151872154756777178e+00 6.279711455557409394e+00 5.110198737245600142e+00
5.794440155430982564e+00 6.697694110734104811e+00 1.097777516625947314e+01 2.808586723636886440e+00 7.118118082240296296e+00 7.647742270312943624e+00 7.337909291951207891e+00 5.381523284294902787e+00
6.145564727885391321e+00 5.258184520076264690e+00 1.193320435989260453e+01 3.523661777810399354e+00 5.865604108460573229e+00 8.771584179717768492e+00 6.822975245837612945e+00 4.734751845071177634e+00
5.324540985055465470e+00 6.869181599770401547e+00 1.094286393517475098e+01 3.568650976374375006e+00 6.387029321879982291e+00 7.198151767614616503e+00 7.368731069604742778e+00 4.971621372502568192e+00
4.986357439401473357e+00 7.830169715597514291e+00 1.056940529505465776e+01 2.876359348960879636e+00 7.427514482169576659e+00 6.596668641908633113e+00 7.991264805090978030e+00 5.477811487597818108e+00
4.809272280675471301e+00 7.588944129326282706e+00 1.063947901606257851e+01 4.048919552541928368e+00 6.854484779711944142e+00 7.070017384302759389e+00 7.065711795963890651e+00 5.334808977718810574e+00
5.285081181800767247e+00 8.408946385913713684e+00 1.050300085415780593e+01 3.216042087827053475e+00 7.175601870251793635e+00 6.557869340110501710e+00 7.937459023592698060e+00 5.981298089278657137e+00
4.956777336444192272e+00 6.878384624773975276e+00 1.067060612231466266e+01 3.050089911970736534e+00 6.806436899968267618e+00 7.569121603311221413e+00 7.103133194883757717e+00 4.791750186782240739e+00
5.023159585613547584e+00 6.748633360376654622e+00 1.072859738669763452e+01 2.593972074032045327e+00 6.883506618835448343e+00 7.792945687979863756e+00 6.829729592216613021e+00 5.156324284263253510e+00
6.117931888451832556e+00 4.974506850853442685e+00 1.165791257536174896e+01 4.485411320195025198e+00 5.955700514298336579e+00 8.850667754074420301e+00 5.139607375746903628e+00 4.388300442687718572e+00
4.762796628368116458e+00 8.140316741996928229e+00 1.035831401917239880e+01 2.974174848330495280e+00 7.735149982947382874e+00 7.015552713192476197e+00 7.480991723356347656e+00 4.939085679080458036e+00
5.378652673952636576e+00 7.993780813815345887e+00 1.062281590766412798e+01 2.350330665291817223e+00 8.352524743145577801e+00 7.322199564586818532e+00 8.050399469619726744e+00 5.632352286787350337e+00
5.830522418463635503e+00 5.987738922560930988e+00 1.093551883667474733e+01 3.214332071616698983e+00 6.557418977531154880e+00 8.045540069878848399e+00 6.802961152411426404e+00 4.447293885309308692e+00
5.169789892687283839e+00 7.282413714055853582e+00 1.052744715046968516e+01 3.249928302834528715e+00 6.738246563413873069e+00 7.541993754678197881e+00 7.161797331638824815e+00 5.446437898904967767e+00
4.576040210785024875e+00 7.058282151622163880e+00 1.031779839269325372e+01 3.393608027852788478e+00 6.290780729396098891e+00 7.157007718244082994e+00 6.142178418820723351e+00 4.853002928737964794e+00
5.698841487112300541e+00 6.236599182175728728e+00 1.098883319499329225e+01 3.355653009608055903e+00 7.157389594373917419e+00 8.759211514947779165e+00 7.092474978759353732e+00 5.646974280322743844e+00
4.981980854941532755e+00 6.879529989458617045e+00 1.054681486390472323e+01 3.378673830873478945e+00 6.334290298868040736e+00 7.389517962988443323e+00 6.556242184169127185e+00 4.440688730014930030e+00
6.706052140552314356e+00 5.630993731581783734e+00 1.209854516492378451e+01 4.145459616562619409e+00 5.196977393141192003e+00 8.824099875253670788e+00 6.104679917947995804e+00 5.396470631557535036e+00
3.467156803844027024e+00 6.978847620353541892e+00 1.015596400689159928e+01 4.589517471706005658e+00 6.673631823804718977e+00 7.227324291737147632e+00 6.788138263878027878e+00 4.771801159173150175e+00
5.476807905955125122e+00 6.419378559515299010e+00 1.112553254859736285e+01 3.129449905213609551e+00 6.644069526700582706e+00 8.007865836328235787e+00 6.616806991649499814e+00 4.728397110553962612e+00
4.802692459578506323e+00 6.864049118862152632e+00 1.078886497964714763e+01 3.735863199228606213e+00 6.382890185598800059e+00 7.197685906373846088e+00 6.616564343330022524e+00 4.821265895993228412e+00
6.061127121563245623e+00 6.286623305546205742e+00 1.159480232566826174e+01 3.911452389490793990e+00 5.919308662700023760e+00 7.663351902693254836e+00 6.981526854231322687e+00 5.339592016462015422e+00
5.411052994804308014e+00 6.602348630594962131e+00 1.060420136834393290e+01 3.308152214709880745e+00 6.279833305071694127e+00 7.887522981786804444e+00 6.602711354772143437e+00 4.947610310818382651e+00
5.853867680251671146e+00 6.968860755396727669e+00 1.103529794364037642e+01 3.946446790034163321e+00 6.993179380308649051e+00 7.962322824962581258e+00 6.693209375241962356e+00 5.223592884405702463e+00
5.714334433737771057e+00 7.941400087992731116e+00 1.111124294198705797e+01 3.067331773855173083e+00 7.986930383770999065e+00 6.849896850808820936e+00 8.227663402562159334e+00 5.755697847578976400e+00
5.430501812806919126e+00 8.526667472788293622e+00 9.949782257770610983e+00 3.746916732760345425e+00 8.910768586720621443e+00 6.124174349363880054e+00 8.262741518011280206e+00 6.177073153251999571e+00
6.255839850675075198e+00 7.064572069574880153e+00 1.168182846355014703e+01 4.124248390796528163e+00 6.046029222436066775e+00 8.271652072844256409e+00 7.114536505537804700e+00 5.322147571736202565e+00
4.599272191026531509e+00 7.692826957859975501e+00 9.989792925727584816e+00 3.920861599694053456e+00 7.049155140896020022e+00 6.028190691507628429e+00 7.565291867998479525e+00 4.685992532827977008e+00
8.496437033533556615e+00 1.752823150251634710e+00 1.392528519197540682e+01 6.693477623679042310e+00 5.983585916657468751e+00 1.089864495820426349e+01 4.920900097403018592e+00 6.716040392524380565e+00
5.993727953741958103e+00 6.088679795828769947e+00 1.097115998296214912e+01 3.383653466654522379e+00 6.724631388872017723e+00 8.450652224503967247e+00 6.627165070793061830e+00 4.405526625699227594e+00
5.979255422666835962e+00 6.399751167673241703e+00 1.117699078287331460e+01 2.667639887916408714e+00 6.228615096728176148e+00 8.500763099042272231e+00 7.113020311119274908e+00 5.209997890260142483e+00
5.244441313140142391e+00 7.429636182052592019e+00 1.086235614104277225e+01 2.645613029615640599e+00 7.550575381602770975e+00 7.262464861856807730e+00 7.787102342723210668e+00 5.722274196387862943e+00
4.850136521441668513e+00 8.464958482479540081e+00 1.039237061034897636e+01 3.600562969078803910e+00 7.606556966383303475e+00 6.511247151314281112e+00 8.070077745130321389e+00 4.754158844733590072e+00
6.100733886405097728e+00 5.179459434896246606e+00 1.129417844914470415e+01 4.615189926992864677e+00 6.941805718952947402e+00 8.981389599261504486e+00 5.713246208455919906e+00 5.017469392853483257e+00
6.460626488183741856e+00 5.278292828460355857e+00 1.202430954103612137e+01 4.427802647458133123e+00 5.985335573779809515e+00 9.051524644580814183e+00 6.352144019233405992e+00 4.979834503029159087e+00
4.715316766245949864e+00 6.699892284341130377e+00 1.090698699037726982e+01 6.109365285797673906e+00 4.684792684715948674e+00 7.976202801870616810e+00 4.783185971904369005e+00 5.404922636103941080e+00
7.759651910786112161e+00 2.701571170535839617e+00 1.294409578313449494e+01 6.829020136144818842e+00 5.169594029756984455e+00 1.069755919982838854e+01 5.342342629043828950e+00 6.583583156699873484e+00
5.335943278434224446e+00 8.942990122900626559e+00 1.121898173683473310e+01 3.558725916497426311e+00 7.800718758123858620e+00 5.930840242701389542e+00 7.881809351657790508e+00 5.744108185501070274e+00
6.360009392770823666e+00 7.374022260771507575e+00 1.097047290983486434e+01 1.938011880612245275e+00 8.543881657349443159e+00 7.907093780782851411e+00 8.103013844934768173e+00 5.168182858262806434e+00
7.305793172837160121e+00 2.476840435169940680e+00 1.289733582472453577e+01 6.142022595874965241e+00 5.864337524723025830e+00 1.092358561822042340e+01 4.712982237015373777e+00 5.514403343640680077e+00
5.838645377339059195e+00 7.836298269463297217e+00 1.083767931094394221e+01 2.660808930942831108e+00 7.490278371029035043e+00 6.701048356956018637e+00 8.072454020494948423e+00 4.881574866954380809e+00
5.132137141287109294e+00 6.898439509614977538e+00 1.103228673232674950e+01 3.172459009442083477e+00 5.668753173383143995e+00 7.095837055182672160e+00 7.127838854962691428e+00 4.734924426250772811e+00
6.782356628371275953e+00 5.662718233846667282e+00 1.193543107946222648e+01 3.276178510808075206e+00 6.414519116244397523e+00 8.878200942308133392e+00 7.638945886511772088e+00 5.188550103605115815e+00
5.453836147073799268e+00 7.366702792890309937e+00 1.082871506840283260e+01 2.005748704941833882e+00 7.524894321018344101e+00 7.450424348283607223e+00 7.493740888566433611e+00 5.354541106256966998e+00
5.423233249588657046e+00 7.103733049607758865e+00 1.065996376655248845e+01 3.345057727840473838e+00 6.711690536744806757e+00 8.067154393285012048e+00 6.575793554477940006e+00 5.242100461063008865e+00
6.442193793150746473e+00 7.220083376014347465e+00 1.107369856712751854e+01 0.000000000000000000e+00 7.902490842544135141e+00 8.423954862253804521e+00 7.892874601963979053e+00 5.912712070926366081e+00
4.717346767174974254e+00 7.317690293296744031e+00 1.062468010703855903e+01 2.640180713543736957e+00 7.014502515816422701e+00 7.145925563256771973e+00 7.175501406363267165e+00 5.532670629169750498e+00
5.477661528694026671e+00 7.433546931356776355e+00 1.045946693305090314e+01 2.561947973395728440e+00 7.471799979810446857e+00 7.052525033124299014e+00 7.867903703849956187e+00 5.095077591996667543e+00
5.455887330831733273e+00 5.976329042155067661e+00 1.084166338661998097e+01 3.609565740261101219e+00 7.208432017674270220e+00 7.854846318892736434e+00 6.704878476114012109e+00 4.259107965823553776e+00
5.401732417803981612e+00 7.847810061088463129e+00 1.070988681138404530e+01 2.453794985364408543e+00 7.606694928367743636e+00 6.376093317252228942e+00 8.163199445932978193e+00 4.964369806090746629e+00
5.988448464907826008e+00 6.585593368701539774e+00 1.119450438994659791e+01 2.550243955889828218e+00 6.415403429443963468e+00 8.081575449641590581e+00 6.953531326372430321e+00 4.547528116113755736e+00
6.340119649761621012e+00 6.574573235091470735e+00 1.188072258696307770e+01 3.326337296152265921e+00 6.518602241124028751e+00 8.305945972055813087e+00 7.476213354210296202e+00 5.507888599998412182e+00
7.006107217021572353e+00 3.707759997048186484e+00 1.300461835357711138e+01 5.497030183212872068e+00 5.166827827380847893e+00 1.013041440980702745e+01 5.168147190181716866e+00 5.790178460796022719e+00
6.985268272791619104e+00 4.240010540693933905e+00 1.245785738516733865e+01 4.471599165152284172e+00 5.931024705029594557e+00 9.853400596322865468e+00 6.016450361131064462e+00 5.074713487112999744e+00
8.632666904209145287e+00 1.440854068242842789e+00 1.401039927088257997e+01 6.471331330427616102e+00 6.173227502775595177e+00 1.109140698883383891e+01 5.508496349896757849e+00 6.791508688364205071e+00
6.142258760320444821e+00 6.945212491673703248e+00 1.164813397374011039e+01 2.976600123300230827e+00 7.752029313522892373e+00 8.053065091877487092e+00 8.414075230337452638e+00 6.097289749428375316e+00
7.543760532317117296e+00 2.683163221763050110e+00 1.343547715252575081e+01 5.573755108860741103e+00 4.960633624974370548e+00 1.064246461187995862e+01 5.988570103331665173e+00 5.956610059098012222e+00
8.381090689286807560e+00 2.015323508882814529e+00 1.389391692098633690e+01 6.661637088061728385e+00 5.521890751720007096e+00 1.080501923722889046e+01 6.089625865913600222e+00 6.547673160862123254e+00
7.676035021688975668e+00 2.067418225023634815e+00 1.351444400811936575e+01 5.904718234302561264e+00 5.518408727845249828e+00 1.091257116313028597e+01 5.310781657773033793e+00 6.282858876425106764e+00
5.097454583964692532e+00 7.063524605258312050e+00 1.101813584624262354e+01 3.965533818492385620e+00 6.757291682177859471e+00 7.232746713574377040e+00 7.062688328215411815e+00 5.469533332301149464e+00
5.842255383563832005e+00 6.628059156798974172e+00 1.077136705947725304e+01 2.314530934436240361e+00 7.315026550584280862e+00 7.304431769069772429e+00 7.599111452507732345e+00 4.890885796243733985e+00
6.646094432601036495e+00 5.797962152515031775e+00 1.170154070137538938e+01 4.286601950525960270e+00 6.213593992272228306e+00 9.053427069714645725e+00 6.115780154569293359e+00 4.983803571066151683e+00
5.663203253801530224e+00 7.719278184776188212e+00 1.020446674891942962e+01 2.588357311499297708e+00 7.487311300084048327e+00 7.471552526101748803e+00 7.136823342813430671e+00 5.347378318376672546e+00
5.493198618343579476e+00 7.301408283742147454e+00 1.114631285023936869e+01 2.283624738780456909e+00 6.791495325845618325e+00 7.723846606390955216e+00 7.321830678026278072e+00 5.216486068584350377e+00
5.526936284997546522e+00 6.063838509264019905e+00 1.063982231853451133e+01 3.422872032382340279e+00 6.881675818042387149e+00 7.871867439967464186e+00 7.013608735002144101e+00 4.582654084346091672e+00
7.745508093318764331e+00 3.121119070211595403e+00 1.293104170251881868e+01 5.687008883063637832e+00 5.758854348871316198e+00 1.106941249712822462e+01 5.026782887500319319e+00 6.061045585064706032e+00
5.732306722855925685e+00 6.745193082784548544e+00 1.134617812167913442e+01 2.482118256146617075e+00 6.486621294903113899e+00 7.998146298470056870e+00 7.635301982582848979e+00 5.549250885901988006e+00
2.644783622150993274e+00 7.920892124051983174e+00 9.855839287465636644e+00 5.792204261889467354e+00 6.019293540743618109e+00 5.886962267806786997e+00 6.575334669347451921e+00 4.124705522044691541e+00
6.319336829110814513e+00 5.888719173333772261e+00 1.152983692311800645e+01 3.805555364744148239e+00 6.628748460767489803e+00 8.613090757035950062e+00 8.473243060046659281e+00 6.475590949902488624e+00
7.921518211753800109e+00 2.357204402712955726e+00 1.343499895042928038e+01 5.742588204622152581e+00 5.243253556113201874e+00 1.074927576544404850e+01 5.896204522753731858e+00 6.186441805710054531e+00
4.997837755437233298e+00 8.067556762053856190e+00 1.083206693152087752e+01 2.927371362386570475e+00 7.105863152990659515e+00 6.321757169142346200e+00 8.024552644732782625e+00 5.124629252882017205e+00
7.579876929077722814e+00 3.689777072028991078e+00 1.319423612661392475e+01 5.169965450636269111e+00 6.549499446922279589e+00 1.072887181770370901e+01 6.951128564918877650e+00 5.461201727057155786e+00
6.134793220110704937e+00 4.034891775621772148e+00 1.226973047318503696e+01 5.358005858903854168e+00 5.262533245895812506e+00 9.575173305522548972e+00 5.643396885500941096e+00 5.041874888566058033e+00
5.243060750107730428e+00 6.621207472347361289e+00 1.090536286896440998e+01 3.478980917609857393e+00 6.079635994021126422e+00 7.886847986677392619e+00 6.594957928727126273e+00 4.310791457120219938e+00
5.343871607488419606e+00 6.552763836512443874e+00 1.091454344638500551e+01 3.354411950171571455e+00 6.292489667288602817e+00 7.694897654310612900e+00 6.657842739108394525e+00 4.194373340901816682e+00
3.468200385258793261e+00 7.020572613359084002e+00 9.938809703298627340e+00 4.442691280401401599e+00 5.836173535786992161e+00 6.059155927632619232e+00 6.183988057647260561e+00 3.564347197340087980e+00
6.727827992726671980e+00 6.099528942737380888e+00 1.161575139437612947e+01 2.853043376578860979e+00 6.744336788523674464e+00 8.942060033662334817e+00 7.127382648515745878e+00 5.508793973598166360e+00
8.152385033433853678e+00 2.639526810350003139e+00 1.345809671832816790e+01 6.153023735334136823e+00 5.710437537427194066e+00 1.086969287281159957e+01 5.023304164226522595e+00 6.708203321880618297e+00
7.796439014007275681e+00 3.542074957947869862e+00 1.302261286847212673e+01 4.908089072007073561e+00 6.340171040266005420e+00 1.071078089475777517e+01 5.911074799491922604e+00 5.429391116923639515e+00
5.380126115553446553e+00 6.512509399675070476e+00 1.122718034390295827e+01 3.414691235827354898e+00 5.886651661563864657e+00 7.392969936482169935e+00 7.386291942626262319e+00 5.121152490596122320e+00
5.159469017514763500e+00 8.322830461900384336e+00 1.048042652088458304e+01 2.505260585241353422e+00 7.313401149103619936e+00 6.885486735411856074e+00 7.264010188752631159e+00 5.743308449218359257e+00
7.296469719669672394e+00 3.288692032079198135e+00 1.324892034252112083e+01 6.704670243887643544e+00 5.127938313042106344e+00 1.084766259752125706e+01 4.369448237036892557e+00 6.312523065128415212e+00
5.422134683724458171e+00 6.911764822076601256e+00 1.081846728186113715e+01 2.912618041669490232e+00 6.883042126129895522e+00 7.188657497574890698e+00 7.305064818911148450e+00 5.016130033827813861e+00
8.324503932533795947e+00 2.202060814302729153e+00 1.348113735161301818e+01 6.535894078475622315e+00 5.640935069269358060e+00 1.136742730519474875e+01 5.057133022362120478e+00 6.667059091036538376e+00
6.885619095755250996e+00 4.378894194409886254e+00 1.182593023871276650e+01 3.766145277708328631e+00 7.502556271734361459e+00 9.760480505757222147e+00 6.635887455620261832e+00 5.102400080887126599e+00
6.267859793008851099e+00 6.339729138114980955e+00 1.151126653517330212e+01 3.924346602195167399e+00 6.112834481188068381e+00 8.486526858256487671e+00 6.114251321740188594e+00 4.675063160828065278e+00
5.927967690924022648e+00 7.822965783732108491e+00 1.106668765092380724e+01 2.092956794409017274e+00 7.635756225315796009e+00 7.220174318131974189e+00 8.288961128505951237e+00 6.185214014149766903e+00
4.819530778553371420e+00 6.724138667681807568e+00 1.090113172401246366e+01 2.586930578338746400e+00 6.718112730669300703e+00 7.663358041424145561e+00 7.308751282637818036e+00 5.571892939355853613e+00
6.617028144758801744e+00 5.802643157360569681e+00 1.177791524326633521e+01 2.790573161767200272e+00 6.782579493335821219e+00 9.032301989007212484e+00 7.391978269765585807e+00 5.305402694152438592e+00
7.670540394895574821e+00 2.644012266822746593e+00 1.363531478358241422e+01 5.652141910745243081e+00 5.917208821797553142e+00 1.092723037476669212e+01 5.623013819484809162e+00 6.104678006687627168e+00
6.070293563940418302e+00 5.840499036138058209e+00 1.189024467449465128e+01 3.551444848075176353e+00 6.568855617152618898e+00 8.108848444268371480e+00 8.217159138628643333e+00 5.946130553894297677e+00
5.621237066251159931e+00 6.986963403231385428e+00 1.067363097628333080e+01 1.902305099314430814e+00 7.859601828376277410e+00 7.670271978111524724e+00 7.372936078973525653e+00 5.143328058795847646e+00
4.247096736018866281e+00 7.431771270419377906e+00 1.026192953640812888e+01 3.686916692922408423e+00 6.442395954504352318e+00 6.597201681087326186e+00 7.107679955900398028e+00 4.916182581596944878e+00
6.772750263774398150e+00 4.661843012795297447e+00 1.235720811477857950e+01 4.065800455777513811e+00 6.123775143514084363e+00 9.219179739403125851e+00 6.683096265421108129e+00 4.616421764667576255e+00
5.631482238038395316e+00 6.934329399003493322e+00 1.150807836674343143e+01 2.909509745634472289e+00 7.064845170646879779e+00 7.184929267260290686e+00 7.962162445285576595e+00 5.513210670003688918e+00
6.750307606342521360e+00 3.732001292114602187e+00 1.228462730962256622e+01 5.771737483200237051e+00 4.631991132708834336e+00 1.002439744872023830e+01 4.487105680187390533e+00 6.054101486423795642e+00
5.146905391395258711e+00 8.280276099499292997e+00 1.106255975496282673e+01 5.670334672758169603e+00 7.347411082830932472e+00 7.107023774303177888e+00 6.898135816436122170e+00 5.646717241784577013e+00
6.866414009913933469e+00 5.673630963301090624e+00 1.198596887392594112e+01 3.377166436218322687e+00 6.336092609668616760e+00 9.157591313377043463e+00 6.612230892128585502e+00 4.898912590470382966e+00
