5.386209496975411071e+01 8.382988520070648519e+02 7.419130055799028014e+02 6.627749398558087250e+02 5.719594512701785334e+02 6.481766641176529902e+02 4.805413386787353147e+02 7.885023948999356662e+02
0.000000000000000000e+00 8.403307275570044794e+02 7.471754586941924572e+02 6.585132753049786061e+02 5.622448352369563054e+02 6.521305973956905291e+02 4.804273550756469717e+02 7.887340980316580499e+02
1.213010494992694390e+02 8.328605891075641239e+02 7.457537906885341954e+02 6.718116916596281953e+02 5.747575158506908792e+02 6.385386522552392989e+02 4.961496376472424004e+02 7.922374059645061379e+02
7.049059237136776801e+01 8.431516630185518579e+02 7.446668004671646486e+02 6.542803431375558603e+02 5.641679217928468688e+02 6.536568237194081803e+02 4.886268847070679158e+02 7.900897289180034022e+02
6.441075698486856993e+01 8.385165544236233472e+02 7.436772564844918634e+02 6.627291167666459160e+02 5.774915321597324009e+02 6.454014326687455423e+02 4.916142304861835441e+02 7.915150522117534138e+02
4.304592369646024963e+02 7.538118196795380754e+02 5.361651589303717174e+02 6.362560951466695087e+02 3.868966879225712887e+02 6.459711433396461189e+02 4.065714323863075492e+02 8.137106389572126091e+02
4.014559773051383900e+02 7.542791999903867008e+02 5.693842623684626005e+02 6.348249663974157784e+02 4.012657205966300467e+02 6.257395310517788403e+02 3.786994026304087129e+02 8.069128264582093379e+02
3.840061477961874061e+02 7.466856997487085437e+02 5.751414171035040681e+02 6.319288011132591691e+02 4.040312626386834154e+02 6.170597810520558824e+02 3.746100703048654736e+02 7.985382632558715841e+02
3.859682932211858315e+02 7.435294952587970556e+02 5.910212438536160562e+02 6.322332335156589807e+02 4.028586863165159002e+02 6.161895772274468754e+02 3.914312211738204041e+02 7.882605467918723434e+02
7.865534553332319092e+02 6.761481642142697410e+02 1.806523615209544857e+02 7.337392235045510915e+02 5.913109395883856223e+02 4.584336540759410354e+02 7.115778069079605075e+02 7.524413318055062518e+02
2.973593391492735805e+02 7.483822890365787543e+02 6.177073034850906197e+02 6.457949290110791480e+02 4.563807403749682408e+02 5.871574937968171071e+02 4.127883522210478873e+02 7.638489555964097235e+02
5.472354901663243254e+02 7.883882483540269277e+02 3.634016325404734857e+02 6.234473174834993188e+02 3.692267593566980963e+02 6.760352583730993956e+02 5.251158233138957030e+02 8.168268010700151081e+02
2.993703378097451946e+02 7.072508883094951671e+02 6.372566516133924779e+02 6.441349004046410300e+02 4.918839995108970697e+02 5.518240859460304364e+02 4.418883931293095202e+02 7.364901018248933724e+02
2.725715078015973063e+02 7.388600718319875114e+02 6.317762309142161712e+02 6.443448707918290665e+02 4.705514749054753452e+02 5.636597199602450701e+02 4.266470792497367484e+02 7.510908439302074839e+02
3.620269417459673491e+02 7.642520422397969924e+02 5.737672554108462464e+02 6.618431581636681358e+02 4.158939458442337695e+02 6.105748471710238618e+02 4.031554258257543779e+02 7.985893465500198545e+02
2.442110301690754284e+02 7.483407351872654090e+02 6.216562272136300180e+02 6.539925246031930328e+02 4.383086279406193171e+02 5.811348152719928066e+02 4.125608384716242654e+02 7.600924612775900187e+02
2.532331619232967910e+02 7.374164193071362661e+02 6.327883892498008436e+02 6.552852544500146905e+02 4.795711711934932282e+02 5.678244647134966954e+02 4.330915674468999441e+02 7.495812393213700489e+02
7.596174978087426553e+02 7.410262209731572511e+02 3.987422039006968930e+02 6.901747376550907802e+02 3.487322077004945413e+02 5.521296884985189308e+02 5.652775924927512960e+02 7.210204452361230096e+02
2.630808850102510519e+02 7.297316585296425728e+02 6.472196241262520289e+02 6.562692711855527250e+02 4.855369386199199653e+02 5.597636343754159043e+02 4.388632139523869569e+02 7.426510558985216903e+02
2.568128159194779982e+02 7.507896739604908589e+02 6.203283335842641009e+02 6.553952333286487146e+02 4.566466346400329144e+02 5.763838259210695014e+02 4.132911212608359506e+02 7.645792668012117019e+02
6.665712356938004177e+02 7.708500147840821910e+02 1.766403802949207602e+02 6.429470181908484392e+02 4.331512912258788788e+02 5.857741314501648731e+02 5.926608810273623931e+02 7.680863333427049611e+02
2.755223295043480789e+02 7.112395645701883495e+02 6.363514436957719909e+02 6.463587155784869083e+02 4.877457684656242805e+02 5.493504179064556183e+02 4.349919031216481358e+02 7.336122376574176087e+02
4.628908252577468261e+02 7.671891581079590878e+02 4.584462443055530798e+02 6.515616340737020664e+02 3.390832769588328688e+02 6.649151119831374217e+02 4.271592630771930885e+02 8.349666657692856688e+02
4.395982000536026817e+02 7.678420074725368067e+02 5.122839784106021170e+02 6.629102408125360171e+02 3.590086712162039362e+02 6.433358524786608541e+02 3.988827683673812885e+02 8.340336889736204284e+02
4.279849063782949656e+02 7.705880926663649007e+02 5.375119986460674681e+02 6.708184524994239837e+02 3.701958774768515354e+02 6.397138182500484618e+02 3.832476480046534562e+02 8.358717340259576076e+02
3.405242727430639889e+02 7.385015148279557025e+02 5.841509372320833791e+02 6.404774764907914459e+02 3.805426145692048863e+02 6.013763186136488912e+02 3.826233687532874796e+02 7.737959523051936230e+02
6.445616048574968318e+02 7.587510226648881826e+02 2.719605668623411816e+02 6.208424058311453564e+02 4.244406440711454138e+02 6.049555559281850492e+02 5.748061543977356678e+02 7.708449173052215428e+02
4.165012275666471169e+02 7.593688321416216240e+02 5.238211108949881236e+02 6.530363866845461871e+02 3.660717308431557626e+02 6.598414987223781054e+02 4.193712508328785020e+02 8.126243350381352002e+02
3.368500736169592074e+02 7.359676731828601532e+02 5.916706513483218259e+02 6.397573868269101922e+02 4.123387477909758445e+02 5.936686462642836659e+02 3.834691157888876774e+02 7.685788946502656245e+02
3.878209510256592125e+02 7.520984007877407294e+02 5.355751229314749935e+02 6.516332400153162325e+02 3.813748768575483723e+02 6.459670816958804380e+02 4.159781397192716099e+02 8.035283878847343431e+02
2.891731514970686021e+02 7.360213080137506267e+02 6.019730704002940911e+02 6.435579306187815973e+02 4.422682531469552032e+02 5.949066282476499055e+02 4.142032432990736766e+02 7.586342265346708018e+02
3.467953104343730502e+02 6.499311014221177629e+02 6.551063507994088013e+02 6.371665765868634708e+02 5.219218772322286668e+02 5.162844007416903196e+02 4.819558194789331083e+02 7.021576868859052638e+02
3.048378023620930435e+02 7.109561050320002096e+02 5.944980442626276727e+02 6.219763868984042574e+02 4.352163114569929121e+02 6.011440101088027177e+02 4.086621915931422677e+02 7.465005834651012719e+02
7.650020846910117598e+02 7.183430451594457509e+02 3.646762654898545293e+02 6.843064222867104718e+02 3.925768478954119018e+02 4.976074693513343163e+02 6.108014406937080594e+02 7.245671479839935500e+02
6.281083212605724384e+02 7.598588194179185393e+02 3.060061265435172118e+02 6.073310240811896392e+02 3.969903132935486383e+02 6.470514187761706353e+02 5.368361961640293885e+02 7.740603512141739202e+02
2.882691048169662054e+02 6.806642745400022250e+02 6.940146759107125263e+02 6.454492201217216234e+02 5.375911366700872804e+02 5.324202372773853540e+02 4.606760738417868879e+02 7.027600742190222718e+02
3.357761481363984331e+02 6.591786305013783931e+02 6.976452966421155679e+02 6.460989103180490929e+02 5.579816075059558216e+02 5.019787660412625883e+02 4.827072276903844568e+02 6.965939018479348306e+02
2.827732460736460212e+02 6.934238746024276452e+02 6.878746133219251533e+02 6.495238565742894252e+02 5.366461771955010818e+02 5.372731516390613251e+02 4.565363635524640245e+02 7.104553895865309414e+02
3.084334684672286926e+02 7.512017645774186576e+02 6.069772542049771573e+02 6.473116690027072764e+02 4.367345234404114649e+02 6.122266442300103790e+02 3.938649778014708431e+02 7.653778001359230529e+02
7.872052784601917210e+02 4.653210253726532528e+02 6.930475628407911017e+02 4.334043927938499223e+02 7.814915972283249630e+02 7.229499969742004168e+02 6.657299208952781555e+02 1.821658337487866959e+02
7.083047485369005472e+02 6.176907018914763512e+02 4.401201630417098158e+02 7.309117732500047850e+02 6.666263305087885556e+02 3.161841664956122600e+02 6.882059461280637152e+02 8.191439534272757328e+02
7.140245497227870146e+02 7.538113561203811059e+02 2.171480950002265899e+02 6.598739760406419919e+02 4.459541150083849743e+02 5.457671853304190108e+02 6.495683256214738321e+02 7.281125560562705914e+02
7.747344868919435612e+02 6.158396956415847399e+02 3.523979836747656691e+02 7.367657137373187197e+02 6.361953632873704692e+02 3.404234821405473781e+02 7.089641314837222126e+02 7.918446257746218180e+02
7.318730385406054211e+02 7.593084373841500110e+02 1.649675791547584822e+02 6.761957001730639831e+02 4.587049550853109281e+02 5.063380952736002882e+02 6.567594298649049733e+02 7.256323100729321141e+02
7.878852148622180493e+02 6.107742741485657234e+02 3.443174551905831891e+02 7.370004080123484300e+02 6.418207956364861957e+02 3.356882489143960129e+02 7.226469326102469495e+02 7.917821321662012224e+02
3.965278606220673510e+02 7.562329346680511435e+02 7.025756766777130906e+02 5.742791317034129861e+02 5.782228087746467509e+02 6.715214058570422822e+02 3.805710361628870260e+02 7.321023059068372731e+02
4.804273550756469717e+02 7.349748460462286630e+02 6.794019282761306613e+02 5.041679211112119106e+02 4.841925744934649174e+02 6.998280719891514536e+02 0.000000000000000000e+00 7.006002854049634152e+02
6.934813535206174038e+02 4.534621174739618255e+02 5.945400751809066833e+02 4.365921211462714382e+02 6.734272844157612781e+02 5.916583920504526759e+02 5.812744557605387854e+02 4.474045474715179012e+02
6.929234492951609354e+02 4.391664037217670398e+02 5.431172739490981485e+02 5.114976902362589044e+02 6.810602416178149952e+02 5.850484243708322083e+02 6.203992775044083601e+02 4.988803615196727606e+02
8.008830882984859727e+02 6.296178230870242487e+02 3.329596544494345380e+02 7.439276721221422122e+02 6.728407026020929607e+02 3.910521567676495920e+02 7.306783890494211846e+02 7.786988343649329636e+02
7.206881179336186278e+02 6.973376989232187952e+02 4.669034425291562798e+02 7.219904088356428247e+02 3.967194727891090338e+02 4.902815936531454213e+02 6.391221719816974201e+02 7.605270147741318851e+02
3.303039111872395779e+02 7.647698759074443160e+02 6.005681454062007560e+02 6.503682510408917778e+02 3.438283972066748788e+02 6.190986398500874657e+02 3.700033854000498081e+02 7.834498072258786578e+02
2.670340379652604952e+02 7.568047134969483523e+02 6.197391266641745915e+02 6.589964927099819079e+02 4.123503985346360423e+02 5.929681783596497553e+02 4.030661379270599127e+02 7.703323397724142296e+02
7.711597886687724213e+02 6.513952205112302636e+02 2.732129618164530029e+02 7.494115216513359883e+02 6.462604965595742215e+02 4.474215496126523703e+02 7.177362441222221605e+02 7.787263590869848713e+02
5.622448352369563054e+02 8.251921856651640610e+02 5.358920005986826709e+02 6.363701595904500437e+02 0.000000000000000000e+00 6.779503418343488192e+02 4.841925744934649174e+02 7.950780085835496038e+02
7.942302560970232435e+02 6.156290318707882534e+02 3.177882431153955736e+02 7.476980822421087396e+02 6.431820361995587518e+02 3.790256161563955288e+02 7.075680999791150043e+02 7.809852298019164891e+02
3.641053504851195157e+02 7.504977447460594249e+02 5.906207280248549978e+02 6.431056128715915747e+02 3.566201477835056721e+02 6.426623064363026288e+02 3.881674457243593110e+02 7.908877855093566041e+02
3.063681927507046225e+02 7.151431019967554903e+02 6.304848677045355316e+02 6.328033977187684513e+02 4.523824383216010574e+02 5.741832514371909610e+02 4.052945427359649671e+02 7.207865798442084042e+02
3.021904855972979931e+02 7.009347214347441195e+02 6.422151559742895870e+02 6.193626939491174426e+02 4.674106791486831867e+02 5.577818455570794640e+02 4.033423879662984746e+02 7.326107789212593389e+02
7.579024120117271650e+02 7.111611547457721372e+02 1.445334643562614190e+02 7.056638036135451557e+02 5.680397894721883176e+02 5.039861482763332106e+02 6.717017398150538838e+02 7.431140845129949639e+02
3.553172834633504635e+02 7.791592331581651933e+02 7.509050121362379286e+02 6.726269781911627206e+02 6.299386544507456165e+02 6.508244839668457189e+02 5.217795809449788749e+02 7.832242873497211804e+02
2.525390032732751422e+02 8.014541123758737058e+02 7.734835569215507576e+02 6.901270074429952501e+02 5.968587681132961507e+02 6.320811214845429049e+02 5.202987987460078330e+02 7.939946187577353385e+02
4.000337192764249039e+02 7.853005919626122022e+02 6.210987299668461219e+02 4.793312720823578843e+02 4.969660196865700641e+02 6.688435489627620427e+02 4.001965952401939717e+02 6.915763992143334917e+02
4.908770311236149837e+02 7.539240163129836674e+02 6.333053756797909273e+02 3.868323071090093208e+02 5.107381774486805170e+02 6.968771178137286597e+02 4.170001764720636857e+02 6.310282210810811421e+02
5.177379986583273421e+02 7.281941782195136739e+02 5.662463003088810183e+02 5.017773797976711307e+02 4.196749548526292983e+02 6.731420447937128984e+02 4.313023003557815400e+02 6.710247324003609037e+02
4.061862012852481030e+02 7.643595415304582730e+02 5.491062127477691774e+02 6.004575193073685568e+02 4.425488237712476121e+02 6.448224091113455643e+02 4.335870629104558134e+02 7.666264729632965782e+02
4.297422480537445608e+02 7.561424438978656326e+02 5.454220480295632569e+02 5.913585833817421644e+02 4.048672765601669425e+02 6.527024920731606699e+02 4.405369853808747393e+02 7.642768096481278235e+02
3.358622056681147683e+02 7.636800959936572326e+02 6.075359106155206064e+02 6.131526635157426881e+02 4.724526761477007994e+02 6.189680158238543299e+02 3.925845245081217172e+02 7.520851098457359285e+02
3.278988832489909555e+02 7.672974971810004945e+02 5.985030250317698801e+02 6.204198548065641035e+02 4.761731194344397409e+02 6.091814778719997321e+02 4.007953147341681301e+02 7.549716179024690064e+02
3.209120347306644021e+02 7.655502238913022666e+02 6.052804373091883008e+02 6.222846836292977741e+02 4.766511724667012686e+02 6.090684047446862905e+02 3.979155197380213735e+02 7.540753871732040352e+02
6.025438717247061504e+02 4.349889619964210965e+02 6.887012016163598673e+02 7.036952222699004551e+02 7.077416436338909307e+02 4.539944580039453399e+02 6.288406917589268232e+02 6.472496051658330316e+02
2.912992873064740706e+02 7.384901031481321070e+02 6.016215010465124351e+02 6.448955089614909184e+02 4.378577901636531919e+02 5.844030646833361970e+02 3.994755080329528596e+02 7.608390942462441444e+02
2.805302910818674036e+02 7.177337221202376440e+02 6.214518545622801184e+02 6.431016505216965697e+02 4.711888097899627610e+02 5.706488728300523690e+02 4.241521018197797162e+02 7.343039950192577408e+02
3.022622163472830721e+02 7.445416234278154661e+02 6.024494688859083453e+02 6.485655876478826940e+02 4.372627581890515103e+02 6.039802523784537698e+02 3.981529499780176025e+02 7.668225245281785192e+02
8.014729374218690054e+02 6.711462262526662244e+02 2.451246632356197210e+02 7.417486390135381953e+02 6.523817431880679578e+02 4.368494076235123202e+02 7.028942568134847306e+02 7.548317332391635546e+02
3.762545296014497467e+02 7.556778651553611326e+02 5.870762231253845584e+02 6.468283729461282974e+02 4.038544145903668436e+02 6.212549819525988823e+02 3.716936381782178955e+02 8.017973701544156029e+02
4.564490942583739752e+02 7.618464212177598256e+02 5.143992233813376060e+02 6.414127176753031563e+02 3.600676843736133037e+02 6.812567675320113949e+02 4.205496228564771855e+02 8.223610892815171383e+02
3.043349885308728631e+02 7.407866338131598241e+02 6.239648396342620345e+02 6.332583701709102115e+02 4.587528520113523314e+02 5.910311901330475166e+02 3.977066049376986143e+02 7.618867749449588018e+02
2.802094005793651945e+02 6.776053493159156460e+02 6.748448885654445348e+02 6.177079238559301757e+02 5.443819493702529826e+02 5.188500667392542027e+02 4.470532115798435484e+02 7.107463718035230613e+02
2.824810956853571042e+02 7.297356227309076075e+02 6.360103367304956237e+02 6.307373150403719819e+02 4.736472087059942737e+02 5.767017887967421075e+02 4.008893871666287509e+02 7.502735524784407062e+02
4.056683011990201067e+02 7.675448931398497052e+02 5.643474986175011736e+02 6.472241958457067312e+02 3.903318925701576632e+02 6.328862341722656311e+02 4.190436010342837108e+02 8.052601001027145458e+02
5.371274578411525908e+02 7.649080135348536942e+02 4.221341014137303205e+02 6.233640333050373101e+02 3.533219905419808242e+02 6.575530084692790069e+02 5.173581047172269791e+02 8.071611979883101640e+02
3.193698682363610146e+02 7.509479426555654982e+02 5.835938710681271004e+02 6.427307563607769225e+02 4.293970612148097530e+02 6.039993258069506510e+02 4.159957218823495850e+02 7.758216106979523374e+02
5.800166796691588615e+02 7.732016976638303731e+02 4.159956620038390156e+02 6.079330141847217419e+02 3.470015652341650139e+02 6.532218094571462643e+02 5.031585473214857416e+02 7.964282170827028722e+02
4.058650762019577769e+02 7.687512106429506957e+02 5.349607265715069389e+02 6.525917824057736425e+02 3.880352767286885864e+02 6.484199827116414099e+02 4.392413151195746650e+02 8.093499095835605885e+02
7.261934161509518617e+02 6.052390100468978744e+02 2.521052923787582642e+02 5.910451900475148932e+02 5.688969167894517796e+02 5.395313613214925681e+02 6.453833234764520057e+02 6.111743613538012596e+02
7.027280739616845722e+02 6.226504167381726802e+02 2.525777899949109724e+02 5.747049705361050655e+02 5.440044577803860193e+02 5.531250142196956858e+02 6.446938416341780567e+02 6.397497048360263534e+02
6.693035398681854531e+02 6.625823285953697450e+02 2.377206503126681412e+02 5.522311359915898947e+02 4.943995386208546279e+02 5.746485025763810199e+02 6.221967156064218898e+02 6.664987884951575552e+02
7.787666315990478552e+02 3.669086904206455415e+02 6.359851135331296064e+02 6.644096022636872476e+02 7.450413981930287264e+02 4.417372139297549438e+02 6.807825164926276784e+02 6.764439950943450413e+02
6.810115460970799859e+02 6.510188959079972619e+02 2.300312317159164763e+02 5.635635417194374668e+02 5.108083125082761740e+02 5.601597956804977230e+02 6.227966702143875182e+02 6.548806015528020907e+02
3.034421355541389858e+02 6.799641070427406930e+02 6.456308080534178089e+02 6.387452712066739196e+02 5.051269472420201510e+02 5.303905900056528253e+02 4.466615817016386814e+02 7.067556813390524439e+02
3.287593325136949147e+02 7.542589541840631000e+02 5.843610502158479676e+02 6.515050329114889109e+02 4.200075541749978925e+02 6.166716173636701797e+02 3.905315362840980242e+02 7.810314496145500698e+02
3.059453104210065248e+02 7.478789426431653737e+02 5.913907265025583229e+02 6.484708429620686729e+02 4.319314436159872912e+02 5.874708655871401106e+02 3.900037565720048178e+02 7.756120503588994097e+02
3.165778110738876308e+02 6.694734940052763932e+02 6.506910947005783328e+02 6.393192751302202623e+02 5.143877827350966072e+02 5.183434721728834802e+02 4.547908347926287433e+02 7.041077588065272721e+02
3.008303384236382385e+02 6.911395387240734181e+02 6.440895660260846398e+02 6.410664503616702632e+02 4.985381847150231920e+02 5.426930789634204757e+02 4.484588745874766573e+02 7.246158915444191280e+02
8.403307275570044794e+02 0.000000000000000000e+00 7.483182452256479564e+02 6.513643862908566007e+02 8.251921856651640610e+02 6.066757369687786650e+02 7.349748460462286630e+02 5.582550952863248312e+02
4.419187240711219147e+02 7.517017573941374167e+02 4.794233932792942596e+02 6.505861414302763706e+02 3.496837293133264666e+02 6.478140931705746652e+02 4.142399193134662596e+02 8.181129983138712305e+02
8.397108725560664197e+02 5.290289692188472515e+01 7.583093431877574631e+02 6.550328709373543461e+02 8.245968522933776512e+02 6.048462273025568265e+02 7.343327920214621827e+02 5.632885497479463766e+02
7.311072537094860309e+02 6.918858379498440172e+02 4.451478342809855349e+02 6.221956257555046932e+02 4.442320852766363259e+02 5.101815042208561408e+02 5.907579154633941698e+02 6.746419581949088524e+02
4.761476052074770564e+02 7.568963182363202122e+02 4.464558897356621401e+02 6.429497255966529110e+02 3.375399803393994489e+02 6.672873857184048347e+02 4.384742511008586234e+02 8.236150394998970796e+02
3.117615714569051306e+02 6.844835139184483523e+02 6.678232745250207927e+02 5.873321987701707485e+02 5.439364324252734377e+02 5.061759547935888577e+02 4.462144025872646580e+02 6.793937301668405553e+02
3.358580836176088837e+02 6.839341468954178254e+02 6.739729395933356955e+02 5.613905447044106722e+02 5.493873348078042227e+02 5.118006663664995131e+02 4.471553818276604488e+02 6.869737727605962618e+02
3.908270961838637163e+02 7.126798576675672621e+02 6.882301871941901936e+02 6.597330507682144116e+02 6.530445833543636809e+02 5.653275821249281989e+02 6.003769859069592485e+02 7.482108808040478607e+02
3.488134002617244391e+02 7.104025124792088945e+02 7.022855412838686107e+02 6.838570164475909223e+02 6.716724627083872292e+02 5.553783584665229682e+02 6.087119139354205117e+02 7.406050482685697034e+02
3.493967277453576230e+02 7.104025124792090082e+02 7.018057397162488087e+02 6.838456401768283968e+02 6.713662116983376791e+02 5.565300245850908141e+02 6.109759566801129722e+02 7.435849531681250255e+02
8.109559454006031274e+02 6.259869143548369266e+02 3.089750575983083536e+02 7.524788040419645085e+02 6.493570615225678466e+02 4.632924481845726632e+02 6.841276073184565121e+02 7.795695256936020314e+02
8.005028953000872889e+02 6.662002437926207676e+02 2.400235089001716915e+02 7.461368157341532878e+02 6.060496987940471172e+02 5.001897482438576503e+02 6.772473470190267335e+02 7.562258582490385379e+02
8.131975748778509114e+02 6.266274700648698399e+02 2.845063152568410487e+02 7.653126518755589132e+02 6.377472835921147407e+02 4.293305386111191524e+02 6.945149677022278638e+02 7.814376594460949264e+02
7.882469457750310085e+02 6.484050885040079493e+02 2.974081324797856496e+02 7.325580906592734891e+02 6.363131962977121248e+02 4.241154815262472084e+02 6.822640245232679490e+02 7.699286584181737680e+02
8.086968871286777585e+02 6.462719502588653313e+02 2.859144382318208386e+02 7.614925020523688772e+02 6.063944497810304028e+02 3.868718417713100735e+02 7.258154047356522369e+02 7.812129762691854467e+02
6.521305973956905291e+02 6.066757369687786650e+02 5.020024068641754980e+02 7.291645835091078425e+02 6.779503418343488192e+02 0.000000000000000000e+00 6.998280719891514536e+02 7.923465738947268164e+02
4.155973460299777571e+02 7.002163100711248944e+02 6.029291160732077515e+02 5.919910914176165306e+02 4.363565782021767632e+02 5.825593993853715347e+02 3.756155779836179818e+02 6.948381797728694664e+02
7.720991271968246110e+02 5.576632612289542976e+02 4.259401315934533159e+02 7.091014160575808774e+02 7.110017318452755717e+02 3.582591761080774972e+02 7.213053591022987803e+02 7.618541672178465660e+02
4.234355288799691834e+02 7.074490528704807275e+02 6.124443444827943495e+02 5.940216324230162854e+02 4.596098500796319968e+02 6.054187441162500818e+02 3.979730059750764894e+02 6.933165342675558804e+02
4.812350550196143217e+02 6.830224141054309257e+02 6.459756302348674808e+02 3.246770161551181673e+02 5.549152292913935298e+02 6.384187734730232933e+02 3.792562216633759249e+02 5.014941511624000441e+02
2.697224245532414670e+02 7.264435196616594794e+02 6.432598353115598684e+02 6.577939100274372777e+02 4.976230715437001777e+02 5.468142271822250677e+02 4.439980380635938673e+02 7.402292412668103907e+02
3.683188359155226408e+02 6.989509823968257933e+02 5.612710058861581501e+02 6.459487672498898974e+02 4.481157531443477637e+02 4.881940395976885156e+02 4.517017548957408053e+02 7.279001751507850031e+02
2.855935412713503183e+02 7.104429099129164342e+02 6.650012993599264064e+02 6.604791975624491442e+02 5.180507369655074399e+02 5.343837939187085340e+02 4.664620638418834915e+02 7.291213888277650312e+02
3.698197770774693254e+02 7.975305027449479667e+02 5.766569174405105969e+02 6.546734806669029467e+02 4.281112972398708507e+02 6.229780972261976331e+02 3.652726126944799034e+02 7.997191061734627056e+02
2.756881817665473022e+02 7.208968446064321824e+02 6.426971439082850566e+02 6.573071801312055413e+02 5.063790276986906065e+02 5.339603246987567218e+02 4.510028201836861399e+02 7.358128484678994710e+02
4.876149562975721210e+02 7.820419407355974499e+02 4.838258783743618778e+02 6.351277297009909262e+02 3.539838181215877171e+02 6.815045174816226563e+02 4.425380079505694653e+02 8.221754052102209016e+02
4.376387081130479828e+02 7.723359571783901174e+02 5.345057790289081368e+02 6.471489116188754451e+02 3.170642813434878349e+02 6.580305200501729814e+02 4.242951325854303946e+02 8.202602846871122892e+02
2.983669815376957786e+02 7.653234766149296320e+02 6.070361415179586402e+02 6.525952558534052059e+02 4.315745114754530505e+02 6.033932923156253310e+02 3.921562666842916087e+02 7.763717858100507101e+02
2.671510866287848671e+02 7.268528152147620176e+02 6.575588219824758198e+02 6.530143015386507841e+02 5.181822552614547703e+02 5.529051861758417772e+02 4.597960684860297533e+02 7.358134119468526251e+02
4.864902466811851127e+02 7.860288604561786769e+02 4.907824541270347254e+02 6.326831069719974039e+02 3.448074533459808322e+02 6.862055848867983059e+02 4.101018631916646200e+02 8.226369982999129888e+02
3.601045470713220311e+02 7.801184426390985891e+02 5.736846633949238594e+02 6.692752710697831162e+02 4.137407071990198233e+02 6.382528219953610460e+02 3.870183643488723533e+02 8.120069493233875164e+02
2.943093747659641508e+02 7.054977822419737095e+02 6.706413957413258231e+02 6.649327837880916832e+02 5.295362995341467922e+02 5.281284736372235784e+02 4.727071923653574004e+02 7.288940238327372754e+02
3.312805773442672717e+02 7.729106051207983228e+02 5.829642128063491100e+02 6.620920886607491411e+02 4.198349079996589808e+02 6.198577391348068204e+02 3.845098895961340304e+02 7.960890942529703125e+02
2.648402639828985912e+02 7.384593177260139782e+02 6.424413164362863427e+02 6.612463739684791335e+02 4.907084712919103708e+02 5.677775970613830623e+02 4.437946234510312706e+02 7.517626469475164868e+02
4.582838682685087974e+02 7.884046005201139451e+02 4.773615473338132347e+02 6.473784262811651615e+02 3.765750174964007329e+02 6.737591984112482351e+02 4.365358501861455238e+02 8.231723460182922736e+02
2.997312481685231660e+02 7.650784821327372356e+02 5.908863327715338301e+02 6.588335798165167034e+02 4.529944695124992222e+02 5.852321858396014704e+02 4.013420862344842703e+02 7.774101710265782685e+02
2.790128698475534179e+02 7.629662945150267888e+02 6.215160549763653535e+02 6.596437754647648717e+02 4.554223535697807392e+02 5.664198406789863611e+02 3.959909137181686560e+02 7.776137786414643642e+02
2.555755334378405053e+02 7.510185613118701440e+02 6.103786709908828243e+02 6.527599964439507403e+02 4.662687199774692886e+02 5.666636478064712037e+02 4.216024144987492264e+02 7.602582273205822503e+02
4.263151478414258690e+02 7.890900060024708864e+02 4.816379387101547991e+02 6.362671650712294422e+02 4.049507679164661909e+02 6.525857568526655541e+02 4.208723352873016665e+02 7.909720961176137735e+02
3.188172004081841351e+02 7.692018232405091567e+02 5.874890685092889271e+02 6.416251071689267746e+02 4.452965885730124569e+02 5.959158294209878477e+02 3.861240370208331001e+02 7.683322446032342441e+02
6.901733552899413553e+02 7.859080417448253684e+02 2.316248268757167068e+02 6.430138233282865485e+02 4.665881431373341002e+02 6.199715335184260994e+02 5.805346582702524074e+02 7.594770922414179495e+02
4.385246098599825473e+02 7.763031941277566830e+02 5.182227953848479274e+02 6.513024224311589023e+02 3.642300766150234494e+02 6.463286020654167032e+02 3.792335267959557541e+02 8.230042778312474638e+02
4.466267650252967769e+02 7.781278049948139142e+02 5.097866071639894585e+02 6.639266206629299631e+02 3.643431612434839622e+02 6.489884972595343697e+02 4.005991427945874648e+02 8.344615450443545797e+02
7.823729639894411321e+02 6.567008001248635765e+02 2.855181309961018883e+02 7.316528018016186934e+02 6.260874242331240112e+02 3.805637476035955729e+02 6.941173040155239278e+02 7.727602512714436216e+02
2.890038473858731436e+02 7.544911406037541610e+02 6.207106011716707599e+02 6.505410716822265158e+02 4.532650397018154536e+02 5.963301537933888312e+02 4.016722144634168217e+02 7.675409701681370507e+02
3.149439462470031117e+02 6.955243041188527968e+02 6.886713756287628030e+02 6.726277070480977045e+02 5.515968112732971349e+02 5.152147679712570607e+02 4.958232372691583123e+02 7.303252427716078046e+02
2.711555887831430596e+02 7.164771613913251258e+02 6.874842551519045628e+02 6.329728874260002840e+02 5.065927771834294049e+02 5.445109196488236876e+02 4.450506120189435819e+02 7.145947174800959374e+02
3.116737452109638298e+02 6.914974261487766398e+02 6.900221659559857699e+02 6.690920006796635562e+02 5.487652598535090647e+02 5.113371672964853474e+02 4.929167209082695535e+02 7.268020619743716679e+02
2.859810546944723342e+02 7.072791474633297639e+02 6.667534976403619567e+02 6.607914391268208192e+02 5.223549909148523511e+02 5.303390910275676333e+02 4.700691147982872735e+02 7.267900077541031578e+02
2.967370954777459815e+02 7.056745262770017462e+02 6.643695449781466777e+02 6.570112545819157504e+02 5.383245299362392871e+02 5.248584419826688645e+02 4.804211360401532716e+02 7.237840514454186405e+02
2.829604489369734210e+02 7.191145694571198419e+02 6.613684335298868291e+02 6.624855572742087588e+02 5.153782800265119022e+02 5.434355933543998844e+02 4.642227415030342854e+02 7.355259750918266946e+02
2.907006928078318992e+02 7.497648759858726635e+02 6.973883818767524190e+02 5.778083016196709423e+02 5.106809694778702351e+02 5.792794833848333838e+02 4.189883083478077310e+02 7.009440345447006848e+02
3.944805226018644362e+02 7.800236582058413433e+02 5.363926825874475526e+02 6.498232919194450687e+02 4.159359246689650718e+02 6.372280399974640659e+02 3.939581439840841881e+02 7.997085687611635194e+02
2.575454837605617513e+02 7.361844704287689183e+02 6.362833622846309254e+02 6.563711793444354043e+02 4.839407081858045672e+02 5.652154940428631562e+02 4.397927378937795879e+02 7.488040691699412719e+02
2.690985415890396553e+02 7.412120606157293423e+02 6.452156698531466645e+02 6.642360092026548273e+02 4.939570987036469205e+02 5.699466162366627486e+02 4.495604818311721260e+02 7.545887081748010132e+02
2.967944667599358581e+02 7.765855655663567632e+02 6.136558183670679227e+02 6.673211083421026615e+02 4.544257629344290308e+02 5.877698552701288008e+02 4.063478053380241022e+02 7.912060550838255040e+02
2.739053416334273265e+02 7.285719901633959807e+02 6.418843160230469493e+02 6.573924938300433496e+02 5.006478484081550846e+02 5.544193884269732280e+02 4.496093529152439601e+02 7.401623085419347490e+02
2.980512197583685179e+02 7.769521826400980444e+02 6.135697636045299532e+02 6.676840481043169575e+02 4.363426048122927341e+02 5.797486575215857556e+02 3.824044889082052805e+02 7.867774435383324771e+02
3.414223865341916166e+02 7.740926943335279020e+02 5.520519808749658068e+02 6.451074840708638476e+02 4.352666911199857509e+02 6.088805807215836694e+02 3.862029712561919155e+02 7.768866019666172633e+02
3.050841950392903072e+02 7.158380498959495526e+02 6.843626299372609765e+02 6.746419699751332928e+02 5.331530055913340220e+02 5.393875634290874359e+02 4.823020241597187692e+02 7.382762137124441324e+02
3.425854586601143978e+02 6.324058160053971278e+02 7.116293427007478840e+02 5.449938068962700299e+02 5.112304593745849388e+02 5.295169000933876760e+02 3.976333273186302222e+02 6.081306484187574597e+02
4.274730580768509185e+02 7.637261733578731082e+02 5.312348024002723150e+02 6.364939709828483956e+02 3.939967212358857864e+02 6.303366843521954479e+02 4.055953122801411723e+02 7.970915392587043016e+02
4.962158741442509609e+02 7.376395056083154032e+02 5.025193354452147219e+02 6.085687566616405775e+02 3.766357390140866528e+02 6.612452625982906511e+02 4.847005093074506590e+02 7.658967905835307874e+02
5.199280005099650452e+02 7.368080331565682854e+02 4.578870404319694671e+02 6.012861963109526187e+02 3.667772575014774930e+02 6.469947767889474335e+02 4.815204315557504060e+02 7.618011911083661971e+02
5.732120819482690877e+02 7.250159068207299242e+02 3.931543557009263736e+02 5.944974457775532528e+02 3.944204054025186110e+02 6.010210987732305057e+02 5.261643979205341566e+02 7.548619693110122171e+02
5.501257217243544346e+02 7.586209064966877804e+02 3.808812640585289842e+02 6.003963031038937288e+02 3.138713359260855782e+02 6.031904697164645768e+02 4.674994275929464607e+02 7.664767515235390647e+02
2.682986067641598424e+02 7.337131152157814995e+02 6.449390784353731760e+02 6.590307980804805084e+02 4.970757498473117266e+02 5.616503252191894262e+02 4.501330636525658520e+02 7.460803583087074458e+02
3.556221446691527603e+02 7.789803894001346407e+02 5.625598713003259945e+02 6.639189492715936467e+02 4.174651204524311083e+02 6.335546735269194869e+02 3.831874112263797088e+02 8.053344100143451669e+02
5.347767105779336134e+02 7.802028896084120788e+02 4.060799878316202012e+02 6.299562340712973310e+02 3.185439567274032697e+02 6.566554323037528320e+02 4.807982665340855988e+02 8.202140823223592179e+02
2.623939662943780036e+02 7.280521868507155432e+02 6.547267894279623306e+02 6.538922397799211694e+02 4.994155331185303339e+02 5.578829748721975648e+02 4.420335646748789031e+02 7.383713474302777513e+02
2.786640250849617928e+02 7.698454014556891707e+02 6.229453019380863452e+02 6.682754820960655024e+02 4.699448768558915503e+02 6.051887159418666897e+02 4.239685014606768618e+02 7.837631144271790617e+02
2.990471625278899523e+02 7.763906784350721182e+02 6.146847298332886567e+02 6.712996967057478059e+02 4.614915106586918228e+02 6.152541321171886466e+02 4.217137829168187864e+02 7.899370752736795112e+02
2.709543896537288674e+02 7.354295428146166387e+02 6.546306636259740799e+02 6.637473192482827926e+02 4.997931797217698318e+02 5.627872290062330194e+02 4.517218565029017441e+02 7.492686396745187949e+02
2.786167031175997977e+02 7.439676062540328303e+02 6.655498574343931750e+02 6.741753446836245303e+02 5.156697036210410943e+02 5.700415914902006307e+02 4.647952623311961133e+02 7.588055797745234941e+02
3.618881058560499469e+02 7.822350418760489674e+02 5.512167455366602553e+02 6.596559234351477699e+02 4.168682723634103695e+02 6.397603479920420568e+02 3.972404185292080001e+02 8.023604624600889110e+02
2.985944860210235561e+02 7.565089152340879082e+02 5.830917604869442812e+02 6.410038774711251790e+02 4.481480562831664543e+02 5.782499277111952551e+02 3.846301086867755430e+02 7.544141933857152935e+02
2.610922806355526973e+02 7.494276224485890907e+02 6.032783852078131304e+02 6.517505100885408638e+02 4.598919934441814803e+02 5.632355153405023884e+02 3.993983926315804069e+02 7.587070695867167842e+02
4.652538657812175416e+02 7.427762935752413114e+02 4.792027229567642053e+02 6.274245353507500340e+02 3.631950037429591021e+02 6.171082723465506206e+02 4.540054251815828366e+02 7.826925454356036198e+02
2.960530284572204778e+02 7.626085912256091888e+02 5.937605754850194444e+02 6.522724037206722869e+02 4.457670550085256309e+02 5.836359922303475969e+02 4.023936656890809900e+02 7.718574457053578044e+02
3.020284861674463173e+02 7.657281234107033470e+02 5.941959354245034319e+02 6.572292219746823321e+02 4.406790365157643805e+02 5.857096208711258214e+02 3.862325794991530756e+02 7.790641243279120545e+02
2.765469265904183658e+02 7.587660134236103886e+02 6.130958398735558603e+02 6.585527670254050463e+02 4.582078191987529863e+02 5.945633330080314636e+02 4.128608454446906535e+02 7.708356877578714830e+02
3.639674947037880770e+02 7.831013570306879501e+02 5.992694549774009829e+02 6.601844163268713146e+02 3.748623311743601789e+02 6.396888173224342609e+02 3.996529675563415935e+02 8.036758464375307085e+02
2.731470604635653672e+02 7.294612913648101085e+02 6.545148320987760826e+02 6.621677586118698855e+02 5.007717190519655901e+02 5.567868001627390413e+02 4.515756674131370687e+02 7.441033567633411394e+02
5.610165549299821350e+02 6.942303092542841796e+02 3.820546619844794236e+02 6.092601600656361143e+02 4.020263389373519090e+02 5.213880139092636909e+02 5.928428115682796715e+02 7.477777315842429289e+02
3.560081445286092503e+02 7.576025782625587226e+02 5.569317392870111689e+02 6.251336549526027966e+02 4.450880954502559348e+02 6.106545604276649328e+02 3.968296923458418064e+02 7.555774172554647521e+02
5.704693263105712049e+02 7.738889372816330479e+02 3.706020262689000901e+02 6.011207183949535420e+02 3.768716126080731783e+02 6.268213282661438370e+02 5.777610379250538699e+02 7.632167639778665489e+02
2.801897733454211448e+02 7.502659630778804285e+02 6.014398243841030762e+02 6.490101220726995734e+02 4.683895615055980102e+02 5.749189749584683113e+02 4.164391578977358677e+02 7.600378272623290741e+02
2.748667462554677741e+02 6.433464577236316018e+02 6.516946968766916370e+02 5.653548267129956457e+02 5.486292171922377747e+02 5.279659809052155879e+02 4.412055015014266246e+02 6.469967235947583504e+02
4.188155213427530725e+02 7.435811302569384225e+02 5.271949494282666819e+02 6.321312586344289457e+02 4.032922895777123813e+02 6.610630066791472927e+02 4.267220174237992865e+02 7.782069233032690363e+02
3.365066192712686757e+02 7.207256903420106937e+02 6.831270005202798075e+02 5.080629071430793147e+02 4.843661119444232668e+02 5.729325721539503320e+02 3.671133875105070388e+02 6.185525546864845410e+02
3.055725504339506529e+02 7.542124409283047726e+02 5.705291797424187052e+02 6.434174399694932163e+02 4.416539597817514391e+02 5.878743922133579645e+02 3.958205022216007478e+02 7.609825712634176398e+02
3.746551358406445615e+02 7.694186609102048351e+02 5.596486351825582233e+02 6.576674959038131192e+02 4.048066688076631863e+02 6.204863042221822980e+02 3.702093701236959191e+02 8.005556653821130340e+02
3.878823736539923743e+02 7.495838927428484340e+02 4.979358134762724148e+02 6.207663941108063455e+02 4.193368552345572198e+02 5.924782175405346152e+02 3.806889989154312843e+02 7.484581132253408668e+02
3.722678658298183336e+02 7.638081629621384536e+02 5.091119877225293067e+02 6.271172654895663072e+02 4.166869131957885202e+02 6.103649530400290359e+02 3.858282476381510264e+02 7.593208385749180707e+02
4.403751646741870331e+02 7.639535897064246228e+02 5.016018953647280227e+02 6.229694567050750038e+02 3.988988519477822479e+02 6.375283815358922084e+02 3.729985954033806479e+02 7.690666692835077356e+02
2.938366825472286905e+02 7.107342466839473900e+02 6.355905162012462597e+02 6.565243609786117531e+02 5.185831342451971295e+02 5.324902830628097945e+02 4.565586021685990090e+02 7.307289031448631249e+02
2.603555370920452674e+02 7.486884429805689933e+02 6.342587081807120057e+02 6.584107075354889957e+02 4.708198561568558489e+02 5.728419326790067316e+02 4.233992063491019735e+02 7.620483284193089730e+02
2.490803003578887740e+02 7.415828326286653009e+02 6.346768805132547868e+02 6.557784497766427876e+02 4.758561397362395269e+02 5.543583828516459562e+02 4.227146862359753641e+02 7.536973675850991867e+02
3.098223022386966363e+02 7.032178456967735656e+02 6.117387232687473215e+02 6.136993116561698116e+02 5.680470065198510383e+02 5.403787255925682302e+02 5.105709319113574338e+02 6.836481553346313831e+02
2.645321957669552262e+02 7.315307261754418278e+02 6.494641338718770385e+02 6.587265784187204645e+02 4.944258702364464853e+02 5.454997657626479395e+02 4.451803681174976646e+02 7.447914877912816110e+02
2.927142353123790031e+02 7.092360606545435076e+02 6.697620084657609141e+02 6.642973707560464618e+02 5.272697848666149412e+02 5.244307612533070824e+02 4.704408566167588788e+02 7.300601848425131948e+02
2.898099730816155670e+02 7.197893078731597143e+02 6.676744070916620331e+02 6.675885870656952648e+02 5.236573311039959435e+02 5.417000336482068406e+02 4.716291020725765293e+02 7.381543722863275434e+02
2.733502985912120380e+02 7.299602203869782215e+02 6.496677739752934713e+02 6.636865373561319075e+02 5.026651843466257787e+02 5.556476803004080693e+02 4.543940284276208104e+02 7.463625557293169095e+02
2.702635505517110914e+02 7.491420141651772155e+02 6.505849363914455807e+02 6.707532953932692408e+02 4.979127056101256699e+02 5.787354497162489224e+02 4.538535216162428583e+02 7.630423256451409770e+02
2.844727807591607984e+02 7.654526671042058297e+02 6.172737423906418144e+02 6.666731577760485834e+02 4.577265901219943203e+02 6.031298298976710157e+02 4.155286214688391624e+02 7.824779134070463442e+02
3.104572974338043991e+02 7.658122631673613796e+02 5.969564799067492231e+02 6.574136058767214763e+02 4.481316633544228125e+02 5.912152801736942820e+02 4.058531409239208188e+02 7.778595070078874869e+02
3.238874807242949032e+02 7.722081886429519955e+02 6.112312914179475456e+02 6.574027515495976104e+02 4.193713786537234114e+02 6.217833376662171077e+02 3.904199512663233804e+02 7.831179214569060605e+02
2.670954446308705883e+02 7.320773735848669048e+02 6.550596912977780448e+02 6.622418810166299181e+02 5.043801288934726017e+02 5.575278745710708108e+02 4.614506139846717474e+02 7.429944108264724036e+02
3.008565446749943817e+02 7.080929707233731278e+02 6.818658612118678093e+02 6.694856387330962662e+02 5.376176069188855990e+02 5.298862291045394386e+02 4.838972779607327652e+02 7.325431353930158593e+02
3.187786285920826685e+02 7.687675786535822908e+02 5.764872529509171954e+02 6.516511617944373711e+02 4.520016172629437960e+02 5.742805070989159049e+02 4.147469201240321581e+02 7.710899013689603407e+02
2.525915972403811054e+02 7.458462397950901277e+02 6.308941102533161711e+02 6.594656868319095793e+02 4.724825834605709360e+02 5.535000351226428847e+02 4.169464609037821106e+02 7.612081481277087960e+02
4.089037419533695470e+02 7.682486681621141997e+02 5.399520529647492140e+02 6.441413072217312674e+02 3.557659076750477993e+02 6.503556064402740731e+02 3.890181793773242589e+02 8.004173923796823829e+02
2.733886437973798706e+02 7.160102594875792192e+02 6.749671734875529410e+02 6.213183843750255164e+02 5.501057161521744092e+02 5.298455542820396431e+02 4.546116771217390351e+02 7.122169788608272256e+02
3.394588723970304613e+02 7.688933768842708787e+02 6.100340794294954776e+02 6.501758172261406798e+02 4.414325854071776689e+02 6.014580237514248893e+02 3.921699027056184264e+02 7.815857056972695318e+02
5.655921400279901263e+02 7.176142780912334729e+02 4.960477978426785057e+02 6.038634218686537452e+02 3.025717433256809272e+02 5.715937412674242069e+02 4.939917314711801737e+02 7.737798242874688412e+02
3.237742070963678884e+02 7.478122391697247622e+02 5.866549482645837088e+02 6.517184498200113012e+02 4.270377070779554742e+02 5.960888770717021998e+02 4.023772296640088371e+02 7.773182804892425111e+02
3.362626407123015042e+02 6.542563902709863441e+02 6.427073962273051393e+02 6.309841969144550831e+02 5.019987147004798658e+02 5.273121480590878036e+02 4.694225535991080278e+02 7.165596589693270744e+02
6.332466890954885912e+02 7.444257086726951229e+02 2.405112901161530772e+02 6.083968937072478411e+02 4.153725539823166173e+02 5.461759565664015099e+02 5.853646092344911267e+02 7.637675088982474563e+02
3.135042139190490502e+02 7.392509830152811219e+02 5.642895289553008524e+02 6.340374887350307063e+02 4.346781553762857584e+02 5.887811528142007091e+02 4.047470653473519064e+02 7.572514887480099333e+02
2.975910604503253012e+02 7.113885120376842224e+02 6.113069622979542146e+02 6.393721280352397116e+02 4.599618981305255261e+02 5.593441696549818971e+02 4.350718533525603107e+02 7.456934045727224429e+02
2.510265193471480529e+02 7.397713645968431138e+02 6.291636959448538846e+02 6.516887924634378351e+02 4.803332680948218467e+02 5.518502777093126497e+02 4.237664357382720368e+02 7.508728872960541594e+02
2.508718732620490073e+02 7.415032935101779685e+02 6.325656088814224631e+02 6.570938201014806737e+02 4.728095926302402745e+02 5.480993872340319513e+02 4.171451746007155066e+02 7.566543921995463506e+02
2.938140798886293510e+02 7.023716688483558528e+02 6.713508074547414708e+02 6.613460681675264823e+02 5.338503918978537968e+02 5.253467816259201300e+02 4.705638058845648857e+02 7.258323424825682650e+02
2.675518274413908557e+02 7.270683100763526454e+02 6.359590108670547579e+02 6.406043607527514041e+02 4.964760509260977983e+02 5.631517997552247152e+02 4.290280516170028591e+02 7.343663761097711813e+02
2.582959270058893821e+02 7.386528728213330623e+02 6.456264731519451061e+02 6.609376830322630667e+02 4.657531709920174876e+02 5.675805288503765951e+02 4.418278079115023047e+02 7.528803201877507263e+02
3.100691024314604647e+02 7.289375103941058569e+02 6.386585187647505109e+02 6.151296912355383029e+02 4.786125627812180028e+02 5.640769182808498954e+02 4.014320602376967599e+02 7.262291818883853693e+02
4.570709797108538055e+02 7.501616728064286690e+02 5.443606498107970992e+02 6.411463616201651803e+02 3.600145992661035734e+02 6.722504705863248091e+02 4.268392469989912570e+02 8.151754884098438652e+02
7.646543006351781742e+02 6.498512845897733996e+02 2.829185214482504307e+02 7.168923391394733926e+02 6.468804290776312200e+02 3.704836954680608869e+02 6.825803612723984770e+02 7.610614140076439753e+02
7.376213393874139683e+02 7.266754156943447924e+02 1.504783788073430344e+02 6.693109679630059645e+02 5.704750849991019095e+02 5.176436998278344390e+02 6.672696343072595937e+02 7.231559049386087281e+02
2.808646398744325552e+02 7.082768724819671888e+02 6.498142037850866473e+02 4.789989051594564557e+02 5.471230872310303539e+02 5.455567958939773234e+02 3.876694732519291051e+02 5.992394162534333191e+02
2.790710401370787395e+02 6.999545656561338092e+02 6.486672463037945136e+02 6.318493170585643384e+02 5.131226206842528654e+02 5.374718415596912564e+02 4.452042606041416093e+02 7.210465731640152853e+02
6.176462253091026469e+02 5.893519676940478575e+02 3.709017281518846971e+02 5.551054565466406530e+02 4.478537354185444315e+02 5.106925982377557602e+02 6.137902524019652901e+02 6.563211208730890576e+02
2.834942104187931591e+02 6.803423628593801595e+02 6.681521895314904214e+02 6.191387676348103923e+02 5.387458383853647774e+02 5.210814013048247944e+02 4.635432716207039903e+02 7.159703196158991432e+02
2.688215268026789317e+02 7.024754427291293268e+02 6.559574243976520620e+02 6.255803335032868517e+02 5.051968764298281371e+02 5.331298879991322792e+02 4.412280599773840777e+02 7.237497569140490441e+02
2.895206416953159305e+02 6.868107402191845949e+02 6.583417922327784026e+02 6.224167673331043034e+02 5.368955902244017580e+02 5.255304698800312053e+02 4.565639134610780729e+02 7.177088446965256026e+02
4.115860133465547506e+02 7.800875525917418827e+02 5.123901176630790815e+02 6.455428626660606142e+02 4.175413886355714226e+02 6.452027539878167772e+02 3.915298660332406939e+02 7.965011748655301744e+02
2.583007642984440508e+02 7.532941867579697828e+02 6.409999881883456965e+02 6.694582817660418641e+02 4.938333849664174977e+02 5.570224385842102492e+02 4.382803688667574420e+02 7.651293317555291651e+02
2.890558610889065676e+02 7.286576055698369601e+02 6.719297574319306250e+02 6.731126685325398284e+02 5.266388568819893408e+02 5.527217602559212537e+02 4.785189262977827980e+02 7.457068305171212614e+02
2.722315078268092066e+02 7.376099398787608834e+02 6.533359764447105817e+02 6.650565650613814341e+02 5.017163077393682897e+02 5.407788767840322635e+02 4.479538384030702218e+02 7.510845635985612034e+02
2.833056524984303906e+02 7.191431682689922127e+02 6.645855728594110587e+02 6.639592330214671847e+02 5.143580968941141691e+02 5.458770506236951405e+02 4.632889599249810999e+02 7.363678360028665111e+02
6.562244300840336564e+02 6.655388187041761512e+02 3.301507593849322006e+02 7.004791747492859031e+02 6.124010952743874441e+02 3.439130055279100588e+02 6.512542319664374872e+02 7.219656595030470498e+02
6.200217174454492124e+02 6.480246697923636248e+02 4.187873582201287377e+02 7.086086271852936989e+02 6.328541483587813445e+02 3.968091066119978905e+02 6.747615250306954522e+02 7.621255004819776104e+02
4.827127269169793067e+02 7.925771815103582867e+02 5.361384126282193847e+02 6.464189855445328021e+02 3.683004599805627208e+02 6.812650533440652225e+02 4.679952542079562363e+02 8.066788972095907866e+02
4.787932061683945903e+02 7.156675526362572555e+02 4.243517386010999530e+02 6.040751793308428432e+02 3.731776562791254719e+02 5.592874623902789608e+02 5.039894224441526944e+02 7.362770839901252202e+02
7.146346020760230431e+02 6.566022719831354379e+02 2.694771507569743676e+02 6.858022004377365874e+02 6.103023887543924957e+02 3.902154975865292386e+02 7.041092175932903956e+02 7.420115210637458176e+02
3.429278282740016266e+02 7.126398396577581025e+02 5.712737828351037024e+02 6.158180468028748464e+02 4.203500912157289235e+02 6.066523464590941330e+02 4.297831658317052188e+02 7.518705095438240278e+02
3.503462029120627790e+02 6.514097244305638696e+02 6.255655084885181623e+02 5.857932320868915212e+02 4.668496499955296599e+02 5.605734128656974917e+02 4.295257020712655276e+02 6.989662146780010517e+02
3.362736925281774347e+02 6.807721411093291408e+02 6.413555614232532207e+02 5.960884371322952120e+02 4.557131368371493068e+02 5.655011811265580945e+02 4.041880327914195732e+02 7.172914664069508035e+02
4.598413427428463933e+02 7.413801904478825691e+02 5.338392229325928611e+02 6.266920190193591225e+02 3.684148013579355165e+02 6.719250169523089653e+02 4.151126739281995128e+02 7.995423403860357894e+02
3.635756760953827893e+02 6.212968422996547133e+02 6.693658074625988093e+02 5.896192790070938372e+02 5.020413885863290488e+02 5.057382990987507014e+02 4.146123140617377203e+02 6.987673526460200719e+02
5.319160550275364585e+02 7.334180665913725079e+02 4.208616821224318301e+02 5.389461973055314274e+02 3.971619740695202267e+02 6.544577148750148581e+02 5.443378159664611076e+02 7.379921903283110396e+02
2.746672976284773995e+02 7.597719169559868533e+02 6.510126055940750120e+02 6.366007922360385010e+02 4.999098576667538509e+02 5.904089382729996487e+02 4.233197989633918041e+02 7.522294077837480017e+02
6.023396665860660733e+02 6.981557531271167818e+02 3.448887260466786984e+02 5.137916090549333603e+02 4.177151034100116931e+02 6.265046621251686929e+02 5.215276085045195487e+02 7.021058345666161813e+02
4.855445078263507526e+02 7.612945237260581735e+02 5.198362935835781400e+02 5.695288508072409286e+02 3.770336381968691626e+02 7.020664076292868003e+02 4.287540256256748989e+02 7.642388171487328918e+02
3.269694283346389057e+02 7.786563938959476445e+02 6.309776638425640840e+02 6.275929681678255747e+02 4.752636374092636515e+02 6.261139846680797518e+02 4.071133482850992777e+02 7.668315300627245961e+02
2.394206638843004100e+02 7.452034626019617463e+02 6.261894970785970145e+02 6.538158752367401121e+02 4.643045309834438399e+02 5.635773300956041112e+02 4.109931737345901297e+02 7.571908580811283400e+02
2.454664099844697489e+02 7.364355999832923771e+02 6.342854789811896126e+02 6.532791474174285895e+02 4.805367878125047127e+02 5.667901220261526305e+02 4.282856382322214017e+02 7.472458351619999348e+02
2.620908722902806289e+02 7.268298618541332416e+02 6.503726419749723391e+02 6.561601958749962478e+02 4.896552006354046966e+02 5.544524184554943531e+02 4.410302569692174757e+02 7.384813783049122549e+02
2.378425690362188050e+02 7.430521900274799236e+02 6.233536937125817303e+02 6.521552657692127468e+02 4.718036091035778554e+02 5.769968594362750309e+02 4.141464279391968262e+02 7.533788009016053593e+02
2.551754824888128894e+02 7.305029777200385297e+02 6.341791482650625085e+02 6.530539110877613211e+02 4.882250762535588819e+02 5.577064376732394066e+02 4.326333292757195181e+02 7.410260398686750705e+02
2.695525558654899214e+02 7.050741788609477680e+02 6.636435959518078107e+02 6.105431903206932702e+02 5.052988607194862425e+02 5.519630968674462110e+02 4.268587471856326943e+02 7.318974689397833799e+02
6.585132753049786061e+02 6.513643862908566007e+02 6.965833793348017480e+02 0.000000000000000000e+00 6.363701595904500437e+02 7.291645835091078425e+02 5.041679211112119106e+02 4.473482531080336457e+02
3.018655273267793291e+02 7.446364496175534669e+02 6.190709240747660260e+02 6.290173133609458773e+02 4.513224640574248383e+02 5.993126701454081058e+02 3.926234207061253869e+02 7.657356620315520104e+02
2.935287702408272139e+02 7.351597442622286280e+02 6.296848884892102660e+02 6.230094974855957162e+02 4.657874877978451877e+02 5.862640533739311195e+02 4.035288979070548976e+02 7.561745018755065075e+02
6.414819888834239237e+02 6.696620849680288075e+02 6.981092840916682007e+02 9.807473959613442105e+01 6.209924475495976139e+02 7.326437315546190803e+02 4.853816170224935718e+02 4.983653589712540111e+02
3.062241995734082707e+02 7.417168202209918491e+02 6.040331829117825464e+02 6.376796863743132917e+02 4.276780300467843858e+02 6.080573275654821828e+02 3.868439991729932217e+02 7.668626620398342766e+02
2.841170484040644624e+02 7.334294875069746240e+02 6.171729456368432238e+02 6.385005097487065768e+02 4.484923327340726473e+02 5.735478563129011036e+02 4.018422532359892330e+02 7.557375331511307195e+02
2.793962158337618007e+02 7.263047324093420229e+02 6.294740935568164559e+02 6.385687792185157150e+02 4.658207186826719521e+02 5.859577089126488545e+02 4.118528712548024941e+02 7.408039894109856505e+02
2.856567574918726677e+02 7.340988957217701909e+02 6.306813446812192296e+02 6.418397723533749968e+02 4.617933201406065677e+02 5.730599147287675805e+02 3.981133164673017859e+02 7.454847508946666039e+02
2.788734759404498504e+02 7.207500899609614180e+02 6.334371395310113257e+02 6.357689230717172677e+02 4.683177779321285925e+02 5.820160939363712487e+02 4.130919415709257123e+02 7.399965568129671283e+02
7.279731507733509943e+02 7.462040930177635119e+02 2.253321543974153656e+02 6.819768899616907447e+02 5.102567270386307428e+02 5.650130808745536797e+02 6.180302955910622131e+02 7.308086313560412464e+02
6.160727210118390076e+02 7.720654667226184529e+02 3.084251098174258914e+02 6.021584903245716305e+02 3.682945126778640201e+02 6.255484649856837223e+02 5.523603156349482788e+02 7.838811347482263727e+02
7.922609891691665780e+02 6.645556346425541960e+02 2.910185083643502253e+02 7.362007867143938711e+02 6.089178413407497601e+02 4.455962704096884863e+02 6.669424137973744564e+02 7.572441984962741799e+02
7.384931075175659316e+02 7.440572966772409700e+02 1.559352192743613159e+02 6.866099480696623232e+02 5.322495226206127654e+02 5.155979129307163475e+02 6.555421171647245728e+02 7.284562204993201249e+02
7.328228763003062340e+02 7.382121797674245727e+02 1.635194244383961575e+02 6.870779139929918529e+02 5.199377075464891504e+02 5.271380475547704236e+02 6.604068482603698840e+02 7.389808607733409644e+02
2.818101896549569005e+02 6.938366411682054604e+02 6.331467150724462272e+02 6.385147641134695959e+02 4.884717090393730246e+02 5.483318451008362899e+02 4.293333539767089633e+02 7.333675335280363470e+02
3.182586343055410225e+02 6.389551529727932575e+02 6.696262397362255570e+02 6.382957925286577847e+02 5.298511908107089994e+02 5.278073271514026601e+02 4.704070736989028205e+02 7.136416151657402906e+02
3.088160503821192719e+02 6.532820156393103161e+02 6.604550000166964310e+02 6.400225430011271328e+02 5.210976819133870777e+02 5.336627767782172214e+02 4.566252590506775846e+02 7.180216366695964325e+02
2.728097503520120313e+02 7.088855891753363494e+02 6.219560633637637466e+02 6.354979828498362622e+02 4.652730004136637945e+02 5.554726102850721645e+02 4.137720492712594478e+02 7.409561058229835453e+02
2.967094001435144150e+02 6.517397303345290993e+02 6.600887785973351356e+02 6.319415427153692235e+02 5.105221056069113956e+02 5.293070191344658042e+02 4.560099081598839348e+02 7.190029989384773899e+02
5.497472959003995356e+02 7.690198561239237733e+02 3.700424545207706615e+02 6.133875577374091108e+02 3.395892046319640940e+02 6.647250292236396945e+02 4.782540349522112706e+02 7.911655472898742119e+02
7.227738238520122422e+02 6.750454950524045898e+02 3.282366998446190109e+02 7.545900269810482541e+02 6.305434547600832502e+02 4.308886133858724179e+02 6.876375748647805040e+02 8.033715081396539972e+02
2.595150676661864395e+02 7.271579610582089117e+02 6.578388815428930911e+02 6.474780685775954225e+02 5.048049026008820306e+02 5.440147023713091130e+02 4.383952804791941844e+02 7.375820558449966029e+02
3.864915869411889275e+02 7.722898558698062743e+02 5.505139742529988780e+02 6.446296385819714487e+02 4.171065119187566097e+02 6.276219271094012129e+02 3.778906000712722175e+02 7.830772419741721251e+02
3.248147302905777565e+02 7.550460033976845580e+02 6.100150489159739209e+02 6.464845735430408240e+02 4.420083155133587525e+02 5.990545897047724111e+02 3.869297160185497546e+02 7.662492901262879741e+02
3.891042418576997193e+02 6.918825715036143720e+02 5.301389213107768228e+02 6.389414962926844055e+02 4.816015257025815686e+02 4.580440840943624607e+02 4.840464624091553674e+02 7.298592173177327140e+02
2.726622082986736473e+02 7.215099927702482319e+02 6.556692106834057086e+02 6.578142190995051806e+02 5.030423376147800809e+02 5.473450029325241530e+02 4.527859886775419227e+02 7.358434912413664506e+02
2.615750844632004259e+02 7.496348900258024059e+02 6.216078136162038845e+02 6.547002383852442335e+02 4.576633102967761033e+02 5.671923220972644231e+02 4.081573844800556685e+02 7.637866965287106495e+02
3.527527767674913548e+02 7.212538755476263077e+02 5.636377845239738917e+02 6.323754043685563602e+02 4.513710361066631549e+02 5.122365307436898547e+02 4.411602314885057012e+02 7.401004246407441087e+02
2.929647777710802075e+02 7.067313343879867489e+02 6.695843230447584347e+02 6.603920690633866570e+02 5.219902385809700718e+02 5.282190261126808082e+02 4.675955091202808376e+02 7.280528353093765190e+02
7.642259515078003460e+02 6.565154359005184688e+02 2.890503926384538431e+02 7.528743764766256845e+02 6.162479073384649837e+02 3.922223098387743789e+02 7.083362330000370548e+02 7.806853362822669169e+02
7.528637217405865840e+02 6.232315572504958254e+02 3.613639333598021040e+02 7.530406366620109111e+02 6.436669534585192878e+02 4.007494364149034141e+02 7.130466867330131890e+02 8.061182326321512619e+02
6.828014459617149896e+02 7.464554809626021097e+02 2.562313977777656078e+02 6.335452427872318140e+02 4.520464385518109793e+02 6.125504489657461136e+02 5.734835720908100711e+02 7.658386195171677855e+02
5.743758167656462774e+02 7.578879832341926885e+02 3.706203986495717686e+02 6.092365148789995146e+02 3.407873208733268484e+02 6.697230767608726865e+02 4.921305927464151750e+02 8.017683917803160512e+02
7.804676776357199515e+02 6.292360411210713664e+02 3.404284141573851343e+02 7.486776028040026176e+02 6.498387804446366545e+02 3.886934122831331706e+02 7.124169164460502088e+02 7.949387291418335053e+02
5.590769141542892839e+02 7.822818156577006903e+02 4.075963083492537180e+02 6.121683710092897854e+02 3.144491616163308549e+02 6.620869103868450338e+02 4.804388194001909937e+02 8.015904643940514234e+02
6.950883678891900672e+02 7.429920185177097665e+02 1.877968298032860730e+02 6.423634702670107117e+02 4.846596891301982737e+02 5.472728449562198421e+02 6.094811998909347039e+02 7.492968750528057171e+02
7.434421964198261321e+02 7.315034716349496193e+02 1.853737951462493641e+02 6.758062143648205620e+02 5.403498476448676229e+02 5.278704323340733708e+02 6.290253740731897096e+02 7.278173180762862557e+02
7.891890626417524572e+02 6.788230161607614264e+02 2.322807729054226797e+02 7.369034831518542887e+02 6.028365958361129060e+02 4.373198064615197040e+02 6.779413538800635024e+02 7.544448727291105570e+02
7.746877741629060665e+02 6.421018743148600834e+02 2.823299768554003322e+02 7.511370552914947893e+02 6.078905012890497801e+02 3.872693906596385318e+02 7.036505943637332621e+02 7.817427372794924167e+02
4.522898432959641468e+02 7.659893266975549295e+02 4.753404947720079576e+02 6.417074642760612733e+02 3.601170804294838490e+02 6.574309952936321224e+02 3.990944655889064165e+02 8.160943048285541863e+02
3.147243319205541070e+02 6.709891416559985373e+02 6.528153222280720911e+02 6.403215654047619410e+02 5.168802661981486608e+02 5.196417087309773706e+02 4.574352995681938978e+02 7.209694700876159459e+02
5.707969388650188876e+02 7.736153055393044724e+02 3.237899193899908141e+02 6.117104581062944817e+02 3.264727442023785784e+02 6.304288320890802879e+02 5.154879629825484244e+02 8.003814613957238180e+02
6.794641820307141415e+02 7.566803112045510034e+02 2.087692144694200636e+02 6.434226186973577342e+02 4.614147585329682215e+02 5.968641746750706716e+02 5.791367063329599887e+02 7.574565586099256507e+02
3.092681872139979760e+02 6.776441492456467586e+02 6.522621825446848334e+02 6.409474260982773330e+02 5.109207965645832132e+02 5.277042319050246988e+02 4.551172673902131010e+02 7.253128849385700505e+02
8.057057278558613689e+02 6.293695520424555525e+02 4.353868097662797254e+02 7.554030344874717002e+02 5.371406956363053951e+02 3.819497277827304629e+02 7.269491261102871249e+02 7.827282559383245371e+02
7.471754586941924572e+02 7.483182452256479564e+02 0.000000000000000000e+00 6.965833793348017480e+02 5.358920005986826709e+02 5.020024068641754980e+02 6.794019282761306613e+02 7.295391460604064378e+02
2.740878410763348825e+02 6.967860403568998890e+02 6.677616452694584268e+02 6.160003793984491267e+02 5.032312369755013037e+02 5.372704975828612532e+02 4.215679159836457757e+02 7.248447192779000261e+02
7.233807996073940103e+02 7.645257227635836443e+02 1.389928156223702729e+02 6.666805222356597369e+02 5.116163336923004863e+02 5.705348775062695950e+02 6.175607625696434297e+02 7.349678544959651845e+02
4.563152844618848007e+02 7.520986667048160825e+02 5.408979428865812906e+02 6.515494546822178563e+02 3.462906050842891545e+02 6.729454307302560210e+02 4.080629026239959671e+02 8.270465315085623388e+02
2.982994308637191239e+02 7.210699305859984634e+02 6.024964042250641114e+02 6.341825148892170319e+02 4.404258127311962312e+02 6.086420494484417532e+02 4.148472521902617700e+02 7.527391373218158606e+02
7.609433512491319789e+02 6.686207705703654938e+02 4.401336992121495655e+02 7.137327252901211523e+02 4.687514197535409153e+02 4.832403012158177376e+02 6.301234329464582515e+02 7.530099588130480015e+02
4.068856025604382012e+02 7.562279252808766614e+02 5.528491762755193122e+02 6.490625438097308688e+02 3.882350194451634593e+02 6.329204942809715249e+02 3.871682023417488949e+02 7.966541913425938901e+02
8.398119269284198936e+02 5.425681509146004089e+01 7.481063408196853288e+02 6.570276984417295125e+02 8.263346771549665846e+02 6.004706435144224770e+02 7.385344599724226100e+02 5.587928172448612258e+02
5.074869295630670081e+02 7.691514455957604923e+02 4.830406728716267821e+02 6.345668171569445803e+02 3.570728850509817107e+02 7.093753512224386668e+02 4.344050799260659232e+02 8.152550806487846558e+02
3.193087685896808239e+02 6.316520896058719927e+02 7.158761088808992099e+02 6.261377805757764463e+02 6.000350747113343459e+02 5.179943023267744593e+02 4.808941571937938306e+02 6.155879143111136500e+02
7.807857899857390294e+02 5.575903086974478811e+02 7.235244926521659181e+02 4.228275125928959710e+02 7.853655020435764982e+02 7.876627090640669167e+02 6.851234712927218879e+02 4.458687847114408243e+01
7.789544965923786322e+02 5.593359136384682415e+02 7.240269603574736266e+02 4.198730759366722509e+02 7.834356500755994830e+02 7.864262981258884793e+02 6.852907185915490800e+02 4.650072944755977034e+01
7.887340980316580499e+02 5.582550952863248312e+02 7.295391460604064378e+02 4.473482531080336457e+02 7.950780085835496038e+02 7.923465738947268164e+02 7.006002854049634152e+02 0.000000000000000000e+00
3.522533885636788114e+02 7.620308551753655593e+02 5.914839321590020518e+02 6.490866619985233683e+02 4.233913798846605232e+02 6.324967808641005149e+02 3.867420595151632483e+02 7.887630611909763729e+02
5.175749344610005664e+02 7.603432248096663670e+02 5.147515815392818013e+02 6.372468718067837017e+02 3.130931478803298660e+02 6.927915455960337567e+02 4.729345620182288030e+02 8.021339444264577878e+02
7.631812768333305712e+02 6.877533568174127367e+02 2.698553771840628315e+02 7.243222225148224425e+02 5.927194884665367454e+02 4.377996316351014343e+02 6.671529389070715297e+02 7.726129175352305083e+02
7.170249996582045924e+02 6.558392534992067340e+02 3.731315881355961324e+02 7.230858953310358856e+02 6.125131892112495962e+02 4.152566335001428115e+02 6.401572080479426177e+02 7.858888365761929435e+02
6.552109776549358457e+02 7.425753771632467988e+02 2.777740779741341726e+02 6.425612037465476760e+02 4.329901966913887463e+02 6.023027934523006479e+02 5.893118732898396956e+02 7.698739686777759061e+02
7.794683389561264448e+02 6.736483300387340023e+02 2.656567477951020351e+02 7.381659696196662708e+02 6.016965422462116067e+02 3.923288393623827801e+02 6.892188285437525792e+02 7.715173178942318373e+02
3.630993123427758178e+02 7.536430633383008626e+02 5.946941698433562351e+02 6.445690838179233424e+02 4.193503292032747254e+02 6.068170532984861438e+02 3.676742965784903276e+02 7.835104503631151829e+02
2.995693851078495413e+02 7.330370537063098482e+02 6.451349815694342169e+02 6.368274881053395120e+02 4.748147549173705215e+02 5.688432059726507077e+02 3.959231022388946712e+02 7.369040472153993733e+02
4.606138558805204752e+02 7.638552107384268766e+02 5.096925156411106173e+02 6.480500006697908475e+02 3.704965814150464212e+02 6.723504576344728321e+02 4.387699655925966908e+02 8.096100103121104894e+02
7.489113447302487430e+02 7.345452933199503605e+02 9.471633770033879784e+01 6.885200892410724691e+02 5.389379233780131244e+02 4.953669790536578148e+02 6.889950610271179130e+02 7.233770231229037790e+02
2.604800303253708194e+02 7.024630522814331925e+02 6.645392251874324074e+02 6.288252114432112876e+02 5.077347321533148943e+02 5.347259860088909136e+02 4.188693753476961774e+02 7.182897137247288128e+02
3.931463787756833881e+02 5.821893802443885306e+02 6.276793711988320865e+02 6.012352375189093436e+02 5.050584007117119540e+02 5.078871643920901420e+02 4.850927544964034155e+02 6.608687668730367477e+02
4.051004358437062365e+02 7.488101243280018480e+02 5.311751027894367780e+02 6.443525141171080577e+02 3.750000910517043735e+02 6.204637179519443180e+02 4.254220370547608923e+02 8.029919119427619307e+02
3.572901996682110166e+02 6.588095491127340892e+02 6.063354516148690436e+02 6.155124906922296759e+02 4.624525042848524095e+02 5.051785888027372948e+02 4.222034782792330248e+02 7.024544256859069264e+02
3.408523955011893918e+02 6.962063315193253175e+02 6.007907798721436166e+02 6.303845537404952211e+02 4.507536938462872627e+02 5.488771527335701421e+02 4.344419712923527754e+02 7.295804027689844133e+02
4.119582844752810047e+02 7.424497730065207861e+02 5.434403582058120037e+02 6.412489912637950056e+02 3.316251033084205915e+02 6.464014239896494018e+02 3.868810719198706352e+02 7.952555755825810593e+02
7.507267396855428387e+02 7.270479389619000585e+02 1.414366270013085511e+02 6.936031033953580618e+02 5.454451718799791706e+02 5.262167657026651568e+02 6.770216962232154856e+02 7.383672012371916935e+02
7.588509886249015608e+02 6.861407334426443185e+02 1.974999260380614885e+02 7.224235971906028908e+02 6.082933929529405077e+02 4.750502854135928033e+02 6.916155713425137037e+02 7.500875165247721270e+02
4.954130738988305325e+02 7.585614215954338988e+02 4.835993624576079242e+02 6.220256550140391028e+02 3.363828583965655525e+02 6.892395922894121441e+02 3.932758281024139251e+02 8.094235738172649235e+02
7.176037235920886133e+02 7.349440300065049314e+02 2.164399153224868542e+02 6.737431215377739591e+02 5.004748518116446121e+02 5.346920001785390468e+02 6.165937181945992052e+02 7.411946752697078864e+02
4.792268595381534055e+02 7.601169263952018582e+02 4.826234796046854854e+02 6.352170051970167606e+02 3.483124738387751336e+02 6.639727103576524314e+02 4.195417472026715018e+02 8.175887471616021003e+02
2.755865933567629895e+02 7.395532381130553858e+02 6.531362660638475290e+02 6.672919723272044621e+02 5.035744801702879840e+02 5.671205718915524585e+02 4.555856682422132735e+02 7.527384687370340544e+02
3.419613812117929115e+02 7.921940898780389944e+02 6.193189268427555589e+02 6.834288151965221232e+02 4.477259387296249429e+02 6.057863007185123934e+02 4.084391552094527924e+02 8.141243780310503553e+02
7.353660268656891503e+02 7.580407199624270334e+02 1.803341968112861764e+02 6.135398879230413058e+02 5.274012105418705687e+02 5.615519009152707213e+02 6.352541549345224894e+02 7.553522588604632801e+02
7.551387516705001417e+02 7.445928795938646090e+02 1.392881615470176087e+02 6.351856730222092438e+02 5.494639511584550746e+02 5.296324806002005516e+02 6.614462540783772511e+02 7.475945078809057804e+02
7.738674790761251643e+02 7.307243790611386203e+02 1.109345548212882591e+02 6.533151479723160264e+02 5.722804456616891002e+02 4.927826342858351154e+02 6.661806515213989996e+02 7.331729394827235637e+02
4.891484272234656601e+02 7.790359210366697198e+02 4.443344222426790679e+02 6.447081349074464924e+02 3.422330491614247308e+02 6.827079470477939367e+02 4.423748698532181720e+02 8.330947261555485284e+02
4.268898083395558842e+02 7.798968548028991563e+02 5.488347579781367358e+02 6.655640761819771569e+02 3.860085696937832722e+02 6.641434755060205362e+02 4.077051479350956811e+02 8.298918399656566862e+02
6.598372170718569123e+02 7.720811414132774644e+02 2.621359405623068142e+02 6.176438689724868709e+02 4.280662789996666220e+02 6.170732182303977424e+02 5.868476258744269671e+02 7.754671229690889049e+02
5.675104408506535947e+02 7.772850751479729752e+02 3.614733744569875284e+02 6.108627430944869730e+02 3.106742745124803378e+02 6.646237490388872402e+02 4.940390508542182602e+02 8.163726303933696045e+02
5.943091858188589640e+02 7.773442837572608823e+02 3.230074643972148465e+02 6.042707571008942296e+02 3.412146271602729257e+02 6.435892078950856785e+02 5.070368307668230159e+02 8.059780892074768417e+02
2.693037516158938161e+02 7.168581239503630513e+02 6.516658382953418140e+02 6.451223710223189300e+02 5.100564954270141698e+02 5.453557093642696145e+02 4.538625571569034491e+02 7.328995537636250219e+02
2.928833283737989746e+02 7.514599938944269297e+02 6.271187826255180653e+02 6.510469968529790776e+02 4.596226654223090122e+02 5.637207584790194232e+02 4.107203187196811882e+02 7.614790375971462026e+02
3.011517837112933194e+02 6.916489516342945763e+02 6.813700557033763516e+02 6.601952216724730533e+02 5.435103956026135847e+02 5.142370082866272014e+02 4.803521317605734566e+02 7.208449975055561936e+02
2.515238757332475643e+02 7.381627155058723702e+02 6.379736995476591801e+02 6.546708206652402851e+02 4.797516757933335612e+02 5.587340272459225616e+02 4.325079242206903700e+02 7.500217077894556041e+02
2.771253188666037772e+02 6.967852269488807906e+02 6.744413838557646841e+02 6.383016424465162117e+02 5.308646480236540128e+02 5.333193071453581524e+02 4.422589710752897645e+02 7.049313961635039050e+02
8.089692171207204865e+02 6.585699710302862968e+02 2.527483585915844628e+02 7.554812849450318026e+02 6.468796015700377211e+02 4.344864356948303907e+02 7.125448106645729922e+02 7.700886257470084502e+02
7.455167240534212851e+02 6.172346988095426923e+02 3.844636815392746598e+02 7.459942694318336862e+02 6.697119830900927582e+02 3.632965980903945251e+02 6.974457368536806143e+02 8.108938757676244222e+02
5.990913614383040340e+02 7.716117428846616804e+02 3.543377466541995204e+02 5.975330483517331004e+02 3.406095088236663742e+02 6.550334815297430850e+02 5.129952577584040228e+02 7.904791707461805572e+02
5.956194679460953694e+02 7.779346934484468647e+02 3.595156732373122281e+02 6.050393001273307618e+02 3.335867518735433919e+02 6.740944758818878881e+02 5.058583678469149731e+02 8.035173793192362837e+02
5.678440988518639188e+02 7.774553030238768088e+02 3.562390693737204970e+02 6.211906120030932925e+02 3.096002861969778905e+02 6.609333501885882924e+02 5.512329403844878470e+02 8.167946945045964640e+02
7.831206405055257846e+02 6.931050130429999854e+02 2.301229663879421992e+02 7.286373118772805810e+02 5.552706578123185182e+02 4.049991118955358047e+02 6.980313829056565282e+02 7.447539631818555108e+02
2.380209648381345175e+02 7.437475096936312866e+02 6.254220620985850019e+02 6.518067665686290866e+02 4.712169757258694176e+02 5.588389618685655478e+02 4.199962431051055773e+02 7.544396342954424881e+02
5.112071963855222521e+02 7.529806911877204811e+02 5.219619590675412155e+02 6.287273266620096592e+02 3.269354745462211440e+02 6.694862629258381048e+02 4.597893636574246443e+02 8.078412411990203736e+02
2.551100745804325811e+02 7.330730133093965151e+02 6.353169991695958743e+02 6.534371846942551656e+02 4.879544411543860178e+02 5.455808353968020583e+02 4.280076630972927774e+02 7.439935695406703644e+02
3.571161771739565438e+02 7.443355647444122951e+02 6.017003662991315878e+02 6.376296248620433289e+02 4.199418186523441818e+02 6.117482921605412685e+02 3.685790783363650576e+02 7.713305176858061714e+02
3.123570211881982459e+02 7.686641593202297145e+02 5.934191616945497572e+02 6.592857428402707001e+02 4.345685430549656871e+02 6.116822281142198108e+02 3.981687976506092923e+02 7.862035423313155889e+02
2.815157605769182396e+02 7.596785815162971858e+02 6.050590711952186211e+02 6.569482908508198307e+02 4.441944256571762253e+02 5.898240200497637034e+02 4.011961170956502087e+02 7.754954099486913037e+02
4.216550849674421784e+02 7.731679525519367644e+02 5.227142734154761001e+02 6.722244577836904682e+02 3.684000700303606664e+02 6.591966448697154419e+02 4.085246978801577598e+02 8.349779334800368815e+02
2.775950817068386414e+02 7.453032780260822392e+02 6.082990867762539438e+02 6.488667588223172515e+02 4.480364802785948086e+02 5.733430747289506826e+02 4.141039736418941288e+02 7.590328790713848548e+02
2.934085827329465701e+02 7.047711595702301111e+02 6.651586010035855452e+02 6.621777946575064107e+02 5.244382853548559069e+02 5.241419339380647671e+02 4.726820654474310004e+02 7.279638869073011165e+02
4.925856061887176338e+02 7.733389816249416526e+02 4.746108323447136286e+02 6.534639434260274129e+02 3.365740111128929470e+02 6.827628924512414414e+02 4.383389097641994567e+02 8.319797729107040141e+02
5.161912658795777133e+02 7.714351149039504207e+02 4.495004190388468146e+02 6.412691745755919328e+02 3.191385412102653163e+02 6.916396573270317276e+02 4.573597859168051514e+02 8.232312895656764340e+02
5.535981533579483767e+02 7.722615613931691314e+02 4.130526990142682848e+02 6.309885770367211535e+02 2.996946654111986277e+02 6.951436928704630418e+02 4.907133181456784428e+02 8.205540075934503648e+02
5.617262006779295689e+02 7.778918424351704743e+02 4.121003903048190864e+02 6.210676331453286139e+02 3.052997445426860850e+02 6.913660110295414825e+02 4.917859318856872619e+02 8.192955226296464843e+02
8.040424145700358167e+02 6.571155212338591127e+02 2.539100480256648211e+02 7.537992233843681333e+02 6.244054742992792626e+02 4.337279521308189487e+02 7.227587548969221416e+02 7.721137997586554320e+02
4.147745527021170915e+02 7.466884098456491756e+02 5.214679065076935558e+02 6.174182097746862610e+02 4.041552510431164364e+02 6.374495895997106345e+02 3.712324898556502148e+02 7.591693389815585533e+02
3.681869090060102394e+02 7.371140647317700996e+02 5.865222110000318025e+02 6.321120014381626788e+02 4.363339155724851253e+02 6.175692909652950675e+02 3.771777661213322403e+02 7.487117358244785237e+02
2.663124734936574782e+02 7.130044844392103869e+02 6.556989914658551015e+02 6.376924543318006045e+02 4.746612986242730585e+02 5.566246623683559847e+02 4.198561344064470973e+02 7.240409905777045196e+02
3.796295293010896330e+02 7.284423323179696581e+02 6.432148948047109798e+02 6.205017349585543798e+02 3.560689287529818330e+02 6.255293355026285553e+02 3.634629274048452885e+02 7.201050388433709486e+02
3.049674069772039502e+02 7.054231485085909981e+02 6.598587138625678108e+02 6.138131138296000699e+02 4.997581256897917683e+02 5.619090372734227685e+02 4.127664833573174406e+02 6.987781322048890615e+02
4.970335631147979143e+02 7.818834399625948208e+02 6.926855095790809855e+02 4.799684473334343124e+02 3.551787133575302278e+02 7.158312815556964779e+02 3.592387694351722303e+02 6.843881629362872445e+02
3.152887722761071245e+02 7.479838955044157274e+02 6.045329733879046898e+02 6.374064222668838511e+02 4.450762928840080690e+02 5.852125453813027889e+02 4.073160311180384383e+02 7.561376435136514829e+02
2.609987266248010656e+02 7.292458400909639522e+02 6.409606651445657235e+02 6.567844074807605921e+02 4.917437350009178090e+02 5.398259479876439855e+02 4.385649610350500325e+02 7.430271737062341799e+02
3.761663453980867757e+02 7.218345502911787435e+02 5.638963492405313218e+02 6.256424245379329250e+02 4.078611239603184231e+02 6.044784108179533177e+02 4.066200900950396999e+02 7.582143256637311879e+02
3.004749442664146954e+02 6.984758199553464237e+02 6.790520529777118099e+02 6.656994242599250811e+02 5.347592502946590685e+02 5.220600235853203230e+02 4.805281972325155380e+02 7.275085189119721463e+02
2.692376671917020303e+02 7.509909143821860198e+02 6.300896987712918644e+02 6.487957461630350053e+02 4.840017294166240163e+02 5.643945489850821104e+02 4.173033679579360751e+02 7.563975055435658987e+02
4.029455918177019953e+02 7.576076531955217206e+02 5.730851278614999273e+02 6.335017924144696053e+02 4.119721404313952462e+02 6.074228113258062649e+02 3.819495130786465893e+02 7.823795321371152340e+02
3.594972017585440653e+02 6.876264825625254389e+02 7.252173666796436464e+02 6.962277290560161873e+02 5.937338511547309281e+02 5.030167844322412520e+02 5.340694001238052806e+02 7.428830589782472771e+02
3.687678296581540849e+02 7.818700986920609921e+02 5.616635767487218800e+02 6.512192869569222466e+02 4.306759886057855056e+02 6.204412116596517990e+02 3.896816063982783476e+02 7.952352926010509009e+02
2.617097573768956522e+02 7.615889235580664263e+02 6.222473772193415016e+02 6.614667472574357134e+02 4.750907175329389815e+02 5.784420086741909017e+02 4.169428540641201835e+02 7.712398672122404832e+02
3.631775309146945574e+02 7.737974943018473368e+02 5.550897612032230199e+02 6.550046249379705614e+02 4.164094093632115801e+02 6.018459054752503334e+02 3.796796930717759437e+02 7.927884827672183974e+02
2.704297585179455723e+02 7.638013442774559962e+02 6.245773683482942715e+02 6.610738452501974507e+02 4.706075630202154798e+02 5.955545659926241342e+02 4.148480720399402912e+02 7.730678394057885043e+02
3.194147195130357773e+02 7.745628317984878777e+02 5.871326414561128786e+02 6.575118608552727437e+02 4.409850723938288297e+02 5.890280897263921815e+02 3.956418260231149020e+02 7.846621989673478765e+02
2.541230745614843727e+02 7.583236840299838377e+02 6.233305993562065623e+02 6.574133319328154812e+02 4.724478573544392930e+02 5.688922531626338923e+02 4.084135242488449649e+02 7.661970296022716411e+02
2.865100534285062963e+02 7.147065990928148267e+02 6.687432465338112024e+02 6.637658379951018333e+02 5.223020381386731970e+02 5.331922881774648886e+02 4.677351998956266357e+02 7.318549699325154734e+02
2.612358548472147390e+02 7.348644553763643898e+02 6.413457539101791554e+02 6.587365910979830232e+02 4.896982512775200576e+02 5.523812831396338652e+02 4.384258592617819659e+02 7.481344079092089032e+02
2.412902412336989357e+02 7.410836530890233007e+02 6.254796040758425306e+02 6.519383289609274925e+02 4.645558131113326112e+02 5.593721602868320133e+02 4.194265604305091983e+02 7.544872912268335767e+02
2.801224578981385775e+02 7.212187171965741754e+02 6.653568711934781277e+02 6.614686142101575115e+02 5.076573963535517464e+02 5.465448417974776021e+02 4.601821347238101794e+02 7.363655205535764026e+02
5.488933051173941067e+02 7.763342817552879751e+02 4.109997331361898318e+02 6.067871367973934866e+02 3.130272665722085321e+02 6.672474110517715644e+02 4.680717973203202291e+02 7.919074327093336478e+02
5.649188800475146763e+02 7.830264658850151136e+02 3.903102141978155828e+02 6.066596628823974697e+02 3.222742984578218284e+02 6.804464971161636413e+02 4.711696480579474837e+02 8.112295655208321250e+02
2.898156021816985231e+02 7.093484409041855088e+02 6.661292402941660384e+02 6.621774012242900653e+02 5.234108504724260911e+02 5.322617042606100313e+02 4.667913442266189463e+02 7.280553438489940845e+02
2.981449388726066445e+02 6.849284408690305099e+02 6.645718083699617864e+02 6.327153659813835702e+02 5.451424593634053508e+02 5.390781671735279588e+02 4.699993854494338734e+02 7.024956121782457785e+02
3.277331578384906834e+02 6.872488979588248412e+02 6.965818595076540305e+02 6.763863745861387997e+02 5.626132370695225973e+02 5.057826976684508509e+02 5.054781723257249268e+02 7.300364250902030108e+02
2.548573489293385421e+02 7.352309493156200233e+02 6.367603444468301177e+02 6.570697289626608608e+02 4.887647533661760804e+02 5.539106450386946108e+02 4.330475749653977005e+02 7.468682839083686531e+02
2.747040873276665707e+02 7.271236885168734716e+02 6.456854722279442740e+02 6.619620857954680559e+02 5.041455839412938644e+02 5.410502474486431765e+02 4.485127499309905375e+02 7.434704753356496667e+02
2.486646389798541747e+02 7.086689123590745112e+02 6.669634309770685832e+02 6.201630157829559948e+02 5.303953653413177562e+02 5.463046823083705021e+02 4.347325851343148315e+02 7.206879225528521147e+02
2.671599772987512438e+02 7.171040596213053959e+02 6.582467666644070050e+02 6.230827743163291643e+02 5.083899070147629686e+02 5.618954731970920875e+02 4.249013549667762391e+02 7.220342608656028460e+02
2.496977616480317579e+02 7.143859526496175931e+02 6.659248183328053301e+02 6.229259245899401094e+02 5.248240628630470610e+02 5.581651110640229945e+02 4.338849965773414397e+02 7.226462603722594622e+02
2.497196973318493463e+02 7.058507331571792065e+02 6.637147057223829734e+02 6.189798932737587620e+02 5.239398462466680257e+02 5.451740376168316971e+02 4.254596355352764476e+02 7.175786388710573647e+02
2.648765625981189373e+02 6.965231794810752035e+02 6.682793726405816415e+02 6.147153538050685029e+02 5.364223646652111483e+02 5.387517201696929305e+02 4.394361439478813054e+02 7.067927877633820799e+02
3.601440038743903642e+02 7.884272797358868274e+02 5.847933644822227279e+02 6.795618800402247643e+02 4.255990491221390357e+02 6.102894590855257775e+02 3.818726671060640001e+02 8.185244460187768709e+02
3.015249010637089100e+02 7.058872030500662049e+02 6.798543357407876329e+02 6.690570213279389691e+02 5.402937486669165992e+02 5.274257180562857457e+02 4.863190968976219892e+02 7.315475796712527199e+02
2.619863388895961407e+02 7.348656244191109863e+02 6.455420463377641909e+02 6.594598748660749834e+02 4.943811911114827353e+02 5.628273931294331760e+02 4.410337483558774352e+02 7.479327390988601110e+02
3.134975705099060974e+02 7.747829149030509370e+02 6.039351345418391475e+02 6.691297744436880066e+02 4.416654990538724519e+02 5.875761599289478454e+02 4.039952434639164380e+02 7.943762492573587224e+02
4.798816857659223842e+02 7.868022340976187934e+02 4.573407778904089582e+02 6.436306167190407450e+02 3.566116931857360441e+02 6.691354421990480432e+02 4.232666521335095808e+02 8.229655518181042453e+02
6.118648211627612454e+02 7.543276079429339234e+02 3.287871675461427117e+02 5.927809351692948212e+02 3.899572046311230338e+02 6.433547827495383444e+02 5.567140794001630866e+02 7.767348576722231428e+02
6.517879229453218386e+02 7.481858405647333257e+02 2.709331128539573115e+02 6.057088862223458818e+02 3.982995133459936028e+02 6.042102328179821598e+02 5.841424251848210361e+02 7.672947531847042910e+02
4.782346668929535554e+02 7.512654304404260301e+02 4.783078851336954926e+02 6.062927728212316651e+02 3.669749480008790101e+02 6.826025431232242227e+02 4.023072040588099298e+02 8.051168635229366828e+02
5.066770939840769188e+02 7.462247170552597026e+02 4.766203476129850287e+02 6.145936945592251277e+02 3.173674839209762695e+02 6.832794462707796583e+02 4.713222575800667755e+02 8.068774526245796324e+02
6.290521582729899137e+02 7.448441276503851896e+02 3.386113807821103592e+02 6.096051686380230876e+02 3.901718302998075956e+02 6.135049767598970902e+02 5.491910767329171676e+02 7.689075731312597100e+02
4.726119521523133926e+02 7.666412963853391602e+02 4.682085480286020811e+02 6.298637515318840769e+02 3.656378237650094434e+02 6.594256294005323298e+02 4.693367817115606044e+02 8.101228114172791948e+02
5.203763835151517014e+02 7.693480842029127871e+02 4.416183911746675790e+02 6.271372418441869740e+02 3.481109556057128316e+02 6.323725277146111239e+02 5.275121076716703783e+02 7.962824190946117824e+02
4.438234981591213000e+02 7.751485237786831703e+02 5.260760016942715538e+02 6.574999219116334643e+02 3.882267986850484931e+02 6.763878037918528889e+02 4.391328319445290163e+02 8.230232837438453544e+02
3.643657364062049737e+02 7.668068439540330701e+02 5.899061113290435969e+02 6.529589263637348040e+02 4.220508435620786258e+02 6.216591432133531043e+02 3.811457956770868805e+02 7.948596713376222169e+02
2.421388813398674813e+02 7.341034829499036505e+02 6.364442515190612539e+02 6.422986966743719677e+02 4.828999165189788414e+02 5.685399131371488011e+02 4.182821932383282046e+02 7.425447641744225393e+02
5.149446583541591735e+02 7.538139215695500752e+02 4.544621433178270422e+02 6.257036078488392832e+02 3.482788375834093699e+02 6.676314221553002426e+02 4.850576135819046613e+02 7.924286314010213346e+02
4.871684199041354191e+02 7.613942452157696152e+02 4.609808835634995035e+02 6.298141469973653557e+02 3.605319810540753451e+02 6.539170883788229958e+02 4.675410031321847555e+02 7.976399750015950758e+02
4.314318152069004100e+02 7.422532739839080023e+02 5.122288045556722409e+02 6.298853224316916339e+02 3.932059313142970609e+02 6.568995882957642607e+02 4.312184931147576776e+02 7.738214252868555150e+02
6.594260603748988387e+02 7.517691770893287639e+02 2.947599955634132129e+02 6.183586870414922032e+02 4.556286095558091347e+02 5.956084258731317504e+02 5.954484277808455772e+02 7.612473846939521991e+02
4.218416107052908615e+02 7.351256866569333397e+02 5.497667719742026975e+02 6.356780820834256929e+02 3.978563905189279808e+02 6.419834637930218832e+02 4.279530229207015282e+02 7.776543061128656973e+02
6.450502468218675176e+02 7.475847664678932460e+02 2.717464704705178065e+02 6.180227394527672686e+02 4.300222470878551917e+02 6.176677155096529077e+02 5.484087122352118513e+02 7.664367655506796382e+02
3.779213241217089490e+02 7.284541756229035627e+02 5.947191104785051721e+02 6.261914062471632860e+02 4.245393016725137727e+02 6.056221515994583342e+02 3.862510321419771344e+02 7.557648275533175592e+02
3.948736008974537981e+02 7.360105848138937290e+02 5.833550370044511055e+02 6.344221144140421984e+02 4.153105459635278862e+02 6.139025327560520964e+02 3.952340099190278693e+02 7.679786005155157227e+02
3.483459849949981049e+02 7.781854984740307373e+02 5.924784560843986583e+02 6.663867655383199917e+02 4.330573634980904671e+02 6.125083201055538211e+02 3.930493052411743520e+02 8.014930115448911465e+02
4.106314334641171513e+02 7.295804114886356047e+02 5.726109603904204732e+02 6.301582633311982136e+02 4.171007587938650545e+02 6.192748523076741094e+02 4.117004280540265313e+02 7.594853233543292390e+02
3.634300182262418843e+02 6.880370327486144788e+02 7.276930069473692129e+02 6.977723843670110000e+02 5.897388143752631322e+02 5.043297543774996257e+02 5.325808317588171121e+02 7.444315530342161082e+02
2.717134084773935001e+02 7.142053466161125925e+02 6.432705059837813906e+02 6.395354181258568360e+02 5.048683511022332482e+02 5.531476731155944435e+02 4.443371910349634391e+02 7.227213362968914225e+02
3.167658440991434645e+02 6.219102302916303415e+02 6.514138022739011831e+02 6.009103238623945344e+02 4.197884740875211378e+02 5.405027646320032773e+02 4.052243809041425493e+02 6.898653851548845068e+02
2.865748187163010243e+02 6.909407267301713773e+02 6.854346992792476385e+02 6.173995162012842002e+02 4.832340568495264392e+02 5.339736142515844222e+02 4.123684792461670554e+02 6.983533110638103381e+02
3.819242704290999200e+02 7.468945032629354728e+02 6.110567631761892926e+02 6.291502786156014508e+02 4.219017626533913585e+02 6.357876016131622237e+02 4.137958914312319507e+02 7.694867931683853612e+02
3.533363154218307614e+02 6.850179440350086679e+02 7.179151866690697261e+02 6.904759521784712888e+02 5.867354652754440849e+02 5.013434655348982005e+02 5.246789624108007501e+02 7.386091289209953175e+02
2.524332319701174470e+02 7.402460293368609427e+02 6.333112746757759624e+02 6.573517107476851606e+02 4.799182461433100571e+02 5.702732747416836219e+02 4.335090414505956460e+02 7.532777193508250093e+02
5.137150380399205005e+02 7.790412725930782472e+02 3.939693774907381680e+02 6.236889915245998282e+02 3.257840032432690691e+02 6.771733909186012852e+02 4.940851121161908281e+02 8.113508513435884879e+02
3.756262834613478958e+02 7.762867777261076299e+02 5.492532074483067390e+02 6.357615783363743276e+02 4.346799140252188067e+02 6.275265867622699716e+02 3.852699179361363804e+02 7.683511989228713901e+02
3.003048845207391082e+02 7.553816350340878216e+02 5.751427644434237436e+02 6.427768231948574567e+02 4.451726732786488014e+02 5.902099491194367147e+02 4.018322691869450978e+02 7.591082754813743350e+02
4.382851394629801121e+02 7.853873460581245354e+02 5.406975308354044500e+02 6.684928231259965514e+02 3.799188563658684643e+02 6.531481434569255953e+02 3.837457853026549515e+02 8.351864005045745216e+02
5.614324044270732657e+02 7.626592075045432466e+02 4.006880622514863148e+02 6.121390877825956522e+02 3.281736937371869658e+02 6.571461219454079128e+02 4.772935723621902753e+02 8.007835274362242899e+02
5.247781717239737418e+02 7.773451481684554665e+02 4.359443164258977959e+02 6.287406804665425852e+02 3.310646994111096433e+02 6.716369663072387084e+02 4.580496006703211265e+02 8.141522860618442792e+02
2.975200319267636360e+02 7.688786415933201397e+02 6.209261970464018532e+02 6.623278919923575359e+02 4.544728525208129213e+02 5.774515395690904143e+02 3.968376464468372546e+02 7.819064735990017425e+02
6.374889972962765796e+02 7.415216000490480610e+02 2.807975068922199284e+02 6.079329440524754773e+02 4.248711812145066347e+02 5.695826389865142119e+02 5.542891239796679201e+02 7.615426962918883191e+02
2.677360584386854612e+02 7.287210093789307166e+02 6.463410502333809973e+02 6.592185613077713242e+02 4.977835555765197455e+02 5.425241721017077907e+02 4.445386697867685939e+02 7.429547400208983845e+02
3.678397208516395267e+02 7.746985615661853899e+02 5.721001420669920208e+02 6.639225152597814485e+02 4.056316068610959746e+02 6.145066617952254546e+02 3.687834872649690965e+02 8.103446932019799078e+02
3.335200814043599848e+02 6.851001955101338581e+02 7.056242370250506610e+02 6.793477609763530154e+02 5.679887379239308984e+02 5.036730952527720433e+02 5.108568390218924264e+02 7.315551774038738131e+02
2.869172926316961707e+02 7.136193843150848579e+02 6.702609082460808168e+02 6.638534490569877562e+02 5.218061387253751491e+02 5.300892842000404244e+02 4.663325606939408772e+02 7.322171074360892362e+02
3.529237045243006037e+02 7.759699953030356028e+02 5.522768103960039525e+02 6.549125057237669125e+02 4.148877348551994260e+02 6.276372371527708083e+02 3.727714926996445115e+02 7.958393078236529163e+02
4.013825417128005597e+02 7.683786448493503940e+02 5.459636228036696366e+02 6.592017094018516445e+02 3.678885909609766713e+02 6.532826832243697481e+02 3.625404332137088090e+02 8.152409624845463441e+02
2.992166539642606722e+02 7.026062873217658762e+02 6.777727055336094963e+02 6.667098517804939775e+02 5.368279942101039524e+02 5.240330917352166580e+02 4.858361639656230864e+02 7.288496977876023948e+02
2.703018327480940570e+02 7.472071894605891202e+02 6.227459301173909125e+02 6.493424838916270119e+02 4.638886022193318013e+02 5.815228548602160572e+02 4.196279139660710484e+02 7.510830421132658330e+02
3.139362423530241131e+02 7.411720781675825265e+02 6.174167338533416114e+02 6.129945014830809669e+02 3.865778932672712358e+02 5.939442205221461109e+02 3.652234148104442966e+02 7.338793326925404017e+02
3.406985821574768920e+02 6.887772042162715707e+02 7.082377738067960991e+02 6.846540957016810580e+02 5.745010189449435529e+02 5.065344643888517453e+02 5.137046424991733602e+02 7.362507432553674107e+02
2.686907549363989460e+02 7.057936199124645782e+02 6.656909798316413571e+02 6.355037836772158926e+02 5.148498932588295247e+02 5.413904217599491631e+02 4.392733996250952373e+02 7.277697263827470806e+02
3.059523531952140729e+02 6.560101974819219777e+02 6.842735907546556291e+02 6.066215963604317949e+02 5.635750092656651304e+02 4.926768590540215769e+02 4.565252179711999929e+02 6.926366815774814540e+02
2.687004080514860789e+02 7.023428759558501042e+02 6.675328820204917974e+02 6.340187449015510310e+02 5.187761280647187050e+02 5.337929904500797420e+02 4.415117993364367521e+02 7.284783170886196331e+02
2.856198844764001024e+02 6.824461956937303739e+02 6.747803911183149239e+02 6.226745968123328794e+02 5.413991257207388799e+02 5.194635217284998134e+02 4.490636844469361790e+02 7.166731013340347545e+02
4.161024607899772718e+02 7.786542568458793312e+02 6.701423726498074984e+02 4.265573319536910617e+02 5.320727387280331868e+02 6.772819957103420165e+02 3.839069558753150773e+02 6.515446607425957382e+02
2.982310857278695266e+02 7.142378036951928379e+02 6.792031574579706330e+02 6.698640402986026174e+02 5.283117554600077028e+02 5.376541812283388708e+02 4.771889059000765201e+02 7.350450475500124412e+02
3.362294556305784567e+02 7.518724927961939102e+02 5.674120901523581324e+02 6.383894909025842708e+02 4.241277300008881639e+02 5.907556602425313486e+02 3.995781211204418923e+02 7.650523550851332857e+02
2.509356937409339992e+02 7.533183343014970887e+02 6.319047382122435010e+02 6.632366586068037577e+02 4.705986937038937867e+02 5.827686848270046767e+02 4.259205557259525676e+02 7.676506502222505333e+02
2.654496352719997390e+02 7.410106976649275339e+02 6.489120194429387993e+02 6.635072475439751543e+02 4.822187608191691197e+02 5.700855086468515083e+02 4.353871295673953341e+02 7.535931174438735525e+02
2.727805175717367661e+02 7.338012421163476802e+02 6.570668337114809674e+02 6.634640247515086457e+02 4.959361577923645541e+02 5.642849508826892588e+02 4.490152867366709302e+02 7.472348974090235743e+02
2.654495793657527543e+02 7.244146253419871755e+02 6.298377498109440467e+02 6.420216021737087431e+02 4.924701626134875596e+02 5.556781858848316915e+02 4.254120884188731111e+02 7.353922614929812198e+02
2.908134928215687296e+02 6.877057781891660397e+02 6.784837428894244340e+02 6.122028555533992176e+02 5.322438956351433035e+02 5.136353220613503936e+02 4.471955457468918098e+02 6.875112907444654411e+02
2.686187556823236946e+02 7.238555116470704434e+02 6.623048806694264385e+02 5.317521795774435986e+02 5.487652119891649818e+02 5.490066179399367456e+02 4.083513197481336192e+02 6.703163325182440531e+02
2.498575451693221225e+02 7.983224988572626444e+02 7.452303004739561629e+02 6.399540155763221492e+02 5.080110257055227976e+02 6.193638081235776554e+02 4.803571848633336003e+02 7.623319326437002701e+02
3.013398002450258559e+02 6.979311649070949670e+02 6.766477200150447970e+02 6.669113841198898172e+02 5.382107584096626169e+02 5.198500934386021299e+02 4.793137992838144896e+02 7.276799089056379444e+02
2.823019252375607948e+02 7.111381626660320308e+02 6.650912527069277758e+02 6.596275506535339446e+02 5.172612280536131948e+02 5.271415704523459453e+02 4.618011546971513894e+02 7.286045387094726493e+02
5.665164954324928885e+02 7.206225517818681965e+02 3.630976807588947395e+02 6.000479809208341067e+02 3.720609843962281502e+02 5.686837239295007294e+02 5.201628500304678937e+02 7.446920019589665571e+02
2.877252204530123549e+02 7.094746463533815586e+02 6.725661329500348984e+02 6.621480890324037318e+02 5.247490685368442200e+02 5.282186883323787470e+02 4.667789919201658790e+02 7.295364664010980960e+02
3.130352449559001116e+02 7.630491522406587137e+02 5.930630468406474165e+02 6.433256968076575504e+02 4.352251819553537189e+02 5.973723968198613647e+02 3.856495871860662419e+02 7.702091679065217704e+02
2.472905290773892091e+02 7.480444028258401659e+02 6.165985467818801453e+02 6.576093878459244024e+02 4.660321534232201657e+02 5.540730877757447388e+02 4.218347022430077118e+02 7.639667995379413696e+02
2.812670225525860133e+02 7.442010121105206508e+02 6.645362833148992650e+02 6.726923681439393476e+02 5.100099852698273821e+02 5.536565795135849157e+02 4.566793620429274938e+02 7.580775210580828798e+02
3.377904145429691880e+02 7.978942776596534259e+02 6.270882638987080782e+02 6.907054957502344905e+02 4.559517976974521503e+02 6.083151105786450898e+02 4.160672538360710746e+02 8.211058520304721924e+02
2.897018225069729169e+02 7.307195158591385962e+02 6.735399894793849853e+02 6.718841323673659645e+02 5.228680673253694522e+02 5.477482212770534034e+02 4.720357254567822451e+02 7.464820014803439108e+02
2.866595166176931002e+02 7.353682896699955336e+02 6.692196725115240952e+02 6.723405117392431976e+02 5.189275563921637513e+02 5.486087535311818328e+02 4.652686080680427949e+02 7.506045687799836514e+02
2.917662215363696419e+02 7.295957840129971146e+02 6.761395326754633288e+02 6.731270958737212595e+02 5.261135019527465602e+02 5.437622674278206887e+02 4.714159188864258567e+02 7.461015168460685345e+02
2.592615712707176385e+02 7.368781190364265967e+02 6.397202085338889219e+02 6.576729587902430012e+02 4.864023160971752304e+02 5.657674658592386550e+02 4.357079964523768467e+02 7.496081003260516127e+02
3.131483863509172920e+02 6.942711007758530286e+02 6.884091418437561742e+02 6.691577087579561294e+02 5.488867899922502147e+02 5.140419354166468793e+02 4.915802244775350118e+02 7.276209663933008187e+02
2.470897900029663674e+02 7.531058973382373551e+02 6.233644869687116170e+02 6.589747697037969374e+02 4.692701571701261969e+02 5.735575175706409254e+02 4.173102756447574961e+02 7.651691101590416793e+02
3.835622994033124655e+02 7.802025276347303588e+02 5.488117324901847951e+02 6.669221491353869169e+02 3.995523404358306152e+02 6.344020586639855992e+02 3.807759997537575032e+02 8.200240744452004265e+02
3.597519537839582426e+02 7.849338883773065163e+02 5.524077552855453632e+02 6.622508258393760343e+02 4.187837299240097195e+02 6.217343945869096160e+02 3.894265359332720209e+02 8.042776447047899637e+02
2.911514608280303946e+02 7.120253832908728100e+02 6.562636110174235000e+02 6.615517002038052397e+02 5.235155324479920864e+02 5.215044423328531593e+02 4.647265251386521641e+02 7.303203392574150712e+02
2.854754549702116719e+02 7.153664801387700436e+02 6.680176972127343333e+02 6.626660656156577716e+02 5.172698137525815127e+02 5.390536447246734042e+02 4.665247491992919322e+02 7.323981205341591476e+02
2.569889726009505466e+02 7.352275241570987419e+02 6.205536528121234596e+02 6.509087763067637979e+02 4.766349490218162259e+02 5.556503440315126454e+02 4.315507554735193025e+02 7.472995984723480660e+02
2.799661260211680087e+02 7.225087877683530451e+02 6.426060623084063081e+02 6.584952457832446271e+02 5.050414731325039952e+02 5.365067057854537325e+02 4.530427281940017110e+02 7.379154731272009258e+02
2.571182006637684481e+02 7.351919945562327712e+02 6.208147611993450710e+02 6.513816505801262338e+02 4.820857128250391952e+02 5.625360356540866178e+02 4.303713899203621054e+02 7.453490124994136750e+02
4.677353487499338485e+02 7.981717245116797130e+02 5.486810312095078643e+02 6.742609611217510519e+02 3.826282874281263275e+02 6.955138866025808966e+02 4.218842730995375518e+02 8.434134652875255824e+02
6.708638787263987524e+02 8.170335731323984874e+02 2.992181593095902485e+02 6.163471796647423844e+02 4.302952660272861749e+02 6.591106337820301633e+02 5.762528558945732584e+02 7.850387013141710213e+02
3.393202620785793897e+02 7.871592960943005437e+02 5.863315392250060540e+02 6.710296434755133532e+02 4.387360696065483125e+02 6.183270616209053969e+02 3.968186839304568139e+02 8.069642079990118191e+02
6.465516506398765841e+02 8.111650999557296018e+02 3.450033688020016029e+02 6.116800041978771105e+02 3.465204329743094149e+02 6.672227172967966453e+02 5.248162470938176511e+02 7.950948738698704119e+02
4.071359330885998702e+02 7.725253376480828820e+02 5.329926628144670531e+02 6.329857685784986643e+02 4.060358798043895945e+02 6.303812277711627985e+02 3.694944345769508800e+02 7.776137121845731599e+02
