2.664251998881513472e+01 1.523339560988084429e+02 1.083605097057590569e+02 6.547905318918279249e+01 1.418429808297114789e+02 5.323923465551165890e+01 4.296445803185683587e+01 3.229630927772614513e+01
0.000000000000000000e+00 1.500393699219342807e+02 1.094585028292662088e+02 7.996668618726074840e+01 1.431964083695678482e+02 6.817918773547818034e+01 5.662571966381317168e+01 4.348539636163212663e+01
3.281399616392913998e+01 1.497687750381297178e+02 1.027263908238934391e+02 7.568041619055665592e+01 1.409572441386314949e+02 6.548986735662975889e+01 6.414413234968513677e+01 3.167358608703487022e+01
2.553669076292297646e+01 1.514822063301917581e+02 1.059970776979974971e+02 6.818657865107488192e+01 1.407917624769678469e+02 5.431643344218976921e+01 4.949957457490360468e+01 2.732894052705239574e+01
3.263911068649036196e+01 1.499833242519530927e+02 1.036212605394522086e+02 7.267432637808308016e+01 1.430481526088283886e+02 6.817397756333811287e+01 6.204396434345942168e+01 3.389329954303582326e+01
6.048616298647046108e+01 1.531626749983686864e+02 1.135387335679618133e+02 8.928648765315872993e+01 1.381604385263531753e+02 1.927838244808812718e+01 6.191589844487477734e+01 4.469665445383305524e+01
1.651381546007526069e+01 1.517809482006141479e+02 1.098525582262668081e+02 6.984689399618255834e+01 1.420629607681020730e+02 5.905558584977998038e+01 4.524808460205318994e+01 3.791199473636672934e+01
4.348539636163212663e+01 1.476457232334287539e+02 9.850090864608976915e+01 7.769665081184631106e+01 1.405180283946749284e+02 5.016087585898546308e+01 6.308142756602107681e+01 0.000000000000000000e+00
1.456301319960525831e+01 1.495990018325124993e+02 1.082621444494806866e+02 7.559222383141572266e+01 1.415138327817988966e+02 5.810638239841071595e+01 4.967992170043593347e+01 3.735799333853525184e+01
3.189730625614656390e+01 1.502918582942496641e+02 1.024889139771878632e+02 7.585113998942514968e+01 1.405660892048782955e+02 6.395634697790737278e+01 6.372005991875046504e+01 3.007637199488908308e+01
1.488142899104538763e+01 1.510955262684884985e+02 1.095290255123106391e+02 7.228354239618631993e+01 1.414925319217919366e+02 5.768218545038459411e+01 4.613932451965338544e+01 3.759263202948330473e+01
1.179541989797571233e+01 1.500185036743029059e+02 1.098253616078240356e+02 7.475226689225294763e+01 1.432982744369438706e+02 7.064931524582952704e+01 5.387773158459237521e+01 4.310179572970847062e+01
3.633611045382087212e+01 1.493805356115199459e+02 1.045586707259075183e+02 7.580356701954472953e+01 1.442979110614048466e+02 6.334559148100174752e+01 6.352813854063128929e+01 2.387619629872867577e+01
8.136028372533951725e+00 1.491237495024840314e+02 1.088283154136502020e+02 7.858189388798632535e+01 1.438313563093771847e+02 6.839894720656785410e+01 5.566577790369318279e+01 4.195146882802249877e+01
3.014699543083694522e+01 1.506784652984575530e+02 1.014272332550642233e+02 7.488314833345182819e+01 1.381085333985600130e+02 5.769675585187333411e+01 6.030060465999196850e+01 2.622916648015703700e+01
1.379213218479823411e+01 1.494389477176556227e+02 1.096524632989669499e+02 7.758463436145358116e+01 1.417926994181400175e+02 5.778525211705665754e+01 5.013193658975087885e+01 3.901812648154788121e+01
2.913305752865160869e+01 1.509597784684839041e+02 1.018416325980867043e+02 7.246005262297302352e+01 1.403860626933542051e+02 6.186259327868187086e+01 5.778742658349722916e+01 2.983733888941187473e+01
8.916318798466049245e+00 1.499953117993092917e+02 1.096272090433140391e+02 7.778870633141994517e+01 1.427589599839180607e+02 6.392803945687661127e+01 5.406506003900815926e+01 3.989657273732072440e+01
3.417606007318141081e+01 1.494928051355525440e+02 1.020949447573584479e+02 7.283857378965539908e+01 1.420524956325190260e+02 5.764785603064200359e+01 5.954330788019002796e+01 2.032197978787957737e+01
3.211806399625662323e+01 1.497738539407242229e+02 1.027668102498224130e+02 7.305108692377147861e+01 1.412790440172549609e+02 5.803436194090372169e+01 5.954092130456788823e+01 2.245344732739610905e+01
3.203711936261763782e+01 1.496882604483416515e+02 1.011562214848184595e+02 7.587681386806525552e+01 1.392042234892091699e+02 6.065218922120082112e+01 6.276287922557465038e+01 2.754555121959327124e+01
1.358396538353468941e+01 1.495140411277205033e+02 1.102942332635254701e+02 7.713944169950771368e+01 1.422834943825627363e+02 5.906611792240416037e+01 5.005613737796913654e+01 3.951133585356283362e+01
6.546557884458148635e+01 1.535241101876083860e+02 1.114377988850590810e+02 9.519241646963611458e+01 1.382007006673066769e+02 1.365008896136382255e+01 6.789631718725640042e+01 4.445810126639587878e+01
3.054827958260048604e+01 1.490519830464172060e+02 1.024303468986461638e+02 7.337881331396651774e+01 1.382051365068693656e+02 5.133610433842029153e+01 5.654219122064705516e+01 2.048865828617455165e+01
3.041799101893290569e+01 1.542196377180520983e+02 1.142272905967145533e+02 6.314735994214414916e+01 1.413492000374962743e+02 5.616741723078225590e+01 3.726798855556518220e+01 4.665244489604792477e+01
3.089438049661125518e+01 1.495428279385880899e+02 1.033550103879890827e+02 7.512515756082976282e+01 1.407375005126831127e+02 6.385739980211516098e+01 6.206039157184747523e+01 3.014079002496450244e+01
2.924852163150912787e+01 1.532505264075827824e+02 1.101055322317847498e+02 6.477893372251122628e+01 1.430069769831684710e+02 5.315962853325717674e+01 3.963207882465151499e+01 3.576982006131574110e+01
3.175827800604084672e+01 1.501938248020598508e+02 1.029157475521232357e+02 7.509079180617277416e+01 1.402705821548001666e+02 6.233437794578198776e+01 6.310298416586824288e+01 2.886910531608796404e+01
1.191017127583184454e+01 1.501291579192936183e+02 1.098783101047187358e+02 7.917591803349741042e+01 1.441761916630136398e+02 7.316455768400560089e+01 5.860315317330667284e+01 4.689577421618428588e+01
9.839143395279375426e+00 1.487432684698539447e+02 1.107054020568935471e+02 8.430834334232352489e+01 1.425082650626612235e+02 6.339444179112977196e+01 5.833197837158928678e+01 4.279641797298761929e+01
3.183945618691747370e+01 1.498453408893795427e+02 1.022533349524960045e+02 7.541461759829493872e+01 1.402376882950658796e+02 6.297500819741529909e+01 6.293547275642073657e+01 2.930142381512914085e+01
3.377667013167302912e+01 1.493823233479803037e+02 1.047167514593929383e+02 7.528397318615610345e+01 1.428714333871872952e+02 6.072550949524921293e+01 6.111130200447388461e+01 2.307591502588004317e+01
1.260132282350386745e+01 1.488121673223915877e+02 1.105156388060658941e+02 8.657338011097085939e+01 1.424014322735577878e+02 6.274359814871903041e+01 6.008015752180645563e+01 4.299431608714537134e+01
1.976812043573696442e+01 1.527737439647992232e+02 1.102616284425688065e+02 6.709784552004272484e+01 1.414662056370179073e+02 5.768234389013483820e+01 4.245675307754536476e+01 3.897782851868520737e+01
3.342104941068787127e+01 1.495868772345141622e+02 1.012508878740744933e+02 7.479545650784524469e+01 1.410380112195349795e+02 6.486438450178792436e+01 6.281155857401736142e+01 3.114052724698359498e+01
3.060586996769851353e+01 1.506641601276413382e+02 1.024693345404711096e+02 7.546467963812304447e+01 1.392989250727626427e+02 6.146846226316058193e+01 6.210364984229259733e+01 2.876409224288158484e+01
2.818396998931075359e+01 1.506529569411315492e+02 1.071465492540641264e+02 7.060101058659031992e+01 1.423381626171841106e+02 5.559738870813323075e+01 5.337180181642195009e+01 2.531353290757133223e+01
2.622345667929885238e+01 1.527009238558742652e+02 1.099699138971401879e+02 6.450782200692179913e+01 1.420813557739275552e+02 5.574509139822698955e+01 4.343464456096510418e+01 3.587247926312393531e+01
5.227865813932368155e+01 1.518142499269123391e+02 1.115654791584955490e+02 8.538661176019220989e+01 1.350628142388430888e+02 2.140018784423121545e+01 5.791877450942247663e+01 4.288850845959586167e+01
2.613465261043277721e+01 1.513101616410514225e+02 1.066871753526392723e+02 6.962531430869992732e+01 1.396599330224224502e+02 5.152707900007233377e+01 4.909024945700872422e+01 2.816814234147660301e+01
3.132395214405193684e+01 1.501098644356457328e+02 1.027741628140075107e+02 7.463100586040864926e+01 1.415934842479290694e+02 6.436179108276799354e+01 6.265022686036594024e+01 3.024014354853221676e+01
1.482255071993991891e+01 1.512745504461732651e+02 1.110012446962890635e+02 7.192686950673022750e+01 1.438119059111067770e+02 6.275248941797632796e+01 4.832906918510143157e+01 3.963193504768480580e+01
3.055135408227807403e+01 1.507902648221763400e+02 1.026731853200335962e+02 7.552895720059385098e+01 1.391376187966618829e+02 6.240018945589902444e+01 6.245841878418910653e+01 2.974493605423259268e+01
1.500393699219342807e+02 0.000000000000000000e+00 1.000460064365360608e+02 1.647220804752559218e+02 7.126299195977398426e+01 1.565888601423216073e+02 1.549990308066372791e+02 1.476457232334287539e+02
3.917852012192318512e+01 1.494155225205911393e+02 1.052863273968765014e+02 7.406940162101376757e+01 1.466152597395767714e+02 6.756478183777699087e+01 6.452365038510308182e+01 2.817775560985356975e+01
2.997285951377378765e+01 1.503681019376988957e+02 1.034025329352919300e+02 7.600406868367322488e+01 1.392813042132250700e+02 6.176775752137013598e+01 6.256295142155634892e+01 2.894827317830700864e+01
3.005629429615282788e+01 1.507438598168887438e+02 1.027193807519759758e+02 7.582248313666846684e+01 1.395904109661114774e+02 6.192584848277867593e+01 6.206771900910079154e+01 3.001174227379275194e+01
3.215190409087069412e+01 1.498273794300656334e+02 1.038331308061133598e+02 7.573324331611873106e+01 1.427573690081939901e+02 6.781004625161324384e+01 6.403951851194217681e+01 3.307373812814460479e+01
9.578035970405114341e+00 1.498710128420413525e+02 1.082586602582359347e+02 7.591038355234316271e+01 1.431690676320639568e+02 6.403676059087041494e+01 5.264838674962025777e+01 3.947197287731045634e+01
2.751238286129189703e+01 1.531961669837892259e+02 1.104600523034963402e+02 6.616836504934489938e+01 1.410076578987033713e+02 5.277132155063444685e+01 4.121058793942609100e+01 3.699812989797959517e+01
3.143662521263281207e+01 1.505719873466777301e+02 1.032723382989574503e+02 7.508706009864673092e+01 1.413605544261102409e+02 6.598557677462586923e+01 6.407679906670152548e+01 3.266074842498198194e+01
1.407651752730925132e+01 1.504229921216733601e+02 1.089440798823423648e+02 7.449368296233944875e+01 1.407981092960403373e+02 5.782074771050886142e+01 4.811936687718859673e+01 3.790407182387286866e+01
2.954971917423865690e+01 1.505134719972335517e+02 1.039372449182012019e+02 7.423403645441855758e+01 1.407609665393072760e+02 6.371395429133078636e+01 6.062947424630367266e+01 3.044539297062955185e+01
3.097133707126682012e+01 1.506177334561199075e+02 1.035467079693123651e+02 7.588237862932132316e+01 1.407676892195860887e+02 6.509845163957182024e+01 6.367418576412385534e+01 3.108267596876482841e+01
3.279669965460850278e+01 1.503511468904769686e+02 1.023342680475983286e+02 7.361885228646096380e+01 1.407267296887376347e+02 6.572829923825273113e+01 6.189735885803896309e+01 3.166336048021378957e+01
3.015973077240753142e+01 1.507934340473280201e+02 1.029650515194934002e+02 7.465787035742431499e+01 1.394186933313575594e+02 6.271928629874321359e+01 6.130364970842438055e+01 2.965637371344801210e+01
2.580699679568830618e+01 1.529114487370475501e+02 1.081770035434123400e+02 6.395360745928446278e+01 1.427814111930738932e+02 5.642196889043376729e+01 4.374181795844798160e+01 3.327295728215682402e+01
1.059119509491174682e+01 1.504347254108841412e+02 1.096393013327478059e+02 7.509003968161604803e+01 1.434450551476285227e+02 6.597291858989672164e+01 5.180396406927318509e+01 4.101836129393842612e+01
3.110211301849458110e+01 1.508007355873556889e+02 1.007470037526966138e+02 7.422358542126845293e+01 1.406478095383753839e+02 6.113054521920010131e+01 6.090155579229128335e+01 2.877346254889265253e+01
5.080521911151470249e+01 1.508933917492558692e+02 1.120661482758175822e+02 8.403871075524101286e+01 1.379682500144917299e+02 2.913192651040464298e+01 5.557096731581486182e+01 3.847502856875998134e+01
3.080313732613760536e+01 1.500126721940393111e+02 1.016471516186716713e+02 7.417317557242684245e+01 1.390495145109108819e+02 5.998257724055323337e+01 6.029715193710953258e+01 2.694134818043288249e+01
3.018731766115118376e+01 1.508921162136711871e+02 1.030300118491606156e+02 7.585129073501965991e+01 1.396342813876350704e+02 6.323113341516157959e+01 6.320791371954057780e+01 3.084479900788360851e+01
2.950052676730415513e+01 1.526041337737910908e+02 1.103082653295368800e+02 6.540407815678376835e+01 1.437631800287808801e+02 5.604616858357606191e+01 4.244234932363325186e+01 3.460333286668675612e+01
3.126862935185940984e+01 1.506917409341832013e+02 1.028354737928251836e+02 7.660579324358019448e+01 1.394985114732249372e+02 6.245437268752378657e+01 6.368544632443718001e+01 3.040337319219579015e+01
5.636049930726591128e+01 1.521840317956566366e+02 1.128061931738998993e+02 8.945124060113957398e+01 1.351218104356904632e+02 2.158468757268359184e+01 6.134775190283109225e+01 3.899444586456993278e+01
1.125595712353559641e+01 1.501869545457858521e+02 1.105004916550358871e+02 7.617061538198498738e+01 1.417514654809640149e+02 6.164501397447587294e+01 5.117607268943790189e+01 3.999415018610814343e+01
1.070473696484854997e+01 1.493961328586578929e+02 1.088492992764340812e+02 7.943077714077233509e+01 1.410722043505192005e+02 6.005064252618470988e+01 5.343212494860497941e+01 3.972517679713116934e+01
3.012217033685567813e+01 1.512225455461360752e+02 1.025250482935773135e+02 7.084402791986212833e+01 1.423591770372605652e+02 6.795970059741610214e+01 6.031428417999890002e+01 3.501739981700317372e+01
3.475274359617026221e+01 1.494166925780641861e+02 1.034965695785836317e+02 7.144000120349492988e+01 1.468286285264721869e+02 6.281058551852500216e+01 5.878074677616332622e+01 2.337159348060966124e+01
1.362909207110898713e+01 1.497207093749966305e+02 1.111179530492201906e+02 7.739960533498505413e+01 1.417378161032196431e+02 5.886908272163505984e+01 5.036509535273020788e+01 4.049431372252008288e+01
9.697856200070198440e+00 1.504207817420193578e+02 1.102671834851083190e+02 7.697345679695865783e+01 1.428127258823470243e+02 7.080124142232727991e+01 5.552790592266391201e+01 4.557152686771589600e+01
2.905946418310130497e+01 1.521472646694342359e+02 1.073488705613950316e+02 6.622631830278012899e+01 1.447596739291879544e+02 5.588821328554914203e+01 4.659045209125547871e+01 2.761162808350168874e+01
5.025020045809618097e+01 1.516438269463698418e+02 1.120528674834933156e+02 8.416895020282879614e+01 1.367800458238751276e+02 2.800810274123528032e+01 5.601016364736863551e+01 3.906558669911675707e+01
2.656747425171386112e+01 1.524348481455286048e+02 1.090619505710430559e+02 6.548423712395637608e+01 1.427759031673847971e+02 5.619189197315039763e+01 4.530848922074381591e+01 3.293630115947006232e+01
1.241855757885723222e+01 1.506773506234417255e+02 1.096455398298565456e+02 7.334215940755991880e+01 1.426997038758595977e+02 6.168215770240227158e+01 4.948837280873333810e+01 3.852295117832088778e+01
1.098416491275878215e+01 1.502232950112717731e+02 1.092876186866029400e+02 7.499696471476910631e+01 1.433803838454601589e+02 6.301327362749579208e+01 5.056576940029238898e+01 3.937028887792646259e+01
2.609328153522140425e+01 1.531256197192251136e+02 1.100064022846268159e+02 6.368085659034277768e+01 1.419902438956393667e+02 5.540463665772829671e+01 4.091598907112447847e+01 3.752158565876315777e+01
9.742527615113951711e+00 1.489959357948772549e+02 1.098948771768387047e+02 7.990940119035251143e+01 1.423933201804377120e+02 6.375029532813611866e+01 5.500317018688780024e+01 4.194496044967691972e+01
2.654069060974795491e+01 1.530578755634244885e+02 1.097154466180686541e+02 6.419877338391428623e+01 1.422543193440807840e+02 5.543594931572873463e+01 4.213258112508935938e+01 3.576379673890227906e+01
2.769155432125543825e+01 1.525967524588233459e+02 1.075904925680399487e+02 6.677124328468265446e+01 1.435426215541834267e+02 5.980937342604308071e+01 5.057265901916600370e+01 3.018741050667673775e+01
1.470614392694404948e+01 1.507564979020802411e+02 1.084330593053556271e+02 7.128173356106903213e+01 1.422873184230857646e+02 6.019435551037354060e+01 4.662886179929363806e+01 3.756885022917817452e+01
6.817918773547818034e+01 1.565888601423216073e+02 1.148646900002112972e+02 9.304300540186638102e+01 1.361371812633842353e+02 0.000000000000000000e+00 6.435855653037097568e+01 5.016087585898546308e+01
2.751388217764465693e+01 1.528237878706086690e+02 1.091298367336388679e+02 6.429014400685754538e+01 1.418017581590425777e+02 5.289015470258718921e+01 4.022381236067646171e+01 3.509867644296638645e+01
3.059983523415434803e+01 1.498777645371982317e+02 1.029775955890296188e+02 7.528582242884765208e+01 1.390919329917290383e+02 5.977763934421142977e+01 6.163466019938595508e+01 2.713839442909259603e+01
9.864175291279734026e+00 1.508366855215013231e+02 1.104321632526273333e+02 7.892955296760766259e+01 1.434346725397638522e+02 7.264142877571325130e+01 5.857309512712238586e+01 4.537319378183746466e+01
2.479484284781282710e+01 1.524578097407294592e+02 1.081273056880801988e+02 6.502668198289184431e+01 1.421128497370515049e+02 5.712264827146537272e+01 4.634066665775372229e+01 3.321511353731640526e+01
1.102508697428899076e+01 1.507031832207942443e+02 1.111399978100319572e+02 7.468523099815750754e+01 1.436009260153302591e+02 6.338703574524198814e+01 5.007018102046171748e+01 4.140930091321084205e+01
3.078185994641804513e+01 1.503213041548530668e+02 1.012225969818049833e+02 7.315617868103478827e+01 1.393680217784438469e+02 5.966140205351992165e+01 6.003515724887145666e+01 2.722426337549253361e+01
3.083386130498108457e+01 1.501086496720454591e+02 1.032782243412725762e+02 7.499069864728373602e+01 1.409021533575531464e+02 6.379903138993684308e+01 6.193792909258289114e+01 2.976161387032259142e+01
1.189135566074597783e+01 1.508391459670475001e+02 1.106067071518362326e+02 7.649919508300217785e+01 1.428803987214402582e+02 7.131257290983108987e+01 5.607538496618526125e+01 4.446689877900001164e+01
3.194997050606919586e+01 1.501753573344768142e+02 1.024578441101682813e+02 7.268741884963229438e+01 1.427720947318989317e+02 5.817672551040476492e+01 5.861410912817524377e+01 2.129762945168190669e+01
1.133668932503968385e+01 1.479407206004986790e+02 1.117534866314552886e+02 8.564679798094778107e+01 1.420530403978704328e+02 6.332149849719324664e+01 5.894782247118077123e+01 4.488911294628618975e+01
1.070575013561006195e+01 1.508547523513292958e+02 1.089377571842925363e+02 7.337642291642751502e+01 1.432856145335311169e+02 6.364052530139287001e+01 4.947782653094756000e+01 3.954592119269639738e+01
4.446694356616499988e+01 1.512789548526857857e+02 1.111265104623773254e+02 7.882019978750258815e+01 1.376837365641219719e+02 3.232183458657382857e+01 4.934468834026680639e+01 3.705031854698666649e+01
4.891433615717212291e+01 1.528213067444955584e+02 1.118640731710207206e+02 8.050833537508049176e+01 1.366758896701091430e+02 2.701198926187083771e+01 5.087755910643079460e+01 3.935148447162304564e+01
2.961761282404101081e+01 1.511437055771959876e+02 1.005873567675459981e+02 7.292826414165871540e+01 1.409534331694314631e+02 6.376965228158251620e+01 6.095036787755547181e+01 3.311518748221039488e+01
2.778304990477062475e+01 1.529974013705408709e+02 1.096876339981079980e+02 6.407211538234628279e+01 1.431513640610801872e+02 5.538490497153596692e+01 4.196854140071587835e+01 3.510662697454303327e+01
3.211820412686122950e+01 1.509047167862130721e+02 1.031840396873793253e+02 7.492844549178009572e+01 1.407008771647235790e+02 6.644599224244899460e+01 6.373941144952912197e+01 3.180808594855274052e+01
1.418202542199415106e+01 1.503277191213666981e+02 1.072220847375449608e+02 7.848134430177609033e+01 1.448676284070651832e+02 7.227558909671472520e+01 5.930549091417666574e+01 4.362427057576308442e+01
3.106530651099703988e+01 1.493527220732271701e+02 1.013094236917779227e+02 7.629940345662660661e+01 1.392737564678227784e+02 6.003752248094868804e+01 6.214761574154567825e+01 2.754188990280431781e+01
8.809643380887591135e+00 1.486967032468185153e+02 1.094876271045547469e+02 8.096841974079001147e+01 1.428118604137873433e+02 6.672482170594844320e+01 5.727674224264436731e+01 4.348642187142523596e+01
8.429102408389885781e+00 1.486434232562823468e+02 1.102099161051526437e+02 7.965595017844547954e+01 1.432289253137180651e+02 6.529896124215963482e+01 5.524034576152119058e+01 4.241462643989689241e+01
2.816329914165083181e+01 1.530092219613391080e+02 1.103769328539934094e+02 6.487894248168699107e+01 1.425199110180106743e+02 5.550502585596087357e+01 4.132565063575377451e+01 3.693013499350091422e+01
2.868497683446421220e+01 1.511204558167248706e+02 1.025860954643200103e+02 7.269745274848230565e+01 1.396392354872254202e+02 5.982720038333539492e+01 5.859362792260714059e+01 2.757374807773163639e+01
2.964028204589752136e+01 1.537987181482857011e+02 1.124385821998655786e+02 6.487380792300730548e+01 1.417334519586217425e+02 5.356964241311559505e+01 3.829251046088509014e+01 4.184945510997926021e+01
3.670670045640477497e+01 1.481619930642940517e+02 1.017110525836484811e+02 7.551803855062118487e+01 1.447979231973391734e+02 5.877959104341251617e+01 6.131092640042562891e+01 1.824201215993239344e+01
3.684142867426233181e+01 1.530338858928939203e+02 1.118256766483610107e+02 7.238872308159564284e+01 1.361050576036518294e+02 3.849098691596714161e+01 4.066527025367944503e+01 3.964977260150894978e+01
2.676619496981252411e+01 1.518615032076721718e+02 1.059911262083393524e+02 6.769459599504871505e+01 1.400971952643963050e+02 5.150104277814443776e+01 4.684524074445384656e+01 2.760807785839086392e+01
2.609835133470045676e+01 1.517318594669923471e+02 1.066284897364684383e+02 6.955353103983408403e+01 1.420232291888291627e+02 5.666388196594402871e+01 5.157967390652724049e+01 2.721189153449296327e+01
2.596805679106893550e+01 1.516313686041532662e+02 1.066907361522401487e+02 6.775186362867613354e+01 1.408307102027237079e+02 5.633288169396347200e+01 5.170261347157715903e+01 2.861217235636654976e+01
3.053071636253614329e+01 1.504658420953685152e+02 1.039156252195288488e+02 7.442135063697607222e+01 1.424440894491262100e+02 6.557883001169470560e+01 6.231885550137983643e+01 3.160450798672643913e+01
2.849452384158226081e+01 1.535109287937688123e+02 1.122863737401995223e+02 6.337946320156829216e+01 1.415658680704630967e+02 5.545701186676462413e+01 3.884406198053908810e+01 4.254840208381966704e+01
2.721695030026019069e+01 1.513085181845200395e+02 1.051807598577733529e+02 6.969267855038833659e+01 1.411338662350963205e+02 5.432977044177654591e+01 5.214623923292143814e+01 2.480751575361676231e+01
2.787060648611667446e+01 1.507748289454926294e+02 1.044366868713085950e+02 6.965205102982955054e+01 1.403771052464641116e+02 5.416011062928564712e+01 5.369835763788513106e+01 2.323093093694894407e+01
1.338173607350072558e+01 1.502871607827054561e+02 1.100430714918009159e+02 7.544865482714600091e+01 1.409053596113125764e+02 5.819603702866219663e+01 4.879489544158673908e+01 3.940952626384765978e+01
7.788370544141757890e+00 1.491253737975594618e+02 1.078580004073347141e+02 7.768772055043459090e+01 1.434884501483846861e+02 6.584806369016216365e+01 5.410011826862271533e+01 4.111010775617427981e+01
3.237094814451563707e+01 1.501122732809018032e+02 1.022149696112622479e+02 7.558149427889168237e+01 1.406037929644716939e+02 6.455573776166747280e+01 6.286573032988610521e+01 2.994537779323263038e+01
1.084427775136738603e+01 1.491444498918448005e+02 1.088198211231720478e+02 8.177077688534048150e+01 1.434197478525902909e+02 6.808752602102750018e+01 5.900211583952587802e+01 4.243084755626873061e+01
4.255581871395202143e+01 1.521519296324221671e+02 1.115008790744396094e+02 7.680257139188255167e+01 1.352852837662366028e+02 3.284617010617766653e+01 4.777058979820989748e+01 4.057247767937508343e+01
4.240935398410019275e+01 1.460535185473998752e+02 1.025200365847306898e+02 8.491709864738933788e+01 1.411609858684604433e+02 5.923429628488595000e+01 7.122782623142954606e+01 2.024140376978951039e+01
3.091263358840750186e+01 1.497446751766986779e+02 1.011436112957380686e+02 7.401061202859774824e+01 1.402992224087537352e+02 6.203772295642934864e+01 6.116626261367331097e+01 2.995606130617833784e+01
2.839468408621259954e+01 1.536927223450475140e+02 1.113639710299452190e+02 6.304897565618387745e+01 1.424560817048910053e+02 5.536703857427674080e+01 3.864941800108276482e+01 4.007437835372844148e+01
2.929233431594910186e+01 1.510089925686948504e+02 1.039763329246188448e+02 6.896611994369665410e+01 1.423665478824283355e+02 5.720048768648536708e+01 5.434294267541288548e+01 2.353335764881072834e+01
3.107923017213066075e+01 1.502234485937727868e+02 1.035910840264401713e+02 7.419887121987568435e+01 1.426404418276065940e+02 6.693252064741804475e+01 6.246109648350965671e+01 3.282556921750732926e+01
1.183976386079463339e+01 1.494248224639200657e+02 1.093897198423232879e+02 8.162520233747753196e+01 1.415436068011610473e+02 5.977015225454987757e+01 5.468835868908333708e+01 3.990232150703740643e+01
1.298158828101492013e+01 1.487570073371852004e+02 1.098993772555313768e+02 8.060597058612508192e+01 1.416135445751201871e+02 5.906659823609290783e+01 5.263777088883890087e+01 4.095483318475947954e+01
8.885454446948296336e+00 1.505265418717964963e+02 1.099664667754824023e+02 7.649777290224993465e+01 1.435208891374802249e+02 6.406278356310949107e+01 5.228164300606546533e+01 4.022728518011204812e+01
2.958751191998307561e+01 1.514669242691525426e+02 1.029429559801254328e+02 7.480827763478187364e+01 1.398951354743644799e+02 6.447546913814448999e+01 6.121242230318451760e+01 3.299948943930468204e+01
3.027447978860597289e+01 1.504910969686226281e+02 1.026888028398115296e+02 7.368418394850910147e+01 1.405897291478564739e+02 6.249544750595710241e+01 6.050753175718778465e+01 2.935527687017313170e+01
3.072130808193324825e+01 1.509635532150140591e+02 1.024186681906286935e+02 7.561379146332971857e+01 1.393819867964330399e+02 6.233578846821289687e+01 6.280535788035749789e+01 2.949431668154779729e+01
2.970994609081549953e+01 1.539091844954540420e+02 1.124919861973027650e+02 6.386683816523360946e+01 1.416445176412617570e+02 5.396629618452281818e+01 3.778939108709842287e+01 4.269442932580287220e+01
3.020328133058568199e+01 1.497169055427197009e+02 1.027774066504585591e+02 7.640130695382455883e+01 1.391091694827551350e+02 5.974236413940495538e+01 6.227197539150267858e+01 2.748028806907287347e+01
3.487207508301870718e+01 1.533450834219541150e+02 1.137374659031276138e+02 7.236825229687703143e+01 1.377058451730235333e+02 4.202455613341820850e+01 4.128379174738884672e+01 4.134327708739527196e+01
4.056283624251938136e+01 1.489626478125220501e+02 1.050994726816031317e+02 7.731462641776268185e+01 1.469406786631854516e+02 6.649087136220903460e+01 6.518542222476958159e+01 2.619221886485101791e+01
3.007644786298189743e+01 1.506361566874282119e+02 1.035158517435701810e+02 7.384611627210199458e+01 1.411807353733344712e+02 6.465572192262779083e+01 6.124369479383015147e+01 3.106018682424310029e+01
2.847306326434711465e+01 1.530691056509768373e+02 1.104011868502753941e+02 6.493806745375215428e+01 1.422686466388365147e+02 5.552560209468197172e+01 4.171514901468934511e+01 3.769328133194188268e+01
3.491647500414506311e+01 1.497252490231701643e+02 1.030561141434144616e+02 7.605864857420338865e+01 1.424114282079012526e+02 5.850982494268872358e+01 6.248257484925606065e+01 1.840029766577005077e+01
2.835860913447393727e+01 1.514043146118500260e+02 1.049742634947907192e+02 6.974556998413710573e+01 1.424646784900751584e+02 5.891948342575438602e+01 5.479052355763535331e+01 2.551774311733039724e+01
2.768728173965486050e+01 1.534566272985908313e+02 1.102050013009474583e+02 6.397951414856156305e+01 1.414532669422723359e+02 5.390323341239603394e+01 3.955259488156336545e+01 3.826087255747088278e+01
1.888290031048729389e+01 1.522734536126737339e+02 1.088778924522825804e+02 6.759879075166817586e+01 1.414951620902398304e+02 5.753862281980912030e+01 4.334470278476690908e+01 3.711622192598105130e+01
1.187654732301720095e+01 1.492942152714563520e+02 1.082225528543122692e+02 8.182190985952553319e+01 1.418069849811124072e+02 6.081751461170758688e+01 5.544064823784874108e+01 4.008638054720282184e+01
2.596024907986935659e+01 1.523950224610589430e+02 1.090492680924580355e+02 6.464675477618395405e+01 1.412017818745232205e+02 5.383587088196092907e+01 4.243786172513724608e+01 3.506334436764539930e+01
2.509777306322088464e+01 1.518588573000802455e+02 1.055150826219560258e+02 6.784411735234550633e+01 1.409504415581542389e+02 5.362312778266866786e+01 4.808925782433503571e+01 2.686730985300139452e+01
2.663495401266563078e+01 1.524663750897661032e+02 1.091725975142459504e+02 6.597111377627204831e+01 1.412431919750552538e+02 5.338554272222349084e+01 4.215995271295587798e+01 3.395034507488390574e+01
3.134056612526667607e+01 1.505256909997186483e+02 1.023122343156460374e+02 7.322546949143267625e+01 1.405191846408017398e+02 6.239961251410352361e+01 6.073852221539011254e+01 2.844227963196861353e+01
2.802417366277691357e+01 1.534183891606651002e+02 1.109175236403375919e+02 6.418576154281136326e+01 1.417150495474385536e+02 5.406008408464675341e+01 3.981952836036035848e+01 3.882273152156401608e+01
9.352323536516491842e+00 1.497002433324815058e+02 1.100941665559434028e+02 7.930889407996683360e+01 1.429590480954803695e+02 6.253843887521556155e+01 5.347659659707478852e+01 4.067408548855750894e+01
7.996668618726074840e+01 1.647220804752559218e+02 1.130357854412419414e+02 0.000000000000000000e+00 1.487950250877202052e+02 9.304300540186638102e+01 5.382713055527712953e+01 7.769665081184631106e+01
9.758769430999814531e+00 1.492980255913132055e+02 1.106359502477114063e+02 8.012262682214308995e+01 1.431429572874074267e+02 7.321088520837987801e+01 5.913559907838376972e+01 4.674909468053427020e+01
1.431964083695678482e+02 7.126299195977398426e+01 1.270543267404417804e+02 1.487950250877202052e+02 0.000000000000000000e+00 1.361371812633842353e+02 1.392529455709626802e+02 1.405180283946749284e+02
7.780013011985801974e+00 1.500751328219498362e+02 1.112260246839169611e+02 7.962725107655639079e+01 1.432928209086389018e+02 6.766349282923491160e+01 5.607157627435514513e+01 4.411247038270901299e+01
9.968322857148724125e+00 1.504421683533560383e+02 1.091891071915666487e+02 7.619669582457920853e+01 1.439414306796506082e+02 6.632205797727205265e+01 5.330918520244971148e+01 4.064849661148918614e+01
1.173192623835448600e+01 1.493424203458984607e+02 1.105648420052677778e+02 8.291605968765794898e+01 1.409835102762792189e+02 5.932539728103097332e+01 5.558701910158028170e+01 4.232830664716929903e+01
9.070485578056024067e+00 1.493123716751200334e+02 1.101186798262717303e+02 7.829855556272318040e+01 1.428195457485780935e+02 6.318164536925081620e+01 5.315125779096064917e+01 4.073433314055845500e+01
3.042937738026845196e+01 1.503373440888549339e+02 1.035427269676725359e+02 7.529356048521893285e+01 1.406797663071311320e+02 6.308640176847558934e+01 6.227655721552076784e+01 3.005346089120722297e+01
3.038371417422286669e+01 1.499284459895628459e+02 1.019255785518849819e+02 7.510135624728889070e+01 1.390724485321346435e+02 6.059351927562249074e+01 6.140230421862338517e+01 2.775313762418900154e+01
3.160639914795735805e+01 1.515966840642560669e+02 1.030134413016563428e+02 7.277463139703537820e+01 1.428777440739012263e+02 6.691350989720056930e+01 6.159436284193746758e+01 3.305531687261904494e+01
2.496989891664243544e+01 1.515708353406596700e+02 1.065254647784190070e+02 6.767021524553049971e+01 1.406623601333645013e+02 5.327103488582369550e+01 4.825859882506159693e+01 2.874255520220969373e+01
6.896913152414857251e+00 1.495787303717830525e+02 1.104003232655917088e+02 7.874986958737152065e+01 1.434618513331301131e+02 6.862355153594299395e+01 5.567047691878327953e+01 4.336056856756996325e+01
1.255738245295035149e+01 1.493573115816261350e+02 1.088161021828269526e+02 7.975172320446453966e+01 1.413956371982536666e+02 5.879341155988652190e+01 5.312264557461041647e+01 3.918490855416373364e+01
3.157391031180516094e+01 1.498805215489531690e+02 1.018301637885070079e+02 7.494530302813701894e+01 1.408071954278398721e+02 6.320634413524286543e+01 6.215201771585047652e+01 2.887229661419276638e+01
2.720758547528587457e+01 1.535224760362178245e+02 1.111322168898993397e+02 6.416364068441617974e+01 1.421867235598328136e+02 5.558048099245831963e+01 4.056675624416340042e+01 3.921428878378132765e+01
4.050740269950361494e+01 1.527234906920842832e+02 1.130808464030848768e+02 7.668991834882335468e+01 1.358494863902130589e+02 3.539984758820280319e+01 4.542683406259832424e+01 4.063461991940994267e+01
9.247959411119646589e+00 1.496709924736080950e+02 1.099102518204467458e+02 7.768546608789841912e+01 1.425908878629095966e+02 6.337507151777588632e+01 5.337700212663039423e+01 3.974882057720944317e+01
1.324273034054375842e+01 1.498767831105958237e+02 1.094483302339283597e+02 7.583692019418366215e+01 1.441790766038821801e+02 7.065144397157168044e+01 5.587252548162921784e+01 4.332499383626319656e+01
2.978696683271369139e+01 1.510000973794202253e+02 1.050926481856483008e+02 7.294066290653597662e+01 1.400019757174331403e+02 5.839638787208634341e+01 5.859351039014366336e+01 2.420896098350837633e+01
2.893011147258595273e+01 1.512597430301634631e+02 1.040122612964133282e+02 6.872254396873596249e+01 1.426267467324806830e+02 5.706980323676311428e+01 5.354785021555531443e+01 2.403227479799696198e+01
2.631343554026694420e+01 1.533207032654235604e+02 1.101380171370003609e+02 6.389310043143415641e+01 1.416505966504187199e+02 5.567798875693694782e+01 4.085301919102182922e+01 3.863390419395371111e+01
1.241344275173594092e+01 1.497693619840695760e+02 1.094166671072366910e+02 8.053942154494333749e+01 1.448295879012859757e+02 7.183699760288969571e+01 5.973392573103594572e+01 4.468082793816471110e+01
1.153642709148717138e+01 1.488974136140045914e+02 1.097554143518346450e+02 8.142314428494256617e+01 1.423652368342263514e+02 6.036147605152303441e+01 5.503958767572047606e+01 3.951810411570841097e+01
3.060454044489009817e+01 1.508370501460611877e+02 1.013121272152655052e+02 7.420825704434830072e+01 1.403029338860411599e+02 6.267039173362910276e+01 6.084360948784015477e+01 3.102541342782919997e+01
2.879423121603706903e+01 1.529855421925701080e+02 1.103395553845016224e+02 6.492464140876407441e+01 1.430923850842828529e+02 5.462925802877035864e+01 4.097779314437597975e+01 3.615473677299578981e+01
3.041985947340249652e+01 1.507181041245790993e+02 1.027490874612048373e+02 7.495929516121198333e+01 1.392785770778798451e+02 6.093420385068007050e+01 6.175500806486583372e+01 2.794344914128507540e+01
9.699941308221637470e+00 1.498927115607388032e+02 1.096476327447067405e+02 7.543164842268498660e+01 1.435221008933332882e+02 6.542489623295412571e+01 5.131953357791726233e+01 4.096755732061259181e+01
1.020462208071037224e+01 1.487541282532214666e+02 1.110553056407536161e+02 8.420429018900662754e+01 1.433089585482965163e+02 6.743342389581422935e+01 5.992805115361036172e+01 4.588999406871467102e+01
3.110403635023987334e+01 1.502247070326178573e+02 1.033181837077004559e+02 7.508450033773806354e+01 1.407402465739354511e+02 6.315420119360356210e+01 6.235677339621675941e+01 2.931497822049371393e+01
4.576212715230640526e+01 1.507170219146448744e+02 1.108996248532797324e+02 8.180646258799001203e+01 1.352837602236405701e+02 3.086903021428344829e+01 5.328409789780699413e+01 3.649274662651220780e+01
1.136311026263012280e+01 1.499954421364888333e+02 1.106349219115096076e+02 7.852255781285056457e+01 1.430063483786813947e+02 6.135915002809984742e+01 5.324247193075386519e+01 4.001484398811479082e+01
1.074288520615641929e+01 1.499173054773314107e+02 1.094433098597653498e+02 7.512534589226937953e+01 1.429696434869540269e+02 6.230493169105903917e+01 5.109913759884449291e+01 3.852762876369797596e+01
3.067827692926229588e+01 1.497534444616217399e+02 1.021165475846497941e+02 7.510643524462911103e+01 1.406103234317112083e+02 6.255198808065583194e+01 6.191795105131479460e+01 2.974498169826980387e+01
3.897837426239775027e+01 1.525402743996109507e+02 1.118457229779672133e+02 7.471921612567972204e+01 1.373770061109376002e+02 3.727885718006790938e+01 4.368298661038227948e+01 3.849264003997872408e+01
3.938244528203101424e+01 1.478360789877325772e+02 9.903517407956232432e+01 7.929168098943191012e+01 1.402961768927793003e+02 5.242246647837622220e+01 6.523963757420246168e+01 1.410994527677630295e+01
3.094096037103448538e+01 1.505170961932136890e+02 1.043607423196053645e+02 7.580697684619255483e+01 1.421827580243784439e+02 6.795910967465937347e+01 6.359135731666169278e+01 3.466222565774506137e+01
5.707598338819678219e+01 1.533502446677010198e+02 1.109631970105358505e+02 8.602206824971500509e+01 1.374972902034002971e+02 1.787184516059497241e+01 5.775492820461386145e+01 4.192222059898411857e+01
3.339540119643131533e+01 1.504748738532266543e+02 1.025850843573019944e+02 7.204336654797650397e+01 1.418423566266735065e+02 5.900047494382549473e+01 5.959844858204797191e+01 2.233009230570632297e+01
3.133005782343997936e+01 1.501656061038561916e+02 1.017814346838605957e+02 7.457278862777874906e+01 1.405582268033394655e+02 6.408436577473712248e+01 6.289705809678767423e+01 3.026597370327546344e+01
2.994733704096892879e+01 1.506320678050932429e+02 1.018308293757082197e+02 7.427687299976801683e+01 1.394819625386413122e+02 5.986465119804480395e+01 6.051001701874592698e+01 2.753399044472056900e+01
2.589789637334935790e+01 1.522660422739650983e+02 1.083322519656042004e+02 6.689680879702096661e+01 1.416876758514916048e+02 5.379786276283083879e+01 4.535454720039600574e+01 3.114908075507270624e+01
1.212186034623157660e+01 1.498672958400775315e+02 1.108571473870067763e+02 7.838703971168415308e+01 1.421727364609244830e+02 6.014813921665521690e+01 5.226986640499012537e+01 4.079997084368230276e+01
2.962707571573874432e+01 1.512031508712815935e+02 1.027350563297132027e+02 7.181218114924905649e+01 1.408600964196778875e+02 6.302445943796489303e+01 5.900247415735224621e+01 3.002529943411578728e+01
1.200929553882115108e+01 1.504976228421667201e+02 1.104289551036794279e+02 7.544122790018344915e+01 1.441229315373973066e+02 6.742440234400834242e+01 5.334355220074396442e+01 4.090344072082968552e+01
3.145334187014796612e+01 1.497576906333534055e+02 1.019932602317035162e+02 7.598258644990431776e+01 1.391381938025840270e+02 6.122344432328503672e+01 6.223160705132708159e+01 2.833716555239813317e+01
2.736743196335228845e+01 1.522694234171545702e+02 1.065818622419376140e+02 6.514504301177336743e+01 1.442555216720238320e+02 5.665756614862196017e+01 4.668738191206227128e+01 2.832050935594976693e+01
2.993426611602930265e+01 1.506799178998031152e+02 1.039474732737227640e+02 7.358986675072254968e+01 1.419917658164928866e+02 6.670831795078082394e+01 6.138663841277669064e+01 3.374043234403721669e+01
3.179624320041881802e+01 1.495582771974482341e+02 1.018269183178030062e+02 7.536591067795359322e+01 1.392058363727208246e+02 6.222474285680191031e+01 6.266068345776734105e+01 2.901439432984158984e+01
5.289338338871733214e+01 1.535352360962673117e+02 1.129434936835930330e+02 8.300976870503990312e+01 1.372083708282715691e+02 2.319420562221203497e+01 5.413940752207894747e+01 4.284351537452588587e+01
2.932323595476017886e+01 1.505356875238185523e+02 1.034013620138531877e+02 7.412158753582009751e+01 1.408915938958784295e+02 6.324075427013315931e+01 6.110433453250119129e+01 3.006398417201098638e+01
3.203954916784967821e+01 1.498278898988664594e+02 1.022534196573179059e+02 7.668739127340877815e+01 1.389370761545624191e+02 6.149356701817912807e+01 6.300175768890147054e+01 2.897600197621748563e+01
3.950457073572572853e+01 1.525293595977500729e+02 1.111647996809734167e+02 7.434920606374903684e+01 1.385885518707031849e+02 3.757947133042799237e+01 4.301371005708655559e+01 3.620814761613177524e+01
1.383415767380782491e+01 1.498772386552723788e+02 1.095668885950364881e+02 7.706848313349600232e+01 1.407964342235203503e+02 5.682301705622793975e+01 5.039193203865564641e+01 3.904854768086018169e+01
1.288514353439135007e+01 1.496110616787728418e+02 1.099327042767268949e+02 8.079033524371001818e+01 1.411282888679908751e+02 5.806682925009737772e+01 5.343222803420013634e+01 3.918855540408944194e+01
3.069015861291364189e+01 1.517985169456991628e+02 1.053791238117271405e+02 7.521928663709581997e+01 1.419491667866992941e+02 6.932730495064016907e+01 6.364872108441214493e+01 3.589414814296572587e+01
3.115089421587352447e+01 1.508883109131400602e+02 1.018913020987820630e+02 7.485832604602330775e+01 1.395506546189814685e+02 6.135676500703382175e+01 6.237135259236448803e+01 2.848015607911422720e+01
2.630516289356588544e+01 1.530926938344728399e+02 1.099759281892188767e+02 6.442782388134638438e+01 1.414490788648668058e+02 5.458454407545406895e+01 4.147715278258248617e+01 3.658202533223725084e+01
3.038309188672145211e+01 1.536192106894957305e+02 1.125037274621444396e+02 6.394671957209998681e+01 1.425200248212319138e+02 5.460310532429210184e+01 3.803346365399738005e+01 4.191174639598098395e+01
3.686637683649154695e+01 1.483502335994625128e+02 1.006844765861136040e+02 7.678351273818090306e+01 1.417098559507823552e+02 5.484622717361360600e+01 6.277376732427848793e+01 1.570185025729577077e+01
1.033733882299368112e+01 1.496182048339087771e+02 1.100224419049395266e+02 7.705835130061298344e+01 1.427565826798298474e+02 6.359338472083369709e+01 5.338374914353871503e+01 3.983745971911063322e+01
2.797168563593368518e+01 1.534345982572294531e+02 1.103195740296660858e+02 6.350030904114900210e+01 1.432892019818395681e+02 5.640647582377433622e+01 4.039536396821457487e+01 3.733525439764565590e+01
3.239919586777318727e+01 1.491491352441562981e+02 1.044008420980134133e+02 7.604538095048472712e+01 1.416820654736429788e+02 5.531272827517875612e+01 6.038930078872162710e+01 2.006355782578297919e+01
3.075038975523314022e+01 1.506507193074374413e+02 1.013138451975386687e+02 7.400002576462277659e+01 1.395541839966878399e+02 5.976753288856565405e+01 6.053780190653954918e+01 2.709789115525845915e+01
2.817217999633286496e+01 1.533390037315425047e+02 1.100869856093454757e+02 6.428176526329023943e+01 1.422426261602138311e+02 5.383065925848887190e+01 3.995784330642740656e+01 3.727802811711063669e+01
8.491502211531912536e+00 1.503446972848853420e+02 1.089954404579410294e+02 7.831138793301104783e+01 1.430135788574369542e+02 6.951099081068412033e+01 5.702122394578807274e+01 4.347334676033586476e+01
3.897023864220261657e+01 1.534112654007224137e+02 1.125607405600197524e+02 7.367263070669071112e+01 1.369176863361573169e+02 3.675417708110872184e+01 4.220312035450939447e+01 4.032697365463177164e+01
3.190763051141093243e+01 1.495470888615078877e+02 1.019667029389208750e+02 7.635658438861891284e+01 1.395765091953790034e+02 6.166791618876889913e+01 6.297588037093074576e+01 3.037381712439211867e+01
3.234898126620316816e+01 1.510327094253949269e+02 1.025660116814551515e+02 7.219785524337299876e+01 1.424852583125908723e+02 6.927833097613330438e+01 6.275950372932778976e+01 3.542935309814297540e+01
2.805353239228085371e+01 1.535554834811632077e+02 1.102240006340847316e+02 6.277876083280001041e+01 1.434932972486815288e+02 5.637533721482667204e+01 4.001171458891700183e+01 3.780139693550916036e+01
1.091441280867865160e+01 1.503174777255775325e+02 1.093347133580851533e+02 7.437781907947028515e+01 1.433422167532345384e+02 6.278998311176520986e+01 4.987674132265026827e+01 3.937524439524876385e+01
2.902344001582113719e+01 1.503762756901790567e+02 1.034823168113798317e+02 7.032429136463943564e+01 1.412527281272840298e+02 5.768450460254663881e+01 5.582302103684526173e+01 2.478280884699825037e+01
3.134133034659087969e+01 1.507885054849409130e+02 1.013894856503675186e+02 7.632742136906976782e+01 1.380772881352309582e+02 5.849967035109948199e+01 6.301071984616285704e+01 2.775076407290203662e+01
5.494162352242270231e+01 1.536047719335547583e+02 1.117888330129433001e+02 8.575169586813926514e+01 1.355926224375097604e+02 1.777421322284544303e+01 5.795388521159742368e+01 4.287545256345189415e+01
2.636451811901078557e+01 1.518672777361925341e+02 1.048195866780721701e+02 6.766633016294024117e+01 1.420288108470343218e+02 5.397977590069429965e+01 4.912977034622803529e+01 2.570650966589051478e+01
2.909604840352564636e+01 1.539470112290795782e+02 1.119980466648345754e+02 6.414828327768681504e+01 1.427622260583015930e+02 5.584059329833810637e+01 3.970359015918536016e+01 4.075273193267971550e+01
1.978328489123105527e+01 1.523118121992161775e+02 1.087981535754284010e+02 6.869861658247728542e+01 1.400630430451078041e+02 5.504808042892669562e+01 4.365046111707454912e+01 3.622858648960489347e+01
1.307659011348728306e+01 1.501572367584429060e+02 1.105384444413248843e+02 7.389586082560452951e+01 1.435423380080294464e+02 6.393826770325064501e+01 4.891465725685525712e+01 4.093873889724542181e+01
2.758005236737029975e+01 1.514581228828230905e+02 1.047639446787451334e+02 6.986135977193566760e+01 1.411952781225820104e+02 5.617486995903412605e+01 5.342300362566263061e+01 2.431515526270964500e+01
3.041958776262942266e+01 1.503265310282260145e+02 1.026200951680550730e+02 7.424141272470333774e+01 1.409726454252806036e+02 6.401707938130157061e+01 6.203171197477963261e+01 3.020554890606778997e+01
2.584252722644205491e+01 1.517131175083103756e+02 1.078862792655065590e+02 6.685246753977223477e+01 1.422369307174696189e+02 5.707892279436152450e+01 4.951334208804626513e+01 3.129831365584945146e+01
2.743497276242501215e+01 1.507472901897276643e+02 1.060887243942851654e+02 7.089013914515696513e+01 1.417458482054574631e+02 5.560794236433495996e+01 5.262260776682753516e+01 2.568040807204209131e+01
5.662571966381317168e+01 1.549990308066372791e+02 1.154187483583426683e+02 5.382713055527712953e+01 1.392529455709626802e+02 6.435855653037097568e+01 0.000000000000000000e+00 6.308142756602107681e+01
1.149132699812542491e+01 1.507609561171481118e+02 1.080011473362255430e+02 7.331807821638150813e+01 1.434738104402971146e+02 6.807497080549742918e+01 5.303103711600235215e+01 4.087281828514679205e+01
5.210989064428369488e+01 1.505886510081479344e+02 1.082346871159676027e+02 8.422885238535461383e+01 1.362462315469804821e+02 2.631900305189066103e+01 5.734393770053691952e+01 3.739330526876592842e+01
3.201911720914802828e+01 1.534653191398004424e+02 1.127166930836763470e+02 6.905775032252078915e+01 1.378851603604508966e+02 4.471866333470286747e+01 3.834434620735643762e+01 4.196547917495177416e+01
3.013341153568582698e+01 1.538947648171435389e+02 1.134129396727227999e+02 6.447705531533497947e+01 1.414213122584249902e+02 5.420744166412383436e+01 3.774656970681576240e+01 4.402323962228875587e+01
1.093743735347619506e+01 1.491991162461204965e+02 1.112997285650960180e+02 8.033132703021398413e+01 1.422225601569277842e+02 6.143049857312301043e+01 5.369860911038062312e+01 4.181973341949042577e+01
3.027433630947150789e+01 1.503334157023575983e+02 1.023839514495677605e+02 7.542744726557765489e+01 1.392268138240446262e+02 6.037561790626028824e+01 6.169035088544492851e+01 2.812832255156066097e+01
3.011479675663459332e+01 1.512427979672527272e+02 1.059106523783653273e+02 7.184977778048323671e+01 1.421033232089105809e+02 5.906365658451748857e+01 5.751877622310556859e+01 2.483909577768673316e+01
2.988823871800114418e+01 1.540148587867428773e+02 1.132157742220170178e+02 6.397579910255289803e+01 1.418891677584701938e+02 5.517783287830864936e+01 3.837273573838037066e+01 4.357199843427655139e+01
3.020577014385727566e+01 1.511259283512455909e+02 1.023824829828473213e+02 7.531226491776253340e+01 1.390302249538677302e+02 6.183241228368562759e+01 6.195448599714079307e+01 2.932317735885949972e+01
8.279601315668026373e+00 1.499083831128992870e+02 1.091529275430526695e+02 7.694375903340196032e+01 1.435947849574460520e+02 6.501776383632292777e+01 5.294171415527154068e+01 4.090857830156758723e+01
1.357019160176003325e+01 1.508051999688785259e+02 1.098534898361490804e+02 7.295221031556351932e+01 1.423342938149611427e+02 6.026342262646444681e+01 4.750797368598802706e+01 3.891589258777429450e+01
3.098462945167644023e+01 1.514170349064847869e+02 1.044141526730882390e+02 6.976029798697931028e+01 1.437240809515199942e+02 6.026722592474953899e+01 5.610836734429334172e+01 2.396909129238330394e+01
3.009894337874836623e+01 1.516923121040098579e+02 1.067723398268111197e+02 6.821194485593839829e+01 1.446046295916770248e+02 6.107629163594079813e+01 5.342291765997883601e+01 2.694822234238466763e+01
3.179280326202254514e+01 1.498735455234052267e+02 1.017667597155784023e+02 7.635894262763299878e+01 1.393176646175759572e+02 6.198805042600167070e+01 6.338716842802249829e+01 2.947347008896703713e+01
3.296185075002123455e+01 1.501604163849999622e+02 1.020881149711565428e+02 7.533388089434329515e+01 1.409746328097464811e+02 6.553512092661179622e+01 6.435316190147374016e+01 3.075262391046454979e+01
3.072423961796743441e+01 1.499215070607341431e+02 1.020380644764971265e+02 7.563700218230995631e+01 1.393263755991084452e+02 6.029967380336782412e+01 6.215132579552972203e+01 2.758175823344836886e+01
3.275647377130489701e+01 1.500951921650420218e+02 1.005543548819297826e+02 7.522228836075818492e+01 1.393910498325280969e+02 6.004004826389772376e+01 6.273400357363611590e+01 2.727586542975503292e+01
2.944157965935781718e+01 1.511563854065979911e+02 1.044621136109469575e+02 7.174451152738440385e+01 1.426058722457879924e+02 6.638349706540667228e+01 5.983314013085578154e+01 3.282017705249038642e+01
3.079537102312490049e+01 1.518629025361012168e+02 1.035371292395625460e+02 7.156192084877758930e+01 1.426863228556176182e+02 6.981098620109189312e+01 6.116818187780497595e+01 3.719692710404319058e+01
4.380138314176096515e+01 1.532959657805876645e+02 1.130321077668206158e+02 7.688501002761492487e+01 1.366351624631744244e+02 3.236808660609275279e+01 4.626181937755022489e+01 4.065388547760112914e+01
1.285614813106736598e+01 1.503785637843284064e+02 1.089038883649767229e+02 7.610580479006101484e+01 1.439473967303851509e+02 7.116923063866310883e+01 5.572270769565707838e+01 4.295524964689210634e+01
7.533082089998737629e+00 1.492908038213417115e+02 1.098146184007219404e+02 7.915556298017047254e+01 1.433850828237377186e+02 6.576818529967276561e+01 5.471811182794432682e+01 4.258656829831571144e+01
1.046628392479704850e+01 1.494746566822215357e+02 1.109044868252575071e+02 8.004178660630165609e+01 1.426037627141234054e+02 6.209814538118717309e+01 5.460879073758858482e+01 4.059580131179981777e+01
1.090902503016503822e+01 1.509667667337364207e+02 1.101240246219495873e+02 7.782252939808699921e+01 1.433378162395255231e+02 7.225420919711189072e+01 5.794251409933968233e+01 4.549315081080192158e+01
2.708980200706062291e+01 1.532420549111967034e+02 1.107454215699316791e+02 6.442220761764075121e+01 1.415275222260205226e+02 5.497162363865371759e+01 4.086182553592599476e+01 3.875158953477476587e+01
2.918826258298200571e+01 1.538505844881276232e+02 1.125143970534119262e+02 6.307144110459083208e+01 1.425194859151318383e+02 5.658107102684289202e+01 3.905777512038910970e+01 4.244060121946716890e+01
2.765449225123671440e+01 1.536086815883224403e+02 1.110476582435574073e+02 6.396923057324654138e+01 1.414122056505431146e+02 5.479111567198595623e+01 3.995362467488408953e+01 3.892617892850669392e+01
1.390985258337352626e+01 1.508694357541199054e+02 1.091735876093171669e+02 7.145982100018058247e+01 1.430377378754067195e+02 6.567960693276783957e+01 4.926110266894036016e+01 4.052827657483583579e+01
2.873490078796518077e+01 1.506533276085977207e+02 1.040211760116551716e+02 7.414855480313406133e+01 1.406009358336524997e+02 6.267750565601049573e+01 6.059237010497935927e+01 3.011822069034857208e+01
2.610782683039475671e+01 1.525181541417436506e+02 1.077575010092278944e+02 6.498182821950238974e+01 1.416416342286993029e+02 5.362267075512493619e+01 4.331814256338426361e+01 3.222023273263312149e+01
5.280090886218445689e+01 1.517018852750410929e+02 1.114824015551589156e+02 8.384967940563855393e+01 1.359855335774531397e+02 2.540037350933514659e+01 5.752431799481586694e+01 3.870134681758491979e+01
1.050382972553211580e+01 1.498111918937877078e+02 1.086929809696317051e+02 7.828339686619220572e+01 1.439507556027680835e+02 7.068115871574802611e+01 5.739061381273106832e+01 4.335265228364718837e+01
9.594338069431779914e+00 1.496558220629925700e+02 1.085886720303229964e+02 7.960382188404909698e+01 1.423553592012905256e+02 6.251344143303914791e+01 5.472575878557444895e+01 3.889646978505762576e+01
4.508798307772327263e+01 1.519053504697474750e+02 1.121607624411802249e+02 7.819802752497149356e+01 1.371502332317879223e+02 3.238714266818521281e+01 4.851974975251846445e+01 3.858443210175502713e+01
1.083584358623044430e+01 1.484460783487390643e+02 1.083996943633894006e+02 8.124720795344688895e+01 1.432638730135747380e+02 6.588995640321012104e+01 5.684928101565080283e+01 4.315617638688348734e+01
1.149495851907147959e+01 1.487242977586278698e+02 1.092558865082389872e+02 8.392914703838525270e+01 1.410867463047380568e+02 6.197707037615901982e+01 5.788982395019674243e+01 4.217343746784212044e+01
2.785062740470613463e+01 1.527850151884375407e+02 1.095440959276862856e+02 6.572833187128722443e+01 1.434226492197678908e+02 5.683702444431386880e+01 4.418642236019294955e+01 3.319003420896725487e+01
2.971650676472068753e+01 1.538873314131071197e+02 1.133691898476122617e+02 6.323363554325004543e+01 1.416154118683678291e+02 5.577786516089129520e+01 3.790597003890200511e+01 4.450131208541143479e+01
2.674577679025507138e+01 1.519549321617765258e+02 1.087166905015485270e+02 6.621841083104166614e+01 1.429776757019902789e+02 5.800834101300807077e+01 4.599315732592875605e+01 3.205437724621841511e+01
2.644365116336869193e+01 1.513448672890833393e+02 1.076442016984147898e+02 6.843960099924521501e+01 1.400835714533962744e+02 5.160052562401458687e+01 4.758799295584272926e+01 3.002129724930197341e+01
8.918806150883927586e+00 1.498860302122464816e+02 1.078860600016251396e+02 7.502492544228377369e+01 1.435842927955580137e+02 6.400346721325847454e+01 5.162665575684032149e+01 3.907669759002457965e+01
1.288778136374967964e+01 1.502539943808152145e+02 1.108471320728392584e+02 7.420564872096815634e+01 1.437222967964346765e+02 6.900357916786178691e+01 5.326555788343909370e+01 4.356074790601570612e+01
1.782530403502519434e+01 1.511465811180461571e+02 1.107489884628815560e+02 6.916127351378463572e+01 1.427965730245117300e+02 5.998026970398002788e+01 4.425604735719107907e+01 3.919335264433304644e+01
3.141252029601509221e+01 1.494350807542317057e+02 1.026903184805136959e+02 7.465266578231374694e+01 1.413490871777134998e+02 6.445944238407467708e+01 6.256079866509966791e+01 3.036482255171465994e+01
3.000939725039109263e+01 1.508774407274780458e+02 1.020501563620937873e+02 7.446395549050754425e+01 1.394740737631761647e+02 6.061653771284132119e+01 6.119985262893308686e+01 2.872256528757271710e+01
2.821254204569470758e+01 1.537871803369166628e+02 1.119812831662750199e+02 6.476245262839555039e+01 1.416257882359814460e+02 5.454121920242330646e+01 3.974438189979591129e+01 4.084600854052330021e+01
3.111516826832666283e+01 1.502057450040269089e+02 1.020252956993622462e+02 7.402331929278344091e+01 1.400540039633565925e+02 6.199640955821131172e+01 6.108348716831188341e+01 2.839884013392026674e+01
1.227901549097986766e+01 1.505812456822760339e+02 1.108574185263500453e+02 7.775756368669246399e+01 1.431244547611268274e+02 7.475673786483125127e+01 5.800920351242155704e+01 4.844374321152016449e+01
3.148970907360072857e+01 1.499828764472885894e+02 1.028448896588325283e+02 7.334828179284673411e+01 1.423831884452789041e+02 6.670879322724425720e+01 6.181519998882185263e+01 3.253942031882480990e+01
1.458521435228522023e+01 1.481001090291666742e+02 1.095180923715513615e+02 8.017214558678782055e+01 1.407312319548893527e+02 5.758833517243359523e+01 5.209514046882523530e+01 4.030645913959013882e+01
1.094585028292662088e+02 1.000460064365360608e+02 0.000000000000000000e+00 1.130357854412419414e+02 1.270543267404417804e+02 1.148646900002112972e+02 1.154187483583426683e+02 9.850090864608976915e+01
3.039121272722298883e+01 1.502799660191611224e+02 1.024950266437018911e+02 7.360650898979663737e+01 1.409803563388088605e+02 6.307901872523946452e+01 6.059335327830012830e+01 2.896121605324434256e+01
2.718383876122888765e+01 1.527516606909379391e+02 1.093917602224179717e+02 6.467518394147367644e+01 1.428778956044356789e+02 5.493142509842183330e+01 4.210073068260565776e+01 3.459982292001719628e+01
3.052364563798680663e+01 1.498437889262914666e+02 1.033509374350292660e+02 7.649889353187015217e+01 1.391623464686390435e+02 6.173217106424343825e+01 6.237273007495502952e+01 2.882386184276504792e+01
4.512770039386980869e+01 1.513690324316604858e+02 1.113251796298909966e+02 8.017703279005580441e+01 1.350908358450599280e+02 2.981617330451778258e+01 5.193808835650861511e+01 3.816480815804874993e+01
3.084550552513234223e+01 1.502887780956494908e+02 1.040882357256334672e+02 7.307444519774134051e+01 1.388538607354282135e+02 5.301065575341603875e+01 5.705212629458051765e+01 2.040433567499388090e+01
1.490222593580472790e+02 3.304963429957609833e+01 1.072793514946396414e+02 1.611021647674683095e+02 6.405353252339844516e+01 1.548769807537097449e+02 1.506071680942885678e+02 1.498090967438213568e+02
2.690083174634159846e+01 1.527991343307081422e+02 1.095046331571485325e+02 6.517591757128998609e+01 1.427807933045585855e+02 5.694317817511019086e+01 4.310621736265077431e+01 3.440027245961724844e+01
9.103503590134510048e+00 1.501635387532579955e+02 1.089123679373660565e+02 7.737786122982396364e+01 1.430275905474234150e+02 6.430925973686738928e+01 5.428201935255272303e+01 3.960050529646878914e+01
3.037286724652212300e+01 1.503766652220283220e+02 1.038772727964643252e+02 7.379394592814125531e+01 1.415772115900460051e+02 6.627204163855876118e+01 6.206810550848820185e+01 3.300641807282717366e+01
3.863977082209638070e+01 1.526100628449590886e+02 1.113847483960300195e+02 7.442931106670421570e+01 1.361810843374625222e+02 3.611523327562404972e+01 4.390787597304458245e+01 3.824998146229908258e+01
3.055055099201598878e+01 1.505683486555400634e+02 1.045165555324926459e+02 7.536879087614072148e+01 1.420021186957376642e+02 6.640888625166037684e+01 6.286487862365336809e+01 3.244523606162959339e+01
1.203935205969896138e+01 1.484282568130316520e+02 1.093432683804965109e+02 8.348176141898099445e+01 1.422851400932778176e+02 6.116616763413498603e+01 5.670332931308393398e+01 4.130054061540165122e+01
2.986207869124795522e+01 1.499929536363421789e+02 1.032307018050387484e+02 7.471836528430331725e+01 1.408998311131061030e+02 6.453809583817931639e+01 6.082310134599527629e+01 2.999179744980772711e+01
9.251461211261997164e+00 1.496654256711903201e+02 1.110577444738652844e+02 7.889491970169856927e+01 1.428008706173820883e+02 6.349728433427527818e+01 5.420324650764109720e+01 4.150287577458247057e+01
2.751075294531495175e+01 1.517037133417385064e+02 1.068924699718505167e+02 6.842642381652970585e+01 1.422707695628353122e+02 5.722733404412690561e+01 5.240050899285700581e+01 2.719598862107623916e+01
9.980015952559417869e+00 1.486277283374426474e+02 1.099186934238455109e+02 8.245518290950707296e+01 1.430864683342755086e+02 6.499386306664614210e+01 5.726037687557765565e+01 4.272201862801930616e+01
2.864357148360119254e+01 1.516224255939903856e+02 1.029728999116474455e+02 7.340886309916517405e+01 1.398971969944782927e+02 6.094096224816853180e+01 5.988287730233564332e+01 2.972804471695507544e+01
1.195357962369089755e+01 1.494300273714935656e+02 1.107519388764589223e+02 8.103911377023645457e+01 1.420038114247778651e+02 5.969198726583515224e+01 5.345999957637729949e+01 4.171286764835805627e+01
1.065989561983650802e+01 1.489824611189725658e+02 1.108897170776728842e+02 8.339596874151695260e+01 1.424766954092881690e+02 6.520883967346968291e+01 5.772506685904641444e+01 4.493436741683368041e+01
2.966915726883279092e+01 1.508269637783463111e+02 1.039691185033719449e+02 7.428431425172477987e+01 1.417867035594111087e+02 6.672953041911151217e+01 6.232698514692475555e+01 3.384919774817206672e+01
1.176834059670650845e+01 1.505641252507176659e+02 1.082302495008942032e+02 7.941822135351274881e+01 1.441879627344253549e+02 7.322209460675669845e+01 5.981625722029703951e+01 4.463972260020707949e+01
1.467654323204177480e+01 1.485327470943923345e+02 1.099286929755165829e+02 8.655068318561657748e+01 1.409490394462787890e+02 6.091804354611473826e+01 6.036880753467998773e+01 4.241652698032424240e+01
2.594366967963753368e+01 1.523999555768006928e+02 1.085550011344341073e+02 6.745067257276015482e+01 1.408249581215747241e+02 5.331041264404475299e+01 4.612387542121001616e+01 3.237367267622228439e+01
2.481907906115059248e+01 1.523756456336076610e+02 1.077054762392617135e+02 6.616578254782282897e+01 1.407339842595662560e+02 5.420951500150343350e+01 4.548751752149659922e+01 3.187563356895319799e+01
1.328536522681520005e+01 1.504875787700590308e+02 1.104484733220918287e+02 7.276945373247012583e+01 1.436099290786754352e+02 6.763314800533723314e+01 5.096956047087805075e+01 4.201688107084865464e+01
3.073073631652279403e+01 1.504040496684037009e+02 1.024204758539262343e+02 7.683926749929990763e+01 1.396599233883854936e+02 6.060523768195950822e+01 6.280171268378659022e+01 2.880799287598135905e+01
1.428791353189248170e+01 1.500490122378288902e+02 1.111785085144930747e+02 7.615335295094192247e+01 1.423695504894714077e+02 5.885085241062169104e+01 4.924686775434312125e+01 3.998791486275634099e+01
2.966929104534296613e+01 1.537555138419549792e+02 1.123468230246515844e+02 6.316470152401658567e+01 1.422230816984260571e+02 5.543286394102740644e+01 3.800115588580749915e+01 4.268955500429110828e+01
4.398529667513702890e+01 1.526737649788391025e+02 1.110282641222743081e+02 7.730860945078194391e+01 1.356624833996213795e+02 3.105142180074414782e+01 4.764634020165485140e+01 4.048611389400925020e+01
3.015129519331210872e+01 1.499155376927053283e+02 1.024543464905232355e+02 7.488251854211048908e+01 1.395300340915332811e+02 6.130254028143659895e+01 6.147998418767399897e+01 2.814471164435678219e+01
1.076829471330663068e+01 1.503511972252682654e+02 1.097026551100909728e+02 7.656574951584715905e+01 1.439852651407530004e+02 7.035080269982141488e+01 5.567920850923318454e+01 4.247114724174719669e+01
3.087403874125614678e+01 1.502898287489808240e+02 1.007138282659599611e+02 7.409781673657798251e+01 1.398451865709454580e+02 6.163549604808328297e+01 6.095596888593043161e+01 2.989765459214208221e+01
2.920909512740346514e+01 1.530740102353682630e+02 1.109359450507770646e+02 6.477832314980750539e+01 1.435663784422439733e+02 5.615687683952555176e+01 4.150535626862897232e+01 3.683744125830800442e+01
9.957217649986933594e+00 1.504266356367765241e+02 1.104210565292762993e+02 7.646011854566303612e+01 1.435080428517768780e+02 6.515209860924143470e+01 5.264940200350942234e+01 4.095398129872627635e+01
2.714520130090247108e+01 1.529683055794081952e+02 1.099167125330380799e+02 6.456463170046524169e+01 1.416079919916655570e+02 5.335193287662379191e+01 4.061803605607016010e+01 3.620004148043040004e+01
3.162700691234575601e+01 1.500613731524175307e+02 1.021553727334333104e+02 7.174250853099988490e+01 1.415081733923958609e+02 5.553046432315684200e+01 5.744251417296861462e+01 2.179787445047524486e+01
2.664005826643842667e+01 1.509345748624448049e+02 1.062910274403217699e+02 7.023122089941230684e+01 1.407280480544946215e+02 5.299973113078964815e+01 5.145430038869093892e+01 2.611600176977388443e+01
1.165114289575135587e+01 1.479485308581423340e+02 1.095070053705738360e+02 8.371822954483724288e+01 1.423533288296647754e+02 6.430551493215506298e+01 5.833262353648633081e+01 4.327639289907978792e+01
