2.676630390575714955e+02 4.929819220785964262e+02 4.078448651438026218e+02 1.617134326281058918e+02 3.801853561983846248e+02 4.467689480648538733e+02 3.458417369815312554e+02 4.257214052249431688e+02
0.000000000000000000e+00 4.125112319545802393e+02 3.147942038286439583e+02 3.062509048600493884e+02 2.780143281116044136e+02 3.501027254535075599e+02 2.525565453517342576e+02 3.323986127075273203e+02
2.397690617695022581e+02 3.547286217741722680e+02 2.723719307452749945e+02 3.790854552986184558e+02 2.120272899750822546e+02 2.941997632119034165e+02 2.139838195005482078e+02 2.727618133407184473e+02
2.996477938112664106e+02 4.935903327039671922e+02 4.208667329615374229e+02 1.366621194607159566e+02 3.909048448830828875e+02 4.594422842323616010e+02 3.549308629882041828e+02 4.298579192053787779e+02
2.259539952251048760e+02 3.521563534113789160e+02 2.785343446614059530e+02 3.536482403458088015e+02 2.227339564829369181e+02 2.994226558670211489e+02 2.204450083957196398e+02 2.825731420170812385e+02
1.855996525872104996e+02 3.976649748206548338e+02 3.058815213410940714e+02 3.038702887589345210e+02 2.688938967881102258e+02 3.449900019719951842e+02 2.510135672772806572e+02 3.164560949706605584e+02
3.222614454858073714e+02 2.936040058895364950e+02 2.372780073499576758e+02 4.394595559280955968e+02 2.515419838842421427e+02 2.422693001342138928e+02 2.732349406142043904e+02 2.200846192694681065e+02
2.904505962389583829e+02 5.030812473936198330e+02 4.269806420634169513e+02 1.454890451099813049e+02 3.970057063291125701e+02 4.634434534332004318e+02 3.582251747707632603e+02 4.383526574977760788e+02
2.669423118130947046e+02 4.805379935197742611e+02 3.977242120426157044e+02 1.878427574172689276e+02 3.689111489767360013e+02 4.429737914520369486e+02 3.297714437776758700e+02 4.101565219880226891e+02
2.606399901261415266e+02 3.254748921143782923e+02 2.511839316722166302e+02 3.936462599033507104e+02 2.117525731904014208e+02 2.648401340460017650e+02 2.485597145030044999e+02 2.488367080993159561e+02
1.974875736608222212e+02 4.294097487294597499e+02 3.500073669571066830e+02 2.602627743830951772e+02 2.897894150840319867e+02 3.765177395861701939e+02 2.829182371820134563e+02 3.582707876164628829e+02
2.766168455398907327e+02 3.147501613940239054e+02 2.553021030021909610e+02 3.982726191512333003e+02 2.074938242012383967e+02 2.626012511353437731e+02 2.500298352345392345e+02 2.444199591880642402e+02
2.166947027245741992e+02 4.738208536523615066e+02 3.827189238081993494e+02 2.162231949170546557e+02 3.417901305908951599e+02 4.223096685948856930e+02 3.039981947331015135e+02 3.965821673165900165e+02
1.956473392274029663e+02 4.189711795744946699e+02 3.284437447095818357e+02 2.830275451931604493e+02 2.805664346034174628e+02 3.686616585291554884e+02 2.654879262121246484e+02 3.391708952990530292e+02
2.080953647259176478e+02 3.907831509358649100e+02 2.971527653332726118e+02 3.302873185141843351e+02 2.449669813341557472e+02 3.287414225959189480e+02 2.405782085937260604e+02 3.104765813075772485e+02
1.923293823017653494e+02 4.047243068851152543e+02 3.243292731621842790e+02 2.981284222580883920e+02 2.582062235232100988e+02 3.510685712494585005e+02 2.567508037352970405e+02 3.310035861433368041e+02
2.639980132631197307e+02 4.839547345133436238e+02 3.997868674298336487e+02 1.650107390603913018e+02 3.642872703093533460e+02 4.394034496829340242e+02 3.241536591242785903e+02 4.108965513837030699e+02
2.103519100840496208e+02 3.807645064690657364e+02 3.044868028053281819e+02 3.244749442479990762e+02 2.293360851891429206e+02 3.233910013369828675e+02 2.546308243984271087e+02 2.948266090346822352e+02
2.226459220457121830e+02 3.658259139129142454e+02 2.876678853915925629e+02 3.514506957850761637e+02 2.308580268197895009e+02 3.084839079963277868e+02 2.361879230584041238e+02 2.838693727650624510e+02
2.976819257628436617e+02 5.009161165330386893e+02 4.235654595657661048e+02 1.208733791400091775e+02 4.019552787670054386e+02 4.652878553263842605e+02 3.586458920614655312e+02 4.436078340317204152e+02
1.766875167774773843e+02 3.997489438361743623e+02 2.996689372226693990e+02 2.940234026486276662e+02 2.710896942533352671e+02 3.376065023223362118e+02 2.474274517491248275e+02 3.215403595823828482e+02
1.958513068012876488e+02 3.881208399686584585e+02 2.861876949562010282e+02 3.263493765062247007e+02 2.627384459950952760e+02 3.222678973726654021e+02 2.403614177471551443e+02 3.130406457204650792e+02
2.235248766516361343e+02 3.794711208936574849e+02 2.938448732844362326e+02 3.216023309884852210e+02 2.572339074485606716e+02 3.344390479932154108e+02 2.469554260717738146e+02 2.999325936582494592e+02
1.884872568046019694e+02 4.054916425295757563e+02 3.132320970273873968e+02 3.173917883771479183e+02 2.638468723459623106e+02 3.406807666322021646e+02 2.569755378869966194e+02 3.177020134162477234e+02
2.029880637455092653e+02 4.293411572274288801e+02 3.468528392943608196e+02 2.681833861635311678e+02 2.950919797212627032e+02 3.706403655566822408e+02 2.790740056996506269e+02 3.516048729284652268e+02
1.853214662946697899e+02 4.070978987868987815e+02 3.335512230694709501e+02 2.830395457749370962e+02 2.644358033019157119e+02 3.506128782322423376e+02 2.759371100118787012e+02 3.373361913681166584e+02
2.450553351562872422e+02 3.531978001817680024e+02 2.753866602904091678e+02 3.728159972185140418e+02 2.285153960495503895e+02 2.946799750412120034e+02 2.269519672891176185e+02 2.722852214540266118e+02
2.166936293671235774e+02 4.479148235579749553e+02 3.534204741702985757e+02 2.465445018116779750e+02 3.172156953518947375e+02 3.854286545873027308e+02 2.989011389118324473e+02 3.743143317585381737e+02
2.574404018065879427e+02 3.357392023931950575e+02 2.690394339829982755e+02 3.818658068780019903e+02 2.143855846636881779e+02 2.790813329322890013e+02 2.334086619582835738e+02 2.725931223318603998e+02
3.389381843404863730e+02 2.678181088493093966e+02 2.594982931135418198e+02 4.562997128001546798e+02 2.618397243238297847e+02 2.219899627451087269e+02 3.099068708873256242e+02 2.391352552615970524e+02
1.771590658442664505e+02 4.062063011434617010e+02 3.011634409162738280e+02 3.078514743070190320e+02 2.792925762158959060e+02 3.522937883310499956e+02 2.467536581591448623e+02 3.227572970799365066e+02
2.642006836953601692e+02 4.819953999295304357e+02 3.991479998093141717e+02 1.679164161947489049e+02 3.701490277611736133e+02 4.415771631749277049e+02 3.355768231195493740e+02 4.201366586466525632e+02
2.406021399066387971e+02 3.536185912853741797e+02 2.691114436287036256e+02 3.604504412280414840e+02 2.174015647786070531e+02 2.988657128986067164e+02 2.221646013308160263e+02 2.725952587520928887e+02
1.761128896435382671e+02 4.073914009506071352e+02 3.076573316245265914e+02 2.946387805276993390e+02 2.738173456002414810e+02 3.532212921289914220e+02 2.591485929405134812e+02 3.187415447910078115e+02
1.999484024937557081e+02 4.325597605580265395e+02 3.491515571416092598e+02 2.591527160924159148e+02 2.947076757740925927e+02 3.758828008005071979e+02 2.924333291709412492e+02 3.543328241157507819e+02
1.916240550686148367e+02 3.985058894465884691e+02 3.111710684246168057e+02 3.074566569154532090e+02 2.555192697282624010e+02 3.438401460123849347e+02 2.419149910783174278e+02 3.125499624482096124e+02
2.175045261873392803e+02 3.744382126056481752e+02 2.890410595117066350e+02 3.445419160345614955e+02 2.572185140850429548e+02 3.128133497795067228e+02 2.392034478024765747e+02 2.921899511499656228e+02
1.999331911077723589e+02 3.813811771974368980e+02 2.902132361683389377e+02 3.260347176875385458e+02 2.393561478875625994e+02 3.224338236193271996e+02 2.362841384076904205e+02 3.024206156437000459e+02
2.103083545151947931e+02 4.499089255316386584e+02 3.667299108596072870e+02 2.366499056450586806e+02 3.172558731175040521e+02 3.961320941057403502e+02 2.963963840634165763e+02 3.698779557719866489e+02
2.451143671172114864e+02 4.706198701137568037e+02 3.774194215386415294e+02 1.856924740497257176e+02 3.497881318488068700e+02 4.286251321718340819e+02 3.206243888261124653e+02 3.965098813917525149e+02
1.818323598588767425e+02 4.082126276633308066e+02 3.061332139799177412e+02 2.930073674079444572e+02 2.826984057594704609e+02 3.535650447160766134e+02 2.439539708354958805e+02 3.188536220726056172e+02
2.088661666010324041e+02 3.693527998802298384e+02 2.801501746187988715e+02 3.454476054325153314e+02 2.444463425475422298e+02 3.118636114313114263e+02 2.304982978830859111e+02 2.962704480680957317e+02
1.864795388807153245e+02 4.017864178821847645e+02 3.208768078638217389e+02 3.078634125901737093e+02 2.656824717171728025e+02 3.410288960889701571e+02 2.549190539410190297e+02 3.164932562626860317e+02
2.912076021703351785e+02 3.078400274207990037e+02 2.388991011519024994e+02 4.138370158971084720e+02 2.245664585937607853e+02 2.612004883691160444e+02 2.622454824887733480e+02 2.364451971494559359e+02
2.086843198543753601e+02 4.377403967825582640e+02 3.505940064757389223e+02 2.525634349515296151e+02 3.053823118073244700e+02 3.832369587573109015e+02 2.919946804751449463e+02 3.581243441399588505e+02
2.058825602423943621e+02 4.358245988359764738e+02 3.429511540173054414e+02 2.545132117226213779e+02 3.065704565718604613e+02 3.860941336277337541e+02 2.851575152401039759e+02 3.637973434584058623e+02
2.935104562898382028e+02 4.960880679457766291e+02 4.145504008674517422e+02 1.460236311463298193e+02 3.833202918826756331e+02 4.612067270522521767e+02 3.556356961517818149e+02 4.355749459374211483e+02
2.216887073644260795e+02 3.722060488139175618e+02 2.738309438719460331e+02 3.542113402200928363e+02 2.328335253755302006e+02 3.115201636186963583e+02 2.187502062696428595e+02 2.908461559755621693e+02
2.086532471544191765e+02 4.495267484692490711e+02 3.587981456604661616e+02 2.351109287949846873e+02 3.212493296287062776e+02 3.965233726580986513e+02 2.951567988658213721e+02 3.760916387494912669e+02
3.665292025522299468e+02 2.568482971348551018e+02 2.706790662777722218e+02 4.727798574498081052e+02 2.842950253440482129e+02 2.358366795586905766e+02 3.170856735306816745e+02 2.397485056049240484e+02
2.018785585082556224e+02 3.653650577508164474e+02 2.801231922184605878e+02 3.623914557807734695e+02 2.212648505551000255e+02 3.071530948510200005e+02 2.127062300448699261e+02 2.909111723992020870e+02
3.362601239900399719e+02 2.768970538003483739e+02 2.388605996422863598e+02 4.496519094286007885e+02 2.556145433485670821e+02 2.277487703969208610e+02 2.838426745508720046e+02 2.123386243381195584e+02
2.010121165802012513e+02 3.818193555060177573e+02 2.886510396359973356e+02 3.246676941370917007e+02 2.389776993175676694e+02 3.244603053259714329e+02 2.486892256637753746e+02 2.977366101737987947e+02
2.490809955287424771e+02 3.486054114703148912e+02 2.622308577399080036e+02 3.698917287294354423e+02 2.230384097702561803e+02 2.897479083741717432e+02 2.229699463654141027e+02 2.666018732056173235e+02
1.797745754851449362e+02 4.140144846505120313e+02 3.253550386782040391e+02 2.929518053638653328e+02 2.822109129604643272e+02 3.615637844964734882e+02 2.619279045805715782e+02 3.326405143636658295e+02
2.198650296968827149e+02 3.520013012380413784e+02 2.616707146695852657e+02 3.746110135988985803e+02 2.243824683635241115e+02 2.886998771397642827e+02 2.093334502765051468e+02 2.684977578685866888e+02
2.030779213299223613e+02 3.868915975798623776e+02 2.969094243618430369e+02 3.330372923352334169e+02 2.454806966244865976e+02 3.243022615571321126e+02 2.472597198746887557e+02 3.061955677310934902e+02
1.776477267222760190e+02 4.178036125618593815e+02 3.241275746959511252e+02 2.881640116576995183e+02 2.861597400306555414e+02 3.521508796841891353e+02 2.662012740946367444e+02 3.310693915803282721e+02
2.269919037009404406e+02 3.662530068693915837e+02 2.753305158492383953e+02 3.554444867540273663e+02 2.347149816778513696e+02 3.087927234754565688e+02 2.274774164551295712e+02 2.877781764448741342e+02
1.921775344530688301e+02 4.362149456756593509e+02 3.429323338985650480e+02 2.421167574893118513e+02 2.974909888079645839e+02 3.840777090773926830e+02 2.665077931336838333e+02 3.546208023006398093e+02
2.107825144743769670e+02 4.283150382351145140e+02 3.423779640563120665e+02 2.649433826659164311e+02 2.922262300056433446e+02 3.697569902546212006e+02 3.069618220878077750e+02 3.571721815445199582e+02
2.339864180869519714e+02 4.686515155112053890e+02 3.732566472784715188e+02 2.223524529872564415e+02 3.495585506076182583e+02 4.248034447542935368e+02 3.023080219356803013e+02 4.013981245217872242e+02
2.962083600019906839e+02 4.969526721287001010e+02 4.146414409971361010e+02 1.215627586811784226e+02 3.854368015594262147e+02 4.605278022022911273e+02 3.536842830012976719e+02 4.299002962482482531e+02
1.968828046883342893e+02 3.903434085945646643e+02 2.904348808492585476e+02 3.328710613356007570e+02 2.485582873827905246e+02 3.351079309907582342e+02 2.419956693522098874e+02 3.038803739387357155e+02
2.772723928451659390e+02 4.836701126543263740e+02 4.043798494175256906e+02 1.450017325466217812e+02 3.761339950265627294e+02 4.478681377695603487e+02 3.430342997065978921e+02 4.204500304589112147e+02
1.983443708833473522e+02 3.943875020981890884e+02 3.015040749110943921e+02 3.203765034642368619e+02 2.586601610741084869e+02 3.362733336472477959e+02 2.548783011258632882e+02 3.014891746993644119e+02
3.455246601315108705e+02 2.778259039020427394e+02 2.541280089086291980e+02 4.498037282486399704e+02 2.736699089351495218e+02 2.302891165808288463e+02 3.051771229765560633e+02 2.345362209552068293e+02
2.051923342454965109e+02 3.837802754977201403e+02 2.919364519889268195e+02 3.255409751357561277e+02 2.371110665721298290e+02 3.246237126997284577e+02 2.374756189491353950e+02 3.045500869027088697e+02
2.399340978282817503e+02 4.621340928133464558e+02 3.769596567388668973e+02 2.065934765706985559e+02 3.351356367830065892e+02 4.209857167863889345e+02 3.142165846255923611e+02 3.947318745385328498e+02
1.749337338007285325e+02 4.299304718496486544e+02 3.361118514233621113e+02 2.867299899960221978e+02 2.892817520970236842e+02 3.728029319302882527e+02 2.631558266451339136e+02 3.488077708979051295e+02
2.772638127651921991e+02 3.212215021458269462e+02 2.593724619703273220e+02 4.018848848175758235e+02 2.131255595778615657e+02 2.637512494414110051e+02 2.429062306416166734e+02 2.494642011321694213e+02
2.363456651751905042e+02 3.586536585987982448e+02 2.740771226711595432e+02 3.521762676493601703e+02 2.281042854688476496e+02 3.022249156523265583e+02 2.194982206809455363e+02 2.796662565222501939e+02
2.153294648796461388e+02 4.335374790647205145e+02 3.414756789196611066e+02 2.626479920290782388e+02 3.064831795377348840e+02 3.740341536738987998e+02 2.779171284794683743e+02 3.612877416852361989e+02
2.565289546956641971e+02 3.511111457744128188e+02 2.543220836060285137e+02 3.595242989478198297e+02 2.354076351451679443e+02 2.942386532394429537e+02 2.237795966496043718e+02 2.617867314218270849e+02
2.055513204381495598e+02 3.868028531045699765e+02 2.931991358719920413e+02 3.171675382305194830e+02 2.459973903678883005e+02 3.292934163713620705e+02 2.444789896418230626e+02 3.043714135268191967e+02
1.989237141030422720e+02 4.224549880737006902e+02 3.284055570903611283e+02 2.767206322487664352e+02 2.780414473993666888e+02 3.696626967251588098e+02 2.697556553206902663e+02 3.393939581657215854e+02
2.354751181924120260e+02 4.614067264714727230e+02 3.708037283115722289e+02 2.248188976723786539e+02 3.393717199447592634e+02 4.172370556971608266e+02 3.102971547559296255e+02 3.842436885185920232e+02
1.829987815420295476e+02 4.233387118333486683e+02 3.312622279279576674e+02 2.720801332765702796e+02 2.914413897585010318e+02 3.751934967812269406e+02 2.650511196405895475e+02 3.444069965921239600e+02
2.269762365670176791e+02 4.562420530339727520e+02 3.610067253503719371e+02 2.136046100512671444e+02 3.285116474256176957e+02 4.121577919255964275e+02 3.007623915147884190e+02 3.833299778513747924e+02
1.884761765269219040e+02 3.896590106119357984e+02 3.043561516195228478e+02 3.215418296389107695e+02 2.652026547783718229e+02 3.435585183467755428e+02 2.420077384270848597e+02 3.179711374817461547e+02
2.483193893160695040e+02 3.442729649129581730e+02 2.702635787762916948e+02 3.788868228458936755e+02 2.220553600831173071e+02 2.820271440323344905e+02 2.374029322377927826e+02 2.671094670855907225e+02
2.681977041569937796e+02 3.353824231845041481e+02 2.529865621675088221e+02 3.930696964935357300e+02 2.145197710556334698e+02 2.714312148599522629e+02 2.477252814211648513e+02 2.436097259261615307e+02
2.886941671259074838e+02 3.145159150762064542e+02 2.404486180436908001e+02 4.078802103375029446e+02 2.112845230625311785e+02 2.609394547668795212e+02 2.457447670602481082e+02 2.389007139839092133e+02
1.949747560808724245e+02 3.869762900432586434e+02 2.876806519505220194e+02 3.391496088163673903e+02 2.427554708640449803e+02 3.276848810074213816e+02 2.370642367015907155e+02 3.014328757586599750e+02
2.479517007321584288e+02 3.491320323907455645e+02 2.772933415307548444e+02 3.715857233479995898e+02 2.244099243726574855e+02 2.887581461467243003e+02 2.467075088195774129e+02 2.775453639185452630e+02
3.162944671747825396e+02 2.864245992621198980e+02 2.400367960612019260e+02 4.414099775097064935e+02 2.324403915971898869e+02 2.394457779621048132e+02 2.748307105180224994e+02 2.201910875766808147e+02
2.780143281116044136e+02 3.247767167365679484e+02 2.737489905912519248e+02 3.992442781537128553e+02 0.000000000000000000e+00 2.680277259546385267e+02 2.605043458769793574e+02 2.566081820139036722e+02
1.763717261502972065e+02 4.012458502842800954e+02 3.115985590847349158e+02 3.007682834012402964e+02 2.658643227693851827e+02 3.469347792588312700e+02 2.521604491857296466e+02 3.276103046362450755e+02
2.667362637495393756e+02 4.846950250620656675e+02 3.931570169429749058e+02 1.584651523918132341e+02 3.719725863572697904e+02 4.408872719091872909e+02 3.331250171036662664e+02 4.167312849237500814e+02
2.668175136540064045e+02 3.381754596740371994e+02 2.584040973759755957e+02 3.880668766291573206e+02 1.960104026687140788e+02 2.772499158944888222e+02 2.360649210440157049e+02 2.594670573319385198e+02
2.848201391426143800e+02 3.199165993924312374e+02 2.175001930295691466e+02 4.132890215415383750e+02 2.288453310279460311e+02 2.653611641007981916e+02 2.567145406896381132e+02 2.516262705202007623e+02
1.953370376910966399e+02 3.999563271525771597e+02 3.132497481925834677e+02 3.072054599734005365e+02 2.587793295852495703e+02 3.449848569456057135e+02 2.441196477211518072e+02 3.212581020292816447e+02
2.626107092372276384e+02 4.816790059900011443e+02 3.990415163290604141e+02 1.758577717042353754e+02 3.655057674682799984e+02 4.383634331192634477e+02 3.311639914086468934e+02 4.125624019919652596e+02
1.706791459522505932e+02 4.278342627578433053e+02 3.330730125084784277e+02 2.759483728739265871e+02 3.009615579754513419e+02 3.728979664417265667e+02 2.672158856841529087e+02 3.542936433966276013e+02
1.905426104488558394e+02 4.082780358063321273e+02 2.939449836616936977e+02 3.128709218020337062e+02 2.698010026802966195e+02 3.384070027854224350e+02 2.486161097477979354e+02 3.247398624737871842e+02
2.054073820076991126e+02 3.845149108816141847e+02 2.926496960489503181e+02 3.417099273005940745e+02 2.480311807600130862e+02 3.200792451834136045e+02 2.428488334449612012e+02 2.954672974392433389e+02
2.772512139892963319e+02 3.301230525559149100e+02 2.575848773418277915e+02 3.950334973438204997e+02 2.061240903262297479e+02 2.870163502832473910e+02 2.505856467926338382e+02 2.526017742797693586e+02
2.428987924705319301e+02 3.527824259486401388e+02 2.794481013783624235e+02 3.624518946833142081e+02 2.199570923465332726e+02 2.975247546579201412e+02 2.384357621413059860e+02 2.846675905703135072e+02
2.132108425261052673e+02 4.747961781984308800e+02 3.817229089085038254e+02 2.087865712761202417e+02 3.597069192522633330e+02 4.226663463705268100e+02 3.157811654446807665e+02 3.998107585694426689e+02
2.177031012327549888e+02 3.905658187479929779e+02 2.804512513555429223e+02 3.249447036637696442e+02 2.519802935952552900e+02 3.420140419801792291e+02 2.456558624446869885e+02 3.069899660402728614e+02
1.977155330122630801e+02 4.386634033433882109e+02 3.479725536889248474e+02 2.710697348902384078e+02 3.165163417010030571e+02 3.914280855474007126e+02 2.837080191970703709e+02 3.660595088070845122e+02
1.916135626292990537e+02 3.835482559885697356e+02 2.902159154727995087e+02 3.257346889989365764e+02 2.510989230096268443e+02 3.230603298327689572e+02 2.234831752895804300e+02 2.979289311495827519e+02
2.368499400053404713e+02 3.654120616053677963e+02 2.836764502078173678e+02 3.487039321404667476e+02 2.445614953557334843e+02 3.143026236963700057e+02 2.283881464153459149e+02 2.801617225439434264e+02
2.000553941980477362e+02 4.294019666613404524e+02 3.482304575124169901e+02 2.511503348865017813e+02 3.027437285917183090e+02 3.769735862171276040e+02 2.806870614516337810e+02 3.641606391112860024e+02
2.285112117790995683e+02 4.450092981331726492e+02 3.579446752867289661e+02 2.364863631443996894e+02 3.131004455186413793e+02 3.966719161029079146e+02 3.020469069724438214e+02 3.662663692613081139e+02
2.277984169999278663e+02 3.518127394284457523e+02 2.648065570996913607e+02 3.672527480205970392e+02 2.239570521425537208e+02 3.009167618568111493e+02 2.210815222698779507e+02 2.813792989267266762e+02
2.416423904751849534e+02 4.716491272355991100e+02 3.865743114571544652e+02 1.898147488309941764e+02 3.606124055034541129e+02 4.271505131731656206e+02 3.251861259338454602e+02 4.070237703771852580e+02
2.066506149389143729e+02 4.491371176779721281e+02 3.517780757992519511e+02 2.283328907716715719e+02 3.160902924354456900e+02 4.004840846001378623e+02 2.828067130886089444e+02 3.703636830685339874e+02
1.985618226620574376e+02 4.376321069479357107e+02 3.353546187002507395e+02 2.629333415222106396e+02 3.146069858583180121e+02 3.905174277705434065e+02 2.758892221649381895e+02 3.599969742999532514e+02
2.290344533232826052e+02 4.436801056616854453e+02 3.500234808270105873e+02 2.508163281068997890e+02 3.249517800211318672e+02 3.987179130118365151e+02 2.989621685679856000e+02 3.682291995846128998e+02
2.088028708044869290e+02 3.811195948555892983e+02 2.901503256757854956e+02 3.386079535643201552e+02 2.608910395844693539e+02 3.276303586348241765e+02 2.397999617200997875e+02 3.102580746408536925e+02
2.117349982819050354e+02 4.540186573212338317e+02 3.616198415168179281e+02 2.252133543200760641e+02 3.254409966409773460e+02 3.960728727253024317e+02 2.966734062841691753e+02 3.731108742805238307e+02
2.095571368346391523e+02 4.359966813963854406e+02 3.413476333380919527e+02 2.427725558866215465e+02 2.998596861828362421e+02 3.787744905848632584e+02 2.795861555130043143e+02 3.608558995863084533e+02
2.047853948167892497e+02 3.846472046128857869e+02 2.932217717526866636e+02 3.189311634702800120e+02 2.530208360782418140e+02 3.330761208530378781e+02 2.534699792707604615e+02 3.068686314091267491e+02
1.778006052352823474e+02 4.274610995205431436e+02 3.278377783471142948e+02 2.897570651273950944e+02 2.829131609509475425e+02 3.647877541981176819e+02 2.526699690222240235e+02 3.382553288572253223e+02
1.906385689116576998e+02 4.271624572599621388e+02 3.171084725869088174e+02 2.800846209663307604e+02 2.963941029575874495e+02 3.683616918019238824e+02 2.716976408279882662e+02 3.406614036801441330e+02
1.844268145207734051e+02 3.972410219971492324e+02 3.177437796886597425e+02 3.224404870037195110e+02 2.532585476687408743e+02 3.359628156592449955e+02 2.413403856460627139e+02 3.091842064796144882e+02
1.923982847014638082e+02 3.861218077300248410e+02 3.006264405847578587e+02 3.259836950737750954e+02 2.482024108839778762e+02 3.291097765784198259e+02 2.467505095974634912e+02 3.088165816334640112e+02
1.956994328327622270e+02 3.855040993838327381e+02 2.946699140833677575e+02 3.255774577167140365e+02 2.438460574369554479e+02 3.348859668076660228e+02 2.427649237158765061e+02 2.960767869892717385e+02
2.174727978144441352e+02 4.458894583619238574e+02 3.602388680229394708e+02 2.248039822559279344e+02 3.184822565161734929e+02 4.004478325938007970e+02 2.812236616420260020e+02 3.719597870810007407e+02
2.440307104939194289e+02 3.526565429072549591e+02 2.728780842914259210e+02 3.674638792711095903e+02 2.146456622628085711e+02 2.930692824751001240e+02 2.328991427984714733e+02 2.718753590243416625e+02
2.670797483726251471e+02 4.881329310943751238e+02 4.068413096231720374e+02 1.624088715517405603e+02 3.776228325962433701e+02 4.472693560857307489e+02 3.390163573185180894e+02 4.175798326250643413e+02
2.175374167298190855e+02 4.585543255970189307e+02 3.590675971626332625e+02 2.125514522353086875e+02 3.419211343192878871e+02 4.148246487548675532e+02 2.989204147895043775e+02 3.827422188027921379e+02
2.307775292124144642e+02 3.571576400356921681e+02 2.735902909191734125e+02 3.636091753025386879e+02 2.297276484133108454e+02 3.002234875082893382e+02 2.197476465597497395e+02 2.779383914703336131e+02
2.520856752453809690e+02 3.475004857095111674e+02 2.627204592402731578e+02 3.764723559771226746e+02 2.005905312353719694e+02 2.821241855445134661e+02 2.202495704128605496e+02 2.677537447798295602e+02
2.907090240501244693e+02 3.132109437850602944e+02 2.300290670746574904e+02 4.203480951221818600e+02 2.173576954563244783e+02 2.482407998970744529e+02 2.620615487091657769e+02 2.350115561687728700e+02
3.046529680878723525e+02 3.188333102222197795e+02 2.252042198486824702e+02 4.156321020948405476e+02 2.612115192607380436e+02 2.683064117909324864e+02 2.596850580424506916e+02 2.477737705117707208e+02
3.006095873207090676e+02 3.033563320341738176e+02 2.336382018244146934e+02 4.132274957227011214e+02 2.140097856458572210e+02 2.466205823648327851e+02 2.637193435256551766e+02 2.387653209696401859e+02
2.784083220800314393e+02 3.212387961987865310e+02 2.401375258467506058e+02 4.099146548366197180e+02 2.022828156323344615e+02 2.618673376505963688e+02 2.451539326479943668e+02 2.542336177675718432e+02
1.860497877634102224e+02 3.952771336141226470e+02 3.053601527687559951e+02 3.154294116011155893e+02 2.688216713565211080e+02 3.392008743828315005e+02 2.521106757974307016e+02 3.086165996397108415e+02
1.923243105247211133e+02 4.006888355293988297e+02 3.060143942984042269e+02 3.090442272513963644e+02 2.739916053444330828e+02 3.495682559541713204e+02 2.464271791667569289e+02 3.303883086997100804e+02
2.388323513670615341e+02 3.502552554951750494e+02 2.678087452109214723e+02 3.715824788728126578e+02 2.253714242172893876e+02 2.856169740946822344e+02 2.251020991389476080e+02 2.824976926637384622e+02
2.892352120486031595e+02 2.947576478290058617e+02 2.423797641677858508e+02 4.195078998523696896e+02 2.263889557175510276e+02 2.388654159826790533e+02 2.794490837026492613e+02 2.323002474445643486e+02
2.537679778996106563e+02 4.687061326893567639e+02 3.923674692821580265e+02 1.713566518777791714e+02 3.465032423858317543e+02 4.258948231257040788e+02 3.329403835426995215e+02 3.989796246247810814e+02
1.970023145208776327e+02 4.322627043116019081e+02 3.464303846153447921e+02 2.448043944272360761e+02 3.040176477025682402e+02 3.862817778509089521e+02 2.783333557381413925e+02 3.541728402288252937e+02
2.477829834867315810e+02 4.791514260178829545e+02 3.855807945307549289e+02 1.781134402402974786e+02 3.593275774868704957e+02 4.365288775079948209e+02 3.285879923335641593e+02 4.069174629136227850e+02
1.896171994379198793e+02 3.995707797492541999e+02 3.233286366585583096e+02 3.058062880252431910e+02 2.583148512584587024e+02 3.445018946252408227e+02 2.690461442875675857e+02 3.296474619934018051e+02
2.463497132125508244e+02 4.672578677310553985e+02 3.730859615372418716e+02 2.036718925866476013e+02 3.431697472106883424e+02 4.213595558991581242e+02 3.074758369284712103e+02 3.902236932203242645e+02
2.510636875681366575e+02 3.357758271319823393e+02 2.685967958971696703e+02 3.818691223671531816e+02 2.063692612886700601e+02 2.799712683311925048e+02 2.327207805962773932e+02 2.589592554429171969e+02
2.055020625777383430e+02 4.466091982312810842e+02 3.479969154788572610e+02 2.481477385941494731e+02 3.218963272270628408e+02 3.955241270397095832e+02 2.740742162035178353e+02 3.695226020303285850e+02
1.941936451011794134e+02 4.126836702155540593e+02 3.303097128947179044e+02 2.935310046803687669e+02 2.841548686572234033e+02 3.581859771649708364e+02 2.686086073056212058e+02 3.333803395610950133e+02
2.542833637332043963e+02 3.443129693295426250e+02 2.546532768681292964e+02 3.820024920714688506e+02 2.322563480717761308e+02 2.794923376976946656e+02 2.398499609068561256e+02 2.705860296128217897e+02
1.912839590495276525e+02 4.286324105864763965e+02 3.418515151063264739e+02 2.508608766565018584e+02 2.927728090993355181e+02 3.826359752450385940e+02 2.765691535851409526e+02 3.538269540069730397e+02
2.734132810162357714e+02 3.236521676100676927e+02 2.527716343939671049e+02 3.925060139461116364e+02 2.044566720955717756e+02 2.619423838840119174e+02 2.378339203855484527e+02 2.426987054745490866e+02
1.933759586363233325e+02 4.260179427277849982e+02 3.425710770655364286e+02 2.503165992570678213e+02 2.814328516321038478e+02 3.782048738179269662e+02 2.735754322487660488e+02 3.525884799254860127e+02
2.203711407431747205e+02 4.572050902000161727e+02 3.700159285414970896e+02 2.173902209512594936e+02 3.288959929995805282e+02 4.030147251738153500e+02 3.066133546868030635e+02 3.877230823830743702e+02
2.535753573806713632e+02 3.341564547779974532e+02 2.494159432374178209e+02 3.912048090927516455e+02 2.040425146678519184e+02 2.638559426316900272e+02 2.331564690970155596e+02 2.477044929474159289e+02
3.175356889629300099e+02 2.891913805821096730e+02 2.393704403238390626e+02 4.374752646607382189e+02 2.410176757170570454e+02 2.363922078793688968e+02 2.700799158767940753e+02 2.238136244390443608e+02
2.493003637319968107e+02 4.701772675246969015e+02 3.737253282679158133e+02 1.953099309068431069e+02 3.419216261352313495e+02 4.245647134532963491e+02 3.227221675923067892e+02 3.921792578190757581e+02
2.165900234002121181e+02 3.768205230476517045e+02 2.951183535216432006e+02 3.211792564189802306e+02 2.509678159172485721e+02 3.207019928608230543e+02 2.309621526107990803e+02 2.951537810527686361e+02
1.835565257887021744e+02 4.144099800263409179e+02 3.129799192896634850e+02 3.047312810188464027e+02 2.806179676259343410e+02 3.562949456834361968e+02 2.662727858599785122e+02 3.321954968632454097e+02
2.730614720751192976e+02 4.985486681245346290e+02 4.030724485477834946e+02 1.528476315732663693e+02 3.831934388786678483e+02 4.506940260506509048e+02 3.530813622059852150e+02 4.324841642610143140e+02
2.331340779367480138e+02 4.593645776090676236e+02 3.692089987076334410e+02 2.140350424825315940e+02 3.376705883793709972e+02 4.139890655868489375e+02 3.069358066948147439e+02 3.843717375366058491e+02
2.537791985437843891e+02 4.629394044268076982e+02 3.810856081638016235e+02 1.970968688742315749e+02 3.367907673632840329e+02 4.255321445353984586e+02 3.285551712715657118e+02 3.962490625702615716e+02
2.174485500657724799e+02 3.826625659173580516e+02 2.917090051591127349e+02 3.383260439712336733e+02 2.529870146414524754e+02 3.150611987433142644e+02 2.517878137532413518e+02 3.073553247313108159e+02
2.618136452153610776e+02 4.779436966832939220e+02 3.916586156661197720e+02 1.769363810735079028e+02 3.664717779740985293e+02 4.418613019609715593e+02 3.307361602729479273e+02 4.141256487960197319e+02
2.056517765936216620e+02 4.421009894313516497e+02 3.610184705578145667e+02 2.587004828296144296e+02 3.064498778349441181e+02 3.869400653118666469e+02 2.884412221537148184e+02 3.625857607073195936e+02
2.095755897376906489e+02 4.358155694532396183e+02 3.544726383872389306e+02 2.560930560578365771e+02 3.019823012543739651e+02 3.818085512556635877e+02 3.015288739772161648e+02 3.585446439585250005e+02
2.532833020979117862e+02 3.605861251551411897e+02 2.754162079779142118e+02 3.678078679752322842e+02 2.393969420985817749e+02 2.997394726020721691e+02 2.356123923157422837e+02 2.710446755009055551e+02
1.890851334653986271e+02 4.178508039121853130e+02 3.317846746437075467e+02 2.759113532219471949e+02 2.783957197659939311e+02 3.574624242686735442e+02 2.754442705546356933e+02 3.376476138349993334e+02
2.105285032391147411e+02 4.347802688205094341e+02 3.527019044205541718e+02 2.448356943400311252e+02 3.037749964986234659e+02 3.891344959157291896e+02 2.787405921219624929e+02 3.569232351049720933e+02
2.072219582378293694e+02 3.854456899634424190e+02 2.921704312138177784e+02 3.252602404520445134e+02 2.498522462491122553e+02 3.245555648223767093e+02 2.373434778046040492e+02 3.019235260887797381e+02
1.948930504344429835e+02 4.171071350814797825e+02 3.243418890673908095e+02 2.725284224935072075e+02 2.948300790018465136e+02 3.705036228074136488e+02 2.699532600424900011e+02 3.415319546504017580e+02
2.142007458128280462e+02 4.359297916534137585e+02 3.536973222125429288e+02 2.482437694224220195e+02 3.069099987253006816e+02 3.825249154465591914e+02 2.874451725594859113e+02 3.513816076884803010e+02
2.889381584130631495e+02 4.918053521128957186e+02 4.102781847390455710e+02 1.352707974931960280e+02 3.889050895492906648e+02 4.501906723437661526e+02 3.444097879255380690e+02 4.273809857653699282e+02
1.920593273290803893e+02 3.815709810945609206e+02 2.847951350496727514e+02 3.287034913883450145e+02 2.523529610742606906e+02 3.239574174208491399e+02 2.357736268057392124e+02 3.053645830011982412e+02
2.374807559584794490e+02 3.699230999367144932e+02 2.795307878325108959e+02 3.618680957923513120e+02 2.389038605284813173e+02 3.155981701149640344e+02 2.282907712207750421e+02 2.881094659614046236e+02
2.168558798738831968e+02 3.622932764902719782e+02 2.757058839608294534e+02 3.577721724145033022e+02 2.253879363098472481e+02 3.094872856943986790e+02 2.203092510616254458e+02 2.864653977378760032e+02
1.990428011197932960e+02 4.269798923128229262e+02 3.346359580231492714e+02 2.693513564839022365e+02 2.975817486182552898e+02 3.749939757743206883e+02 2.803061039268681043e+02 3.463558846778739735e+02
2.425699246643184779e+02 4.754490926004789344e+02 3.899552318180385555e+02 1.883506299465026643e+02 3.533437610381427589e+02 4.288259649305637140e+02 3.173697987077133575e+02 4.031425542635664669e+02
2.395266666498617383e+02 3.577953759058033256e+02 2.544942193993082640e+02 3.760477135609147581e+02 2.331413903201273854e+02 3.053116826700353954e+02 2.082998925203678198e+02 2.762018894158006219e+02
2.778395247175685654e+02 4.890140486951965499e+02 4.058486427355941260e+02 1.556771893892457683e+02 3.681522107948733264e+02 4.480501214726743910e+02 3.319615791315269462e+02 4.213254275013650272e+02
1.984697084399683717e+02 3.975802879003045405e+02 3.009264273670681860e+02 3.166615407469049046e+02 2.547292986135773560e+02 3.400543584042486032e+02 2.400068359424945186e+02 3.062516528801997424e+02
2.239190009875572400e+02 3.639080916688183152e+02 2.745634544688978735e+02 3.654956582459862489e+02 2.295540517690602655e+02 3.017260600712911582e+02 2.348716478581628166e+02 2.813829742054899157e+02
1.843854120614262513e+02 3.957713172157202735e+02 3.003386208022049004e+02 3.108073840120702584e+02 2.578056044945844860e+02 3.428681344489512526e+02 2.451650030584080184e+02 3.178621797700651541e+02
2.206713126499466853e+02 3.566348190364468564e+02 2.818062301750039751e+02 3.611891982434237889e+02 2.228723707238086718e+02 3.028967000090428883e+02 2.388922429108973802e+02 2.782115047898905686e+02
2.432888079879280383e+02 4.749174121523244594e+02 3.821832916686413455e+02 1.758103955527965923e+02 3.602640172569075503e+02 4.335175372047934843e+02 3.296706845952322738e+02 4.055594986260522319e+02
2.011484803090000923e+02 4.387534474427015994e+02 3.393890482906161878e+02 2.566912968421122514e+02 3.048114172346400892e+02 3.831003484284736373e+02 2.886283036889928439e+02 3.622874671883681117e+02
2.250466535533574870e+02 4.567899285132862133e+02 3.638409364012876495e+02 2.396070234624544071e+02 3.318385386527899072e+02 4.157503365495430216e+02 2.899156698454862635e+02 3.760124709302448309e+02
2.032703211987493432e+02 4.274276139184287899e+02 3.409469799221490689e+02 2.605325423520803838e+02 2.730565879291829674e+02 3.757118410662342853e+02 2.860024700898362653e+02 3.520811944168797822e+02
2.371703547925646944e+02 3.528075215210921556e+02 2.809594722884875182e+02 3.571065945649705213e+02 2.195716765901226211e+02 2.980003948681588213e+02 2.282718136208223711e+02 2.723131968824143314e+02
2.657065905180146501e+02 3.329621060277296465e+02 2.442302813680471729e+02 3.893327382897563780e+02 2.194283005445158210e+02 2.778988464931786098e+02 2.381418094444483984e+02 2.594060356359714774e+02
1.727165253231805764e+02 3.996078136811992749e+02 3.079845928704423841e+02 3.005344317826748579e+02 2.658022004899567605e+02 3.459511821653536003e+02 2.477178777153686156e+02 3.280108662382955345e+02
1.923881747847785562e+02 3.887245999035233126e+02 3.000757002163034599e+02 3.384995394651375591e+02 2.437179449794354582e+02 3.280433707389531719e+02 2.477951022019875609e+02 3.057885887054492287e+02
2.781961099361284369e+02 4.874502645582508649e+02 4.082556688785100505e+02 1.345272093471756421e+02 3.741791443968779163e+02 4.428893343784372973e+02 3.395768616970534595e+02 4.260323519178659240e+02
1.949685906766322887e+02 4.138112724131954678e+02 3.249421842775047367e+02 2.949883637974528483e+02 2.764207296050607283e+02 3.667563432546344302e+02 2.748106665022260700e+02 3.329626013874622572e+02
2.252792253446467328e+02 3.465042256959775955e+02 2.675945303398715396e+02 3.714839470763980103e+02 2.185963765074269816e+02 2.906916046712850061e+02 2.124247543780780063e+02 2.696695042269562919e+02
2.307170434887937347e+02 3.627751813511633259e+02 2.627258981336468651e+02 3.617041045264836043e+02 2.253285510855356790e+02 3.109402159357769619e+02 2.133956477043359712e+02 2.732622248993870357e+02
2.379358032457098489e+02 4.667050634645085552e+02 3.713197919931181445e+02 2.038502236016407778e+02 3.409564197349991446e+02 4.197488740131572627e+02 3.113948632050271499e+02 3.997182764746785892e+02
2.104231497678653966e+02 3.827325740066190178e+02 3.047702958649645097e+02 3.280717780486800734e+02 2.353946155894526555e+02 3.188201871923706676e+02 2.578787821328814402e+02 3.074180249112727097e+02
2.690755800379748166e+02 3.383303079633265043e+02 2.498926273239154625e+02 3.917660633447742953e+02 2.206353174959469925e+02 2.763875634441889133e+02 2.408461404346592190e+02 2.548828610670915680e+02
1.816591768180357747e+02 4.013822978651732569e+02 3.035610995795910867e+02 3.145371570340570884e+02 2.581133444781260096e+02 3.461920715309568664e+02 2.389706016625235350e+02 3.194473419181372265e+02
2.300269407831859212e+02 3.679528062309262850e+02 2.892517500355283460e+02 3.510120720810447779e+02 2.187822771494948313e+02 3.048181497561726019e+02 2.335965445771234386e+02 2.903971501902640853e+02
1.805897528488912087e+02 4.010540803742451885e+02 3.056406468103423322e+02 3.104732426532938803e+02 2.707448723812880189e+02 3.425590952438161025e+02 2.492102021393895370e+02 3.199493689115809616e+02
1.963308649788445166e+02 3.922505834769465878e+02 2.936565341525922008e+02 3.243009545108591283e+02 2.502296042211351335e+02 3.329284030689436236e+02 2.233979051290962445e+02 3.113277012415919103e+02
4.125112319545802393e+02 0.000000000000000000e+00 3.187096967841247306e+02 5.000861399842644346e+02 3.247767167365679484e+02 2.654985692613241781e+02 3.641312571403764196e+02 2.841947130205750796e+02
3.158329513227243979e+02 2.832141898201134040e+02 2.352052571256477620e+02 4.382452910235693935e+02 2.451631301925639832e+02 2.261271787125893127e+02 2.749633312483018130e+02 2.205219758965010897e+02
2.477638464868325912e+02 4.734733393746398633e+02 3.871790100643667643e+02 1.936198598027910975e+02 3.459902158452028971e+02 4.267237041624431413e+02 3.285952895768760413e+02 4.016616443144229152e+02
2.236735707357938452e+02 3.663679633512336409e+02 2.786975128584357435e+02 3.545464181115158908e+02 2.288820505082651380e+02 3.076726410387172450e+02 2.223296480951808576e+02 2.876258265302096788e+02
3.005856442490187419e+02 4.979617186903291781e+02 4.195053450224138487e+02 1.217608051310627673e+02 3.902409060325431369e+02 4.575823510279152515e+02 3.587546598471083144e+02 4.374398070758729773e+02
3.181797868093871102e+02 2.971448052353229059e+02 2.273262810030516619e+02 4.404945546661674030e+02 2.677561073005219896e+02 2.507796229411101763e+02 2.726727935129714524e+02 2.185730460895769909e+02
2.515294721451793976e+02 3.385263767923252658e+02 2.698270165402759062e+02 3.766558159118593494e+02 2.143404578430605056e+02 2.911111660791825670e+02 2.395822620724114813e+02 2.654908565065265975e+02
1.811419459936151668e+02 4.091631933299918842e+02 3.031822776514458155e+02 3.098059107851935892e+02 2.717028466636655253e+02 3.501276655653234116e+02 2.424982810301725067e+02 3.281880454619573584e+02
1.812011779647244225e+02 4.135034508168279217e+02 3.116446025259033945e+02 2.971448485782760827e+02 2.894963065444876520e+02 3.570949461131383487e+02 2.533451727495826162e+02 3.357780162739308025e+02
2.122139873206813547e+02 3.776998582059501928e+02 2.728687082673687314e+02 3.475702960264865737e+02 2.422614238571896976e+02 3.170940351382003541e+02 2.195057542810435791e+02 2.999480084176589116e+02
2.413735124759127189e+02 3.594463918742254123e+02 2.781018933930097887e+02 3.574085201923347768e+02 2.180509195351932306e+02 2.919273878824121198e+02 2.344114577619968145e+02 2.812272054550368807e+02
2.016670670113879282e+02 3.874290245431337780e+02 2.904860883640760676e+02 3.328149096418362092e+02 2.494252039973571016e+02 3.250796185099757167e+02 2.402300569482565606e+02 3.021245133824411937e+02
1.637148156936096655e+02 4.082171045094633541e+02 3.139682428212989862e+02 2.961699121818188587e+02 2.645556752767448643e+02 3.538518952693734718e+02 2.553844004412304969e+02 3.221792285815096193e+02
2.912376085834823698e+02 3.045571636529556372e+02 2.370558970271314365e+02 4.059297607994458303e+02 2.309169071273860823e+02 2.617189294937833779e+02 2.530336815254420912e+02 2.388880097678718641e+02
1.937250558524137602e+02 3.930797171115569881e+02 2.873543671424279751e+02 3.285122227476982175e+02 2.517767916330844002e+02 3.330264839494178659e+02 2.311072685023393660e+02 3.067120855657088896e+02
2.137913034503890799e+02 4.442337618407316882e+02 3.543626456347901126e+02 2.318831242045539511e+02 3.062576856038168103e+02 3.925113684588457090e+02 2.942820335164200856e+02 3.714198747188318066e+02
2.372312124105218629e+02 3.566326935376528127e+02 2.693821025244918701e+02 3.636142134023203312e+02 2.264929211325587914e+02 3.071716640586022891e+02 2.092617859731887791e+02 2.626532713795994596e+02
2.466517044991313981e+02 3.374478747325680388e+02 2.710246635734825986e+02 3.837260004872715626e+02 2.170177531486009173e+02 2.766185023071967066e+02 2.350616319463507295e+02 2.569385331675238149e+02
2.819042073788784819e+02 3.061916500105922410e+02 2.422914603424626705e+02 4.151071992883914277e+02 2.185771417136969603e+02 2.555137960984925485e+02 2.522820852600590058e+02 2.445857907047116555e+02
2.744681348378876464e+02 4.850836661770881619e+02 4.036974246903150743e+02 1.725310432452436658e+02 3.726150599664802030e+02 4.456455295139289206e+02 3.422345474520672042e+02 4.231383614979965273e+02
2.045570057482564721e+02 3.803471790016813543e+02 3.011579298466592149e+02 3.236610535897543741e+02 2.413334829142438593e+02 3.247382764449833417e+02 2.507475556821470661e+02 3.103233954058429163e+02
2.523014222272915106e+02 4.710361801419292647e+02 3.935160017861381903e+02 1.807352300994818108e+02 3.513727733847660488e+02 4.259589007438318617e+02 3.277193542579118457e+02 4.080883369170236961e+02
2.390726772015453321e+02 4.704653243376581599e+02 3.751460189600365993e+02 2.148861683708323653e+02 3.538408665868548724e+02 4.308383861558821764e+02 3.068865057407481913e+02 3.915180706615229269e+02
2.567085258907162597e+02 3.336910043837682451e+02 2.456705331885559929e+02 3.895753212738088109e+02 2.203732592970449673e+02 2.850530534108700635e+02 2.286439551167391926e+02 2.586042175755091534e+02
1.783213297597455949e+02 3.982705108275010275e+02 3.144292253998335696e+02 3.077059145021788140e+02 2.580146650523871017e+02 3.398135846428654077e+02 2.528241814269180168e+02 3.186634803300118506e+02
3.024187763010451704e+02 2.970920254348538947e+02 2.299121280218046763e+02 4.287139117187189186e+02 2.151503614279424426e+02 2.485097118573931425e+02 2.638272720603221728e+02 2.349510857764337288e+02
2.392635584634134318e+02 4.599183225201940672e+02 3.721795931433739497e+02 2.039331710367652306e+02 3.333696037583472389e+02 4.163953996049087323e+02 3.079720131356107231e+02 3.872622939413868721e+02
2.524283737391917555e+02 3.387995010795625035e+02 2.460238022107020299e+02 3.861946877898211028e+02 2.064652541423975833e+02 2.846842113468451885e+02 2.120538828924048289e+02 2.637461124226371680e+02
2.258295846995244744e+02 4.611199891915485409e+02 3.703963655196210993e+02 2.022128477024699293e+02 3.325863892705240232e+02 4.138575221616408157e+02 3.116890378002899524e+02 3.927063067477160985e+02
1.823425103848583717e+02 4.077417809044416686e+02 3.044602541490566523e+02 3.082393478425091189e+02 2.599083245531284661e+02 3.456213327798017758e+02 2.518042145168149659e+02 3.281702101227671733e+02
2.674113280379357889e+02 3.339264825863909323e+02 2.405578286368211707e+02 3.989038020079294142e+02 2.031965674814773024e+02 2.652315822939178247e+02 2.388717933410364367e+02 2.439277340558862477e+02
2.110840524221302985e+02 3.729284661039698108e+02 2.925836388410791642e+02 3.420295430145915816e+02 2.304883962482214486e+02 3.204184300295407866e+02 2.474147823062106966e+02 2.998763832727810836e+02
2.194871982957467935e+02 3.633989817518679502e+02 2.812789885593534791e+02 3.647485875054234157e+02 2.274628571861619832e+02 2.969895509035337682e+02 2.290406311778711199e+02 2.848862116948887433e+02
2.768728067917428461e+02 4.876509243762973824e+02 3.979311705250833029e+02 1.309684088858789721e+02 3.850780806350842909e+02 4.497976739487514806e+02 3.412606203515862830e+02 4.248755717145594417e+02
2.143699155366716695e+02 4.450612235776004013e+02 3.554140683037812778e+02 2.313183305874014479e+02 3.164458910248371240e+02 3.962478433052004902e+02 2.877742702873872531e+02 3.720032106541488020e+02
2.146362254454500658e+02 4.410585041124527947e+02 3.539603251844168881e+02 2.418218886041733526e+02 3.131852139402031412e+02 3.971925132626091681e+02 2.863585338395923827e+02 3.660874703166941231e+02
1.776327528001762346e+02 4.104165442306963882e+02 3.158940146201171615e+02 2.820029653241714414e+02 2.734891588518438539e+02 3.490610448279885532e+02 2.661126306382223561e+02 3.349146885630510155e+02
2.050565262490005409e+02 3.777159671046821359e+02 2.835058043275570299e+02 3.372400528701851954e+02 2.490790578189510711e+02 3.196152451398609742e+02 2.271068516456264206e+02 2.783225688636051132e+02
2.255613810443206262e+02 3.514917798888786820e+02 2.691553154658107587e+02 3.609398810082514046e+02 2.267066905166942092e+02 2.929080870961502114e+02 2.229983900620418353e+02 2.786692833153772995e+02
1.843758353825451763e+02 4.122364378091658068e+02 3.168329267879939835e+02 2.944705795861140132e+02 2.749086989429870300e+02 3.594830549581009791e+02 2.444509224444124413e+02 3.196706899194838343e+02
2.946124070795462444e+02 4.943653581525883283e+02 4.178355253163741736e+02 1.269422117931765257e+02 3.928144140824576311e+02 4.602134169956628398e+02 3.486279673359337039e+02 4.314942892911126933e+02
2.102596199631159095e+02 3.737626225887720466e+02 2.785024246921397548e+02 3.479090650730398124e+02 2.419610199158615558e+02 3.094060299250333514e+02 2.291527078070690493e+02 2.816232190489783989e+02
3.022662339950838373e+02 3.113248430409964840e+02 2.539903765732311172e+02 4.262542224217795592e+02 2.309584108014471440e+02 2.638994296670205699e+02 2.711369418749154079e+02 2.422202762920902330e+02
2.124687028429023599e+02 4.460683232883069991e+02 3.527944146537271877e+02 2.400130971045176693e+02 3.270887234792686513e+02 3.952046596824428661e+02 2.840558546025531541e+02 3.761423259248405202e+02
2.234207051173069374e+02 4.484366303180398177e+02 3.635198326927196604e+02 2.290601147243243929e+02 3.197671435384256142e+02 3.947187047858334950e+02 2.984676081295272638e+02 3.732678841002608010e+02
2.337925580311771796e+02 4.704042400038406413e+02 3.765849654227831138e+02 2.045941768503278126e+02 3.522926938081888579e+02 4.190615250107034058e+02 2.952089580595011853e+02 3.948630374928292781e+02
2.494524170060174697e+02 3.492020870434236031e+02 2.748728418734152115e+02 3.590087723063413705e+02 2.134667644607114596e+02 3.027649543007424313e+02 2.141762598925978693e+02 2.745045487425533679e+02
2.047182214505505442e+02 3.925765556983590727e+02 3.070312032673925842e+02 3.024659682465058950e+02 2.613691234594425055e+02 3.340711903201640780e+02 2.400887064830297959e+02 3.111925202947294338e+02
1.883094741869145423e+02 4.305736591809587139e+02 3.273268210089154877e+02 2.670474992888441079e+02 2.989837001250699018e+02 3.780402323200302703e+02 2.622312043739256069e+02 3.472349185634558353e+02
2.361528238772165764e+02 3.475660218653682136e+02 2.745739661368240263e+02 3.660905283026871189e+02 2.084695237048250078e+02 2.885244470284692966e+02 2.268227987183475989e+02 2.625298231779103162e+02
1.956950129977749100e+02 3.895349955603301169e+02 3.000026807165839955e+02 3.338771454062743942e+02 2.528674009886802025e+02 3.241811030980881014e+02 2.488524350533564871e+02 3.162633418521571684e+02
1.922496202956101570e+02 4.283909842593433268e+02 3.391561459551057283e+02 2.704296173426384371e+02 2.909678477853632899e+02 3.688094486366226761e+02 2.783913173076766725e+02 3.497877603764039804e+02
2.448273143372576328e+02 4.654485399164776709e+02 3.789009225167601471e+02 1.810031237346062767e+02 3.454636729087707181e+02 4.187895489869152357e+02 3.095097312477061564e+02 3.990584936640350975e+02
2.433473011533701253e+02 4.756419358426867916e+02 3.895020373093182116e+02 1.865139073107156662e+02 3.598507454620400381e+02 4.343472353425983101e+02 3.160280307751719988e+02 4.036870417184218240e+02
2.009861346275205563e+02 3.798530690650605379e+02 2.926121832505339739e+02 3.307385281275857096e+02 2.496663014619656451e+02 3.293364913773697822e+02 2.090244204487754303e+02 2.885179140393297530e+02
2.716024599831017667e+02 4.835010760343067204e+02 3.980942666052116579e+02 1.563882581834475900e+02 3.670081263145248158e+02 4.402155097408085567e+02 3.351341572612162167e+02 4.119611929081511335e+02
2.621837658731108149e+02 4.795770214784877794e+02 3.923174466280495949e+02 1.721108633193900630e+02 3.649058142091987520e+02 4.432861971397367711e+02 3.297819769909087881e+02 4.099810294452483959e+02
2.171244295989300497e+02 4.497996043901645180e+02 3.600669086368292255e+02 2.149168060360597394e+02 3.237809369037382794e+02 3.961993383198833385e+02 2.962852736244261109e+02 3.718161657047277231e+02
1.952455035829812005e+02 3.849490123512208015e+02 2.941804458396642872e+02 3.359672836330098562e+02 2.406595903740200413e+02 3.225407945471174003e+02 2.429335312734550882e+02 2.992626518060740182e+02
2.489646824846529114e+02 3.355540030563763025e+02 2.469907559273863171e+02 3.842930897620835822e+02 2.120416355761535669e+02 2.727211100450732033e+02 2.303822755155814832e+02 2.456569013853655292e+02
2.199512321104438399e+02 3.634231582549364248e+02 2.912091783779083585e+02 3.472269959333411293e+02 2.247344194272142204e+02 3.115420938156190118e+02 2.312656894924394066e+02 2.872465456956246612e+02
2.237746678557247719e+02 3.574409841080291130e+02 2.617034304871073118e+02 3.627989470780463535e+02 2.164907458023405411e+02 3.019444242834472902e+02 2.124948194918962940e+02 2.814456872135579601e+02
2.741327714990669620e+02 3.161142128562111679e+02 2.698883202436854845e+02 3.960403384056494929e+02 2.043898700287167856e+02 2.689553627417691359e+02 2.461144664529871022e+02 2.586701755247904657e+02
2.267527920450711463e+02 3.613868726565868883e+02 2.690653540020326204e+02 3.524100594154612054e+02 2.276400004386632645e+02 3.088634312139308236e+02 2.194716676151739136e+02 2.881980757075514816e+02
2.156188380129701443e+02 4.450915062675367722e+02 3.603866796472199212e+02 2.444658708223997223e+02 3.179090326048887505e+02 3.976803198466106437e+02 2.978189852945126859e+02 3.748621225384924855e+02
2.007927304277233418e+02 4.230540342997530843e+02 3.451803610507073472e+02 2.832593850205547028e+02 2.834616466246921505e+02 3.716385114153817995e+02 2.771932413204345949e+02 3.458861239123090741e+02
2.735342038478959239e+02 4.886967146748899040e+02 3.998402622939435673e+02 1.545088117711173368e+02 3.763514187838948146e+02 4.537489274301115643e+02 3.344489693192068103e+02 4.179908007576376576e+02
2.457797939724904381e+02 3.430254154512134619e+02 2.711441585107018568e+02 3.736084556383551671e+02 2.200095355765030547e+02 2.785476231603927886e+02 2.337281031075389990e+02 2.826332221099841604e+02
2.496028904195344182e+02 3.402660298809518054e+02 2.608239022267154041e+02 3.777639555408863998e+02 2.111409525664450371e+02 2.716194450622286354e+02 2.190123203958790157e+02 2.524753237016798266e+02
2.166143617761263158e+02 3.669554591720162193e+02 2.916869866947261585e+02 3.490089727689891106e+02 2.419735610241741881e+02 3.101366404515951558e+02 2.376810895333846929e+02 2.950466354210933559e+02
1.931369340610101517e+02 4.269776803925161062e+02 3.272707030601991391e+02 2.708729204152414241e+02 2.938527178213178672e+02 3.886765152692190100e+02 2.589412504665029360e+02 3.415999169649999203e+02
1.884748730103155765e+02 4.146366547004777772e+02 3.242490201449178358e+02 2.813768335486368528e+02 2.768006471437735172e+02 3.581345240887254704e+02 2.602327352640580216e+02 3.438631253945142134e+02
1.961052726488794917e+02 3.957034841515383619e+02 3.014226921219794235e+02 3.232941960319743089e+02 2.551493650667982820e+02 3.364276301101782565e+02 2.503825837154467138e+02 3.136396598778868565e+02
1.960093885356199053e+02 4.368334240075839716e+02 3.432610404846963661e+02 2.426979999236555443e+02 3.070675069397032075e+02 3.871885050895576796e+02 2.796286727267246306e+02 3.510159933523986524e+02
2.624284423409510509e+02 3.411543170557073950e+02 2.552934342841893169e+02 3.827472965169470740e+02 2.244067343227333708e+02 2.816795760055604774e+02 2.404732234939155546e+02 2.558074230201335126e+02
2.368801279968024858e+02 4.659831110069620195e+02 3.764602113012392692e+02 1.873712365600660519e+02 3.522151627937516878e+02 4.246489080098604632e+02 3.140568643236202320e+02 4.006458610267822564e+02
2.191743090720643181e+02 3.598212582741101073e+02 2.845844786918132172e+02 3.577893924314091123e+02 2.198318847767643547e+02 3.029937873599625959e+02 2.270927097378481960e+02 2.939464701774723494e+02
2.116521772933635646e+02 3.610630368593435264e+02 2.759596721606701522e+02 3.464539237581038265e+02 2.390746609565360643e+02 3.103833113613868591e+02 2.260881303192608982e+02 2.773355711262294676e+02
3.147942038286439583e+02 3.187096967841247306e+02 0.000000000000000000e+00 4.283683290673945407e+02 2.737489905912519248e+02 2.708258276114627279e+02 2.546710055460096953e+02 2.493598149781370807e+02
2.918392917398684290e+02 4.937384542039364987e+02 4.131621141549960043e+02 1.158753940219085194e+02 3.875225846043065303e+02 4.570361809672077698e+02 3.493673399928391632e+02 4.336856445707669536e+02
2.142059731383292842e+02 4.530640515732725362e+02 3.623189312130265876e+02 2.329660471667595516e+02 3.220611760964318933e+02 3.988202186636667648e+02 2.984318116423705760e+02 3.699721247446831853e+02
3.501027254535075599e+02 2.654985692613241781e+02 2.708258276114627279e+02 4.602406462020684330e+02 2.680277259546385267e+02 0.000000000000000000e+00 3.185631568900789148e+02 2.429435080507477380e+02
1.713684868430562744e+02 4.158460451379636424e+02 3.249275270559016349e+02 2.879983164914913800e+02 2.714210366572170869e+02 3.617194763111929205e+02 2.628803747449115917e+02 3.313236752394248015e+02
1.963408624296027369e+02 3.797424997520821535e+02 2.944184967417669441e+02 3.381832595798806551e+02 2.404963746260171433e+02 3.196479962776289199e+02 2.280084151000019119e+02 2.904832629306560534e+02
3.062509048600493884e+02 5.000861399842644346e+02 4.283683290673945407e+02 0.000000000000000000e+00 3.992442781537128553e+02 4.602406462020684330e+02 3.646439411516913083e+02 4.391237701938338773e+02
2.327991615089138975e+02 3.597100904553163332e+02 2.802278677298646130e+02 3.563479279213923405e+02 2.158193101685274087e+02 3.011282790399021678e+02 2.335077319348591232e+02 2.732964414112535110e+02
2.536667826174762013e+02 3.363668461765182656e+02 2.536333265187150516e+02 3.835255117772983908e+02 2.004575313982197429e+02 2.850531508205697264e+02 2.178070267086823151e+02 2.514357478780458166e+02
2.643874142635833095e+02 3.318231175828283313e+02 2.436045804315690191e+02 3.911746606414099574e+02 2.177004113000640473e+02 2.834862304413663878e+02 2.222496330081255564e+02 2.581184217857969543e+02
2.967577973506000717e+02 5.020614254137885837e+02 4.249414599524380947e+02 1.230853825241614743e+02 4.001826558584471627e+02 4.615515496577785370e+02 3.605226420123605635e+02 4.442041047908086853e+02
2.189625392440896690e+02 3.726905091967485646e+02 2.837814214825899057e+02 3.633230186004453799e+02 2.261846370005831375e+02 3.019717069241825129e+02 2.385533734810380508e+02 2.915159936694377620e+02
1.945752658217229794e+02 3.936263520842022672e+02 3.053665376795988209e+02 3.244619904550310139e+02 2.465339337110183635e+02 3.299909523061505183e+02 2.456334412596664265e+02 3.091512913770985165e+02
2.215852931776221624e+02 4.632830526751226330e+02 3.678740759315268747e+02 2.043920520647799322e+02 3.358342342008006085e+02 4.153545294300698743e+02 3.031970141782626911e+02 3.855031112029561768e+02
2.398092897275054440e+02 3.509877069385591994e+02 2.734732032962645008e+02 3.741928875741460843e+02 2.320578395243900616e+02 2.969852041136759908e+02 2.223098538024437403e+02 2.730191259914186617e+02
2.263367071865875744e+02 4.647441325084816413e+02 3.761422498432189627e+02 2.042191518635166005e+02 3.433966112172164458e+02 4.169553052193186886e+02 3.115454889716154412e+02 3.927391514029523591e+02
2.013936362809452874e+02 3.751766309189749222e+02 2.893737330739171512e+02 3.320246130997193745e+02 2.516702976206875633e+02 3.208245369041532058e+02 2.308657181830726586e+02 2.947982133467475592e+02
1.928384876242925827e+02 4.029949523344157569e+02 3.026834817532667898e+02 3.058174147443187394e+02 2.772814920927765456e+02 3.497805029012263844e+02 2.525192773458993543e+02 3.224208728605465808e+02
1.940336751827280750e+02 3.968578030845575881e+02 2.936086338172507908e+02 3.139598072338646944e+02 2.741432335560795082e+02 3.457719720408078956e+02 2.456896094494699980e+02 3.136517730555171397e+02
2.282047435876947645e+02 4.624856563884027310e+02 3.755871122963145581e+02 2.269816455068456662e+02 3.329527883873825544e+02 4.120332094494141302e+02 3.086966733484021574e+02 3.868003587412534898e+02
2.014466314035493895e+02 3.896933434692408582e+02 3.026934642110963409e+02 3.215536216302490971e+02 2.532279628530308742e+02 3.266728951430537222e+02 2.591638512333244648e+02 3.099522910620396488e+02
2.994738326058071607e+02 4.959219950943858066e+02 4.166005792821904379e+02 1.299457482443563094e+02 3.966446470260156616e+02 4.606768377658781901e+02 3.522181300722680248e+02 4.337131694220858549e+02
2.183823804310854086e+02 4.414808919524050452e+02 3.552381689361909025e+02 2.373964455853949289e+02 3.158643008219266335e+02 3.975072069847284979e+02 2.879681464193141096e+02 3.668499809044152471e+02
2.407095479344967259e+02 3.376708322929846418e+02 2.730946517211884839e+02 3.736207442961891161e+02 1.998152205980836982e+02 2.819139541037844765e+02 2.261459658292879453e+02 2.684911776394319531e+02
1.872665745335497718e+02 4.012591978816848837e+02 3.062591758918156302e+02 3.086869996942024272e+02 2.749298819627230728e+02 3.445103038020382087e+02 2.473714776052617310e+02 3.216143739508797239e+02
1.999552907173782330e+02 3.839434801714010064e+02 3.032806281489310436e+02 3.279953570610272777e+02 2.338996313802203701e+02 3.258441473529613290e+02 2.457467588856517864e+02 3.090619987074983896e+02
2.514593642332530976e+02 3.483078669752055703e+02 2.425234229198961202e+02 3.674092027584920856e+02 2.188197150321220761e+02 2.929176927818376726e+02 2.170796715978397060e+02 2.649932251674350709e+02
2.698346704576260890e+02 4.861682896479704254e+02 4.009190227015179744e+02 1.557607046551219696e+02 3.709702555683008427e+02 4.404043020610850476e+02 3.472544827095297251e+02 4.211770488172788873e+02
2.238886647871203195e+02 3.712158898451419304e+02 2.993479760701812893e+02 3.352013070373599817e+02 2.294675186353773597e+02 3.176453646517956031e+02 2.404551605215206962e+02 2.991648045222730730e+02
2.384678742776485763e+02 3.481668818267995675e+02 2.716730717154442800e+02 3.690735848488445754e+02 2.122899473366063603e+02 2.912698938840750884e+02 2.304707167941258206e+02 2.689187177929858876e+02
2.586984075033227555e+02 4.762095117143339280e+02 3.889322106105541366e+02 1.679376206060459538e+02 3.665172842574724541e+02 4.333345820012640388e+02 3.250981861299823095e+02 4.076084142989369070e+02
2.892328736147331938e+02 3.121931086169999503e+02 2.435652284835134367e+02 4.135835865081789962e+02 2.111511593168322634e+02 2.525480327938427081e+02 2.551931954195492551e+02 2.345142196273844206e+02
2.470065217271648805e+02 3.377431517132756085e+02 2.678813060531879273e+02 3.775185363783523940e+02 2.087544505421799954e+02 2.761155440324504866e+02 2.296315016826455064e+02 2.616150019740807693e+02
1.989669235785612500e+02 4.288445851706476333e+02 3.299207517039292838e+02 2.724177965931111771e+02 3.028710171059120171e+02 3.826232666465459147e+02 2.511634693150864734e+02 3.486494892507259920e+02
2.007428069689885604e+02 3.851934173310143592e+02 2.978923245490096292e+02 3.250219024035789062e+02 2.566476443665266061e+02 3.289034754476953140e+02 2.468209144101210200e+02 3.082959026012709955e+02
2.392353023508944432e+02 3.473851483294438367e+02 2.440395026393310616e+02 3.754200521535735220e+02 2.337287634749285417e+02 2.847983589722147144e+02 2.132913976879376321e+02 2.696561242922660995e+02
2.541747882234305393e+02 3.440884217042854516e+02 2.686653774297531072e+02 3.824397879070886006e+02 2.224772867381186927e+02 2.910162892002717854e+02 2.258375078594397110e+02 2.555706606463370747e+02
2.203694357294860140e+02 3.732638598541403212e+02 2.804166827341312569e+02 3.337932550622729195e+02 2.379712010933457975e+02 3.259389289920704300e+02 2.251056994410228356e+02 2.942080488628448052e+02
1.623383704448787626e+02 4.099679500016777638e+02 3.213596524675091928e+02 3.072824664145734346e+02 2.679207018986062394e+02 3.443004480677402626e+02 2.686226220225660200e+02 3.370625689421348170e+02
2.622449789339396489e+02 3.335696354365378511e+02 2.649709529503855947e+02 3.831519914826294553e+02 1.995688416734164718e+02 2.715006345222762434e+02 2.244733088068462621e+02 2.495786033526643166e+02
2.085680218852999133e+02 3.802674205631940367e+02 2.879206703333470045e+02 3.245391878377699868e+02 2.650931930445551643e+02 3.305484125333112502e+02 2.443193382987893472e+02 3.136545092134894048e+02
2.479824226416687054e+02 4.803268342124553101e+02 3.978224857757572295e+02 1.781160443493967023e+02 3.707612880718719452e+02 4.361867479044692004e+02 3.299935715818587028e+02 4.124427184937468382e+02
2.058160271383329984e+02 3.773076221782515063e+02 2.846487805615261095e+02 3.388779017819005048e+02 2.529284781614432802e+02 3.242703236154998763e+02 2.222827100537096783e+02 2.987589790923187252e+02
2.137568128197155488e+02 3.861296870286248577e+02 2.915857781085925922e+02 3.451270922739529396e+02 2.517169852230001084e+02 3.300660414928515252e+02 2.405555528208278702e+02 3.075089234620070329e+02
2.678133774191290399e+02 4.775081540067138803e+02 3.928247891283455147e+02 1.837780102425083442e+02 3.588683750369223731e+02 4.396931220114417442e+02 3.354166505478050340e+02 4.096575286605640827e+02
2.078205955882710043e+02 3.795158254102954629e+02 3.054706952536229210e+02 3.229743770235158991e+02 2.371400816228958206e+02 3.294158670428902269e+02 2.494851914959762382e+02 2.995780229024190930e+02
1.987572259507039405e+02 4.256292229615247606e+02 3.268217642156480451e+02 2.684569567602621873e+02 2.906333200105194123e+02 3.752240928919885050e+02 2.636138035050119015e+02 3.529617484516684840e+02
1.977940623277335135e+02 3.956205248752787043e+02 2.972510336420544377e+02 3.199017706708398805e+02 2.581199222843915777e+02 3.341799277174158078e+02 2.401445421186365365e+02 3.168762756224364239e+02
2.558675590300934459e+02 3.267797861128229329e+02 2.559373286259491920e+02 3.900413681041702034e+02 2.118523229334253983e+02 2.667961304069031030e+02 2.365107212010486251e+02 2.483168371174948845e+02
1.846120778602133612e+02 4.037103870037274191e+02 3.122013774798782038e+02 3.069249555579866637e+02 2.642950939484763921e+02 3.439437389100633027e+02 2.459175313486412051e+02 3.255429639609827177e+02
2.218418772091724804e+02 3.600447428682428495e+02 2.625334499160975952e+02 3.714828475933459799e+02 2.286188600461268834e+02 2.996363190329573740e+02 2.278993525590274771e+02 2.804113396439437338e+02
2.037041631346569659e+02 3.800087267181451125e+02 2.987101493405107249e+02 3.406619118413258889e+02 2.403356352014897652e+02 3.191350862519119005e+02 2.487839853977409348e+02 3.020871115520714056e+02
2.181918250814456428e+02 3.703065829545762426e+02 2.973204129705249557e+02 3.511011732285267612e+02 2.325898394939578395e+02 3.115124341981115208e+02 2.464002026941105044e+02 2.961975947296725167e+02
1.976171923942420108e+02 4.279347822025422943e+02 3.354441692263907271e+02 2.721574365423805943e+02 2.873850285174075907e+02 3.740208473991981464e+02 2.801988856636814944e+02 3.453813501587451924e+02
2.060178379433296243e+02 4.497392933706572080e+02 3.629841512769848464e+02 2.299989958689687057e+02 3.095646190014281274e+02 3.969995678379502237e+02 2.990997308702323494e+02 3.674244674955168080e+02
2.105425610969191723e+02 3.710882521921176362e+02 2.910417730062259807e+02 3.343380756080372862e+02 2.490424400221420171e+02 3.145169492127246258e+02 2.474372465365090363e+02 2.975860344154742734e+02
2.223914485885673571e+02 4.545383451484178181e+02 3.646748950703690184e+02 2.330687613164920435e+02 3.261052238327475834e+02 4.111112799510383979e+02 3.011947171985320324e+02 3.827822948794470790e+02
2.523536520759313362e+02 4.771737116105396126e+02 3.847279550696295587e+02 1.810545411312780004e+02 3.455823530928965397e+02 4.311644627987777767e+02 3.379883940041239043e+02 4.068843454430880797e+02
2.841491668347890140e+02 4.963752361813805010e+02 4.074549978136681148e+02 1.485015737992659695e+02 3.872222379417274283e+02 4.537134083424008395e+02 3.418408057919351108e+02 4.331230765753441005e+02
2.521892458948506430e+02 3.463599318001066081e+02 2.553121403497668211e+02 3.826387593582156228e+02 2.281484475515271413e+02 2.849083073823150016e+02 2.357483300886124482e+02 2.734076121445026502e+02
2.388130023918378981e+02 4.606628457556470835e+02 3.706140122783735364e+02 1.887854980980907271e+02 3.436666897906594045e+02 4.205516713688311938e+02 3.084638592327524975e+02 3.948504218473091214e+02
2.709134100790028015e+02 4.838635073100642217e+02 3.992053054381285051e+02 1.415336329071307659e+02 3.749888825217326485e+02 4.476248338871881742e+02 3.396837813021477359e+02 4.183793536695226862e+02
2.012401142549990141e+02 4.395959334937081167e+02 3.476686646060017551e+02 2.483589967838836117e+02 3.061349536970337226e+02 3.908556472310050367e+02 2.722935019963813374e+02 3.593413768194565137e+02
3.323986127075273203e+02 2.841947130205750796e+02 2.493598149781370807e+02 4.391237701938338773e+02 2.566081820139036722e+02 2.429435080507477380e+02 2.790178009496994491e+02 0.000000000000000000e+00
1.897783817380978917e+02 3.998411984133325063e+02 3.108358425893626418e+02 3.087937281279264994e+02 2.696695521188934208e+02 3.377755473788291170e+02 2.597179486321528543e+02 3.137924923293146549e+02
2.449263018856565566e+02 4.693730777725853613e+02 3.779478857504435041e+02 1.956473230539364181e+02 3.404615789996402100e+02 4.203572721024768271e+02 3.101744504535324154e+02 3.960402069595681951e+02
2.165880312521031215e+02 4.611107137452033271e+02 3.723014926179040458e+02 2.200191411205315148e+02 3.400918374239881246e+02 4.082952584440088799e+02 3.070657459684408650e+02 3.931565471558624267e+02
1.927583082989731622e+02 4.133025137760171788e+02 3.203806733486155736e+02 2.827478690525911702e+02 2.734561293990423110e+02 3.548428616205884509e+02 2.663020968853608110e+02 3.398728621268722918e+02
1.942518809373516433e+02 4.012698089448099381e+02 3.173303314713201644e+02 3.076032277849710681e+02 2.520530595767139346e+02 3.468520255219349337e+02 2.562310970569427582e+02 3.192017663454967646e+02
2.586064141727547963e+02 3.409264214679887459e+02 2.671739590290900992e+02 3.741142727177455640e+02 2.064948134228864944e+02 2.826964469538677349e+02 2.259518658796832824e+02 2.637788356376153729e+02
2.064060636430074567e+02 4.327596177662860555e+02 3.515796457938797630e+02 2.475974704406761191e+02 2.986438532757120470e+02 3.806753096174649613e+02 2.837940810864014338e+02 3.635221644736955682e+02
2.431137867174388134e+02 3.440847301705588279e+02 2.569649898516051394e+02 3.801066263740856357e+02 2.140908931012295682e+02 2.942202378535151865e+02 2.176394420912300518e+02 2.632005550318715450e+02
2.548851367128193317e+02 4.757884211336339604e+02 3.962492789488218250e+02 1.865304709807753909e+02 3.578278401664582589e+02 4.292608561828083111e+02 3.355303229996044934e+02 4.080841265363411026e+02
2.532739995735630600e+02 4.759041050604499787e+02 3.891466958300516126e+02 1.573044717432838411e+02 3.612451886200177569e+02 4.343708639441665582e+02 3.229616554481569324e+02 4.148006983398568082e+02
2.949783167528833587e+02 3.010503294795745433e+02 2.437386954338005012e+02 4.245867867583475572e+02 2.122307130668286277e+02 2.432727028541181369e+02 2.589001746795316876e+02 2.320436335921785087e+02
2.419818253690659731e+02 3.485102485138772295e+02 2.774556895400904182e+02 3.685300817637341311e+02 2.294819104880702980e+02 2.975811743200050046e+02 2.334028328836076582e+02 2.763841914469663834e+02
2.198537334312880773e+02 3.665148656405124257e+02 2.781031254576558922e+02 3.555423093941474804e+02 2.318249027389376522e+02 3.096993893849733581e+02 2.210877070446707933e+02 2.879567912072665763e+02
2.603652213623241209e+02 3.369539536809991773e+02 2.645338708187758812e+02 3.786634101333680178e+02 2.093229797435097339e+02 2.831341994584814756e+02 2.328048182239179766e+02 2.647446961898003792e+02
1.821678435661355877e+02 4.320406519231619882e+02 3.410406494799516963e+02 2.642198190819467527e+02 2.972902749585802553e+02 3.793993084554509210e+02 2.737238094288618981e+02 3.592047554533527887e+02
2.079011002826396179e+02 3.766244317419113941e+02 2.965187940005055225e+02 3.264024895524798353e+02 2.507685328153330602e+02 3.211559261233925326e+02 2.417475858427920343e+02 2.980114941933836121e+02
1.827598743928662941e+02 4.224301422282956651e+02 3.330018825011927106e+02 2.807576105969386049e+02 3.006628482043547592e+02 3.644457000164036344e+02 2.737386019954547578e+02 3.508227620372624074e+02
2.566654222341461491e+02 3.423866634918664431e+02 2.572197946042318222e+02 3.873840110785581601e+02 2.276380505637751526e+02 2.753327188483909822e+02 2.472679938946348273e+02 2.663017202803645205e+02
1.975624494553476893e+02 4.220756188463446961e+02 3.386687940578983671e+02 2.949955760792421984e+02 2.748308236842341330e+02 3.576615781281244608e+02 2.945177184073519356e+02 3.464506792589421025e+02
1.779912660525731383e+02 4.043033421813538553e+02 3.090412385405354030e+02 3.074668282821447178e+02 2.773445948363538491e+02 3.544211577302314709e+02 2.495834433332800586e+02 3.295747265288476342e+02
2.215191529492625193e+02 4.518634988688225462e+02 3.571931593419544697e+02 2.285923272776414024e+02 3.225304781171809623e+02 4.055153774959579209e+02 2.978350904350830888e+02 3.743587175396422140e+02
2.171312511167845116e+02 3.726084279649762152e+02 2.881343312431802133e+02 3.320108770529520257e+02 2.410459806547565620e+02 3.089121797796072997e+02 2.415107679563706427e+02 2.957453212622894512e+02
1.996671481831939445e+02 4.460641577541295533e+02 3.589741315486903659e+02 2.450524445785291618e+02 2.946271396239733349e+02 3.881348100816331339e+02 2.873821424927838279e+02 3.588712529450240254e+02
2.232316985823202344e+02 3.486893121594566765e+02 2.717571957501044153e+02 3.582980665596370500e+02 2.189124776286742815e+02 2.900786503358788195e+02 1.996999022729177966e+02 2.735883767754024234e+02
2.124398227204566183e+02 3.648698752753936105e+02 3.024841075591836557e+02 3.582964402513022151e+02 2.171142266024496337e+02 2.998863657583225404e+02 2.514824655649060219e+02 2.891984658144836544e+02
2.791297002760196051e+02 3.278330179011726955e+02 2.546651198775780358e+02 3.953412649691921388e+02 2.221490151952300494e+02 2.763083524701162332e+02 2.416007841776730913e+02 2.646125926990923176e+02
2.349558361324417604e+02 3.781701187544121581e+02 2.787793403169036992e+02 3.403429330486769686e+02 2.671321380291424816e+02 3.235798773018188967e+02 2.308000227156612141e+02 2.978879839419102495e+02
2.259352384954082140e+02 3.663248210140859555e+02 2.931075951735090825e+02 3.501869062107408581e+02 2.401515500923619015e+02 3.042433587005841673e+02 2.601405171696113712e+02 3.010451477222792391e+02
2.118755239046581096e+02 4.391503871150470673e+02 3.380292463302742476e+02 2.616684596417994726e+02 3.079509370457462296e+02 3.894074886719232609e+02 2.746972996433623848e+02 3.582670469061951621e+02
2.676406499495249136e+02 4.787439955064857031e+02 3.930086052781915100e+02 1.579749817817794053e+02 3.629276877704935487e+02 4.399444689807515942e+02 3.268094880674070168e+02 4.169274302032563924e+02
2.058036827519314897e+02 3.829194684845405732e+02 2.914634245223080597e+02 3.317103360625998789e+02 2.606837293523777817e+02 3.183992053901753252e+02 2.410039938240873596e+02 2.931963376124625142e+02
3.079625673863494626e+02 2.924889079008063959e+02 2.403184740003898412e+02 4.363126346576994479e+02 2.430421387555256274e+02 2.377416819272934561e+02 2.663539457186277559e+02 2.331094796837607248e+02
2.107362782040009961e+02 3.799239709432335985e+02 2.957873536271843022e+02 3.421574101272225903e+02 2.364551839082687081e+02 3.278819848937907295e+02 2.398316198953814649e+02 2.974426052828525826e+02
1.796816344288936591e+02 4.157147978962257184e+02 3.238909273985727850e+02 2.863806614521452616e+02 2.836019645642329010e+02 3.610725870847410874e+02 2.507522636067803035e+02 3.352532771143544892e+02
1.788245236506420781e+02 4.146579789793315740e+02 3.277610435866514536e+02 2.985089075563636811e+02 2.861549476082843171e+02 3.540067213025903357e+02 2.703860324629769707e+02 3.402985707201373771e+02
2.188881869010499202e+02 3.682728446914261440e+02 2.828487256874414015e+02 3.584407420818214973e+02 2.471331568466690669e+02 3.035834629004862109e+02 2.289741930767233953e+02 2.795845520213225655e+02
2.949414727343630602e+02 3.049071654729526699e+02 2.394700005644580472e+02 4.191301695603719963e+02 2.130934441958617356e+02 2.489021099333484415e+02 2.697181028997259773e+02 2.347248998441465346e+02
1.912892063303964392e+02 3.951187413479676138e+02 2.957206445736701994e+02 3.171829333388678833e+02 2.494174070763304769e+02 3.325915528526312528e+02 2.507667772275848108e+02 3.035760495899232296e+02
2.266851056235293527e+02 3.627171229193855311e+02 2.707787956579711590e+02 3.632877461910084662e+02 2.334531872114243924e+02 3.033286057225640207e+02 2.275515830408812405e+02 2.828324437865290975e+02
2.253923658036121651e+02 3.691759831936269052e+02 2.602683528952330221e+02 3.617919734830074958e+02 2.288661729072746880e+02 3.143027149093757089e+02 2.328805601042864453e+02 2.886421924335554081e+02
2.345783233938036574e+02 3.581808419319916084e+02 2.640583836894339242e+02 3.562314388454349796e+02 2.265175038806524128e+02 3.022238469288098486e+02 2.219642475798872567e+02 2.747837644359299816e+02
2.636546128135236131e+02 3.491460848994201456e+02 2.490525365740919881e+02 3.887111011135619947e+02 2.420563748474671399e+02 2.972859125367289153e+02 2.207638758020132457e+02 2.721555903521297068e+02
2.001831663532565528e+02 3.877014145451648233e+02 3.092044181315307583e+02 3.310040729338846859e+02 2.268491455273375834e+02 3.269842298742867683e+02 2.492081486102001122e+02 3.125553283787417627e+02
2.178348445745830588e+02 4.424610552844190465e+02 3.606594194532522124e+02 2.501067921270975773e+02 3.136775120798888565e+02 3.878189814585172144e+02 3.010982203055611421e+02 3.644663655851600765e+02
2.674895266066742465e+02 4.883834896901219054e+02 4.010102145412870982e+02 2.009559945260635914e+02 3.817454523592759301e+02 4.410890621238395397e+02 3.339152487511954632e+02 4.202668014271104084e+02
2.054949338015285605e+02 3.902710665583830973e+02 2.904703631677111844e+02 3.409557463399039534e+02 2.358144059397363037e+02 3.259120374144653169e+02 2.409326491867408322e+02 2.986567665608240532e+02
1.971922240647420779e+02 4.037893919551960380e+02 3.065857884092114318e+02 3.143118181990408289e+02 2.542611391674294623e+02 3.490339308057563130e+02 2.457363392337416599e+02 3.174636857552685001e+02
1.786651512154318766e+02 4.312877777649728728e+02 3.304089671916900102e+02 2.911371567508433600e+02 2.931951523413054588e+02 3.738783992286702755e+02 2.605129865954046977e+02 3.396498008042541414e+02
1.974589119974531286e+02 3.868723296274065433e+02 2.927112954110498322e+02 3.307925046474414330e+02 2.495678830640092087e+02 3.260303610792879567e+02 2.363451036646516457e+02 3.035214803725815500e+02
2.359282503952069305e+02 4.686988596968424758e+02 3.794369664822454524e+02 1.892449115533186443e+02 3.540225523296121537e+02 4.293606994254333813e+02 3.192047109325617953e+02 4.005701265824285997e+02
2.896460550101897411e+02 3.086141766752683111e+02 2.348959293716777381e+02 4.137317184626793960e+02 2.257541845494644122e+02 2.558131452178246832e+02 2.443892517841977394e+02 2.437055829028477376e+02
1.937745105619364097e+02 3.754222284069206239e+02 3.041151757113148051e+02 3.325157195846081208e+02 2.423134479162696095e+02 3.183660182756743779e+02 2.447318157487744941e+02 3.023345637479258130e+02
2.169725377786206479e+02 3.637827279521265496e+02 2.836076193200888156e+02 3.539955791938541552e+02 2.298176502094337650e+02 3.044894447200351237e+02 2.271399536785331179e+02 2.862708044864951944e+02
2.579757019394193094e+02 3.392969524787005753e+02 2.732230681516015807e+02 3.717196580903317340e+02 1.961673759339719822e+02 2.850885193752149007e+02 2.349900258464164722e+02 2.562323045187491743e+02
2.135611617021258724e+02 3.738832590045416850e+02 2.973833628809715037e+02 3.432773926614747779e+02 2.323481734730225696e+02 3.095327219395553584e+02 2.424354663528895344e+02 2.983232118394597023e+02
2.657347121255468778e+02 3.283518625914439895e+02 2.606187993652603723e+02 3.964423407944087785e+02 2.039452865549882006e+02 2.611739566244890511e+02 2.426307785129963861e+02 2.517798989939928731e+02
2.911236064460054536e+02 3.082184035090587599e+02 2.343510678877891280e+02 4.155182880865224320e+02 2.272626678497994135e+02 2.518190516740612281e+02 2.549719934754429573e+02 2.408555797286856262e+02
2.273702538530137360e+02 3.536617299109680630e+02 2.762577776308285138e+02 3.551374391837175040e+02 2.155072633416539247e+02 3.015864832947967784e+02 2.286649795393726947e+02 2.739257458275132535e+02
2.213873281834673890e+02 3.667379901899233801e+02 2.839825449599543390e+02 3.550821540918161645e+02 2.340994836696054051e+02 3.094339100345060842e+02 2.390298532127505666e+02 2.860467847239094112e+02
2.220897437140261843e+02 3.747221654276865479e+02 2.769194814167829009e+02 3.379942485752395100e+02 2.343706607753416336e+02 3.151711002143364340e+02 2.285708356933615732e+02 2.878514957927319529e+02
2.029489907794566932e+02 3.745191837928376799e+02 2.890924606622175475e+02 3.579036905207416339e+02 2.408406317002835237e+02 3.098505083491980940e+02 2.310299441477926905e+02 2.854776513709474557e+02
3.340080012422202458e+02 2.791902884158487268e+02 2.443025145779323566e+02 4.592416569476695258e+02 2.670771323498710785e+02 2.286149506252089623e+02 2.942332698817434675e+02 2.368747265570825107e+02
2.693019487969878014e+02 3.250530145803414257e+02 2.569738432793089942e+02 3.783852268581177327e+02 2.085523797795162011e+02 2.803349962657919718e+02 2.426667775189773977e+02 2.470596268575920078e+02
2.782884932516982417e+02 4.899036263553180106e+02 4.075489105840648563e+02 1.558979606475920150e+02 3.833102228881386395e+02 4.573972427619674477e+02 3.469521037130922991e+02 4.222587097595268801e+02
2.069521648090528174e+02 4.410056528311301918e+02 3.444282837686694165e+02 2.470628156340783619e+02 3.132636697552652549e+02 3.865426200123584977e+02 2.840277042300878634e+02 3.621965801502239515e+02
1.741724257616239697e+02 4.022546101683629445e+02 3.121808064612366138e+02 3.004073842300987849e+02 2.661518865525479782e+02 3.408247440682714569e+02 2.679741717313501681e+02 3.263165407440909007e+02
1.814704397241132767e+02 4.062876939097828881e+02 3.047711678803979680e+02 3.054216079925224676e+02 2.606639361934806516e+02 3.555379565064236544e+02 2.493729080341247766e+02 3.289639790544734979e+02
1.946076312640232686e+02 4.036789253050444586e+02 3.049580356681975672e+02 3.062924123308894764e+02 2.711897703738176801e+02 3.579037670210331044e+02 2.464133766665266023e+02 3.135288534877652182e+02
2.112688988213722325e+02 3.660534857645364468e+02 2.849139619220762825e+02 3.518355294103140523e+02 2.259555195261086453e+02 3.069291817012082788e+02 2.412404704670661033e+02 2.784704960904940094e+02
2.408935716083028922e+02 3.428407239055950413e+02 2.571609212626537442e+02 3.790377611239512703e+02 2.166545033871532553e+02 2.803377939439959050e+02 2.256772936730121728e+02 2.704522095579657162e+02
2.036358954630275377e+02 3.874704359512067526e+02 2.954662580249762414e+02 3.261004751235776666e+02 2.511405193042702990e+02 3.294701074783401396e+02 2.494923386000070877e+02 3.063487098298221554e+02
1.921807203851535348e+02 3.869893681060813151e+02 2.951432648705206816e+02 3.322090851820098010e+02 2.557619632386287378e+02 3.317965302649707837e+02 2.434781282264115134e+02 3.162360069429148552e+02
1.897000237407561372e+02 3.996437209484738560e+02 3.221591764809004985e+02 3.003448859611088437e+02 2.636814004093461676e+02 3.414475857107739216e+02 2.705797966712555649e+02 3.257273432079858253e+02
1.988157608742117191e+02 3.817804674210187841e+02 2.878406992689137383e+02 3.309040234407395360e+02 2.402784338251283884e+02 3.225999174998173658e+02 2.330161793584446457e+02 2.949953468424598100e+02
2.474708328583245418e+02 4.648514396586772364e+02 3.836881852573033598e+02 2.052290362452135071e+02 3.297389239920635191e+02 4.171768792760671545e+02 3.158504260688898739e+02 3.954826019727909738e+02
2.306334088175425450e+02 3.543658935891961619e+02 2.767070081735067220e+02 3.561039410578043771e+02 2.334357551750163111e+02 3.034480363746160947e+02 2.280708559020856114e+02 2.822834118746085323e+02
2.904834065687890643e+02 5.017117046755733440e+02 4.211074821014820486e+02 1.493878054074789929e+02 4.003212058506157405e+02 4.651872434747111811e+02 3.576515900936124694e+02 4.417887693482194891e+02
1.769472999110323315e+02 4.069813613135605124e+02 3.150464989472905017e+02 3.152165174878418270e+02 2.758645636882492340e+02 3.467093622301739515e+02 2.509615585241801057e+02 3.250016757090656938e+02
2.413584941059109781e+02 3.341964371844983361e+02 2.659059084156217523e+02 3.801871065073568730e+02 2.121745223360599368e+02 2.840786759288008625e+02 2.215478937011805272e+02 2.674489033740229047e+02
3.039587075283382660e+02 3.000504312571462719e+02 2.446084995892876748e+02 4.267993549518878353e+02 2.248119029296499889e+02 2.376803032224725314e+02 2.711136356070019815e+02 2.317563440381094892e+02
2.156180966200261366e+02 4.570631368189025352e+02 3.668395116797947821e+02 2.307632066344083910e+02 3.269294173338894893e+02 4.074766843702904566e+02 2.945164877669407133e+02 3.866801456896164950e+02
1.982400104335011690e+02 3.843187665654892839e+02 2.957534981945506729e+02 3.415237644481176744e+02 2.447627800982261874e+02 3.290744211925390346e+02 2.539804368331094793e+02 3.136701921414527874e+02
1.969170611150834134e+02 4.265299774438646523e+02 3.323613987130316332e+02 2.660921825683792008e+02 2.931051801524208713e+02 3.729425207080051337e+02 2.694569354447630189e+02 3.493463664663846089e+02
1.757855342540618437e+02 4.063937928622720506e+02 3.100782254215135367e+02 3.087499350653701526e+02 2.629745093635863782e+02 3.514635414464854648e+02 2.415975536246164097e+02 3.237917064362046631e+02
1.976933149585408103e+02 3.812768818725073174e+02 2.963071281153618202e+02 3.273122402430466309e+02 2.570531806843507638e+02 3.234602307977900750e+02 2.394412909100659590e+02 3.044085218750512922e+02
2.233009658631298180e+02 3.631663608512986343e+02 2.843849310806072026e+02 3.417446131635223310e+02 2.227758989096664095e+02 3.086675785138957622e+02 2.351234948639356048e+02 2.923328507077115432e+02
2.810616877549479682e+02 3.146987715108833186e+02 2.467675884479382091e+02 4.087816705145286278e+02 2.194984038038591336e+02 2.594006148096532911e+02 2.507206999923614035e+02 2.368537169015791051e+02
1.859285660192705052e+02 4.262899452052619722e+02 3.353823199244829993e+02 2.846463082999001699e+02 2.837693347358207347e+02 3.735912319153591170e+02 2.717508292276139059e+02 3.406618911456434375e+02
2.034909798793100606e+02 3.879578856681127945e+02 2.969140441489933551e+02 3.229678132748940129e+02 2.655729238933286638e+02 3.324134257873051297e+02 2.348301912252453292e+02 3.096049418870871932e+02
2.396961566096350680e+02 4.625786935036859404e+02 3.775751887933124635e+02 1.832654276962088602e+02 3.366175086672265024e+02 4.194180329080832621e+02 3.153156652315441875e+02 3.894823065708941954e+02
2.398703680704895760e+02 3.562500879879426066e+02 2.686931402231231232e+02 3.730036784023828886e+02 2.288171517089114957e+02 3.021850920571188226e+02 2.273292584798288090e+02 2.827573390489749841e+02
2.284457125972374456e+02 3.565994871919922389e+02 2.586876534236881184e+02 3.755570213680861684e+02 2.158884600570156351e+02 2.869461031285879358e+02 2.211699693781652627e+02 2.583680022367755669e+02
2.824650558075092590e+02 3.250615944044112098e+02 2.574076151027694550e+02 4.047907508370895471e+02 2.095636652401149718e+02 2.533703926343928572e+02 2.568275755822591577e+02 2.429991622188959468e+02
2.663797722414456643e+02 4.920268867648166520e+02 4.059958018496433283e+02 1.835731126092487102e+02 3.803822773521953309e+02 4.476230378096331606e+02 3.408692218719140214e+02 4.239299437435548157e+02
2.773790086506908210e+02 4.832166992246835093e+02 4.018731804615090937e+02 1.710790746024642601e+02 3.617973125929532898e+02 4.515109175390263090e+02 3.424197355439004582e+02 4.154222093701959579e+02
2.192480373099390931e+02 3.656242018384446055e+02 2.834563664389618225e+02 3.425289760952710481e+02 2.373943348096605064e+02 3.069258755014860753e+02 2.359922219330073574e+02 2.746772374548500579e+02
2.806527559778870682e+02 3.152351468516985165e+02 2.316704941493296701e+02 4.168674527487528962e+02 2.216631100006792110e+02 2.640295879519883329e+02 2.477768170425734695e+02 2.534183061424250525e+02
2.512849008708719225e+02 4.771818589100624308e+02 3.970762312165854269e+02 1.859715160732544916e+02 3.487684209559920419e+02 4.298224547160293127e+02 3.284452307352315188e+02 4.094482132397890837e+02
2.525565453517342576e+02 3.641312571403764196e+02 2.546710055460096953e+02 3.646439411516913083e+02 2.605043458769793574e+02 3.185631568900789148e+02 0.000000000000000000e+00 2.790178009496994491e+02
2.924685650370985854e+02 5.012434554694165172e+02 4.287709019585259966e+02 1.357514102939121869e+02 3.971278076585772396e+02 4.594295394325019402e+02 3.631026452727465994e+02 4.428461597203100837e+02
2.054560808760914483e+02 3.819932613807916937e+02 2.978018895231232364e+02 3.290851966338876196e+02 2.448825962905980589e+02 3.228700699616869088e+02 2.214719312862900722e+02 2.962397967825145884e+02
1.869053262507732143e+02 4.142790713125884281e+02 3.339194137684660291e+02 2.973576046311935102e+02 2.797532291560381168e+02 3.619375582839123240e+02 2.765305373784693188e+02 3.373983624448765681e+02
1.734201302958138058e+02 4.086018371476421862e+02 3.071365078074943540e+02 3.023106500414747302e+02 2.737750485904439870e+02 3.517739372102860784e+02 2.517033799667349854e+02 3.224641517613346764e+02
3.267153503875436513e+02 2.765022862591076773e+02 2.389742453573870193e+02 4.486060431143053506e+02 2.522025717752756577e+02 2.310243335011640227e+02 2.925120990806380519e+02 2.232301383132592889e+02
2.684868619853169207e+02 3.377167831101517095e+02 2.496369515574309048e+02 3.917906754024991756e+02 2.049485483037809104e+02 2.762640875669018214e+02 2.240305616335197669e+02 2.623220698028731022e+02
2.407916955956384584e+02 3.440746754304051933e+02 2.566622538611343316e+02 3.705803162761291674e+02 2.205215471905993354e+02 2.844081346581685352e+02 2.328640381898703424e+02 2.616222908822027762e+02
2.195808148401513904e+02 3.697095850244652411e+02 2.841051647852266342e+02 3.416667236107774102e+02 2.405204562588048987e+02 3.208099485291305086e+02 2.412712002453018272e+02 2.907835885863655676e+02
1.824972375751908942e+02 4.063926393711749370e+02 3.247607492390353059e+02 3.013405993088379660e+02 2.654216262960037511e+02 3.486518042318384687e+02 2.559123232408606725e+02 3.243508115521505601e+02
2.498911333653631175e+02 3.489919021242080817e+02 2.585308827002184557e+02 3.838332740246944468e+02 2.286558985005106877e+02 2.884994421661842239e+02 2.207157264501433929e+02 2.638500666314220666e+02
2.048561424874753243e+02 3.880579806060495685e+02 3.052532536406397412e+02 3.155320901995395957e+02 2.555489362271350728e+02 3.300698246188775897e+02 2.464578383845018266e+02 3.175300286348697227e+02
1.769136005084035901e+02 4.097792029527759610e+02 3.249480574632693788e+02 3.010504814657388124e+02 2.646729345149985306e+02 3.452568399784063899e+02 2.629341146729906313e+02 3.352688393784124514e+02
2.133074040703676246e+02 3.746771252859874153e+02 2.725256584799165580e+02 3.482612709928274626e+02 2.469327418636679567e+02 3.191506520107146230e+02 2.078855031696991773e+02 2.876793587081070882e+02
2.194825189452914174e+02 3.675543233076351157e+02 2.776170395564168984e+02 3.514265252436064770e+02 2.295992976842512121e+02 3.136218648919536349e+02 2.094560394278334741e+02 2.745118615337793813e+02
2.058468697593892216e+02 4.528955116926568394e+02 3.550199340011606068e+02 2.287672051970924940e+02 3.283942304367316751e+02 3.981058165612013795e+02 2.870447559281947747e+02 3.718033409436139891e+02
2.354989484957156378e+02 3.500944245850649850e+02 2.548852386907840923e+02 3.691983974803892465e+02 2.210297016393167269e+02 2.873394162629948596e+02 2.163596433465557709e+02 2.666644681380823272e+02
2.457955166948701731e+02 3.378425473961382295e+02 2.565956266806379631e+02 3.739960639008655789e+02 2.092366230092090120e+02 2.849624675894443726e+02 2.189691722677076484e+02 2.689358658396450323e+02
2.480528272555085323e+02 3.445906386124586902e+02 2.600967300214632019e+02 3.708729532450710735e+02 2.069047874462175969e+02 2.907152954051974234e+02 2.203313583617523079e+02 2.574170462709782896e+02
1.876776609907084605e+02 4.032244974418325114e+02 3.253449152784259013e+02 3.059109382544707501e+02 2.503463614179106003e+02 3.386939198749863635e+02 2.667823576048497785e+02 3.197977656234120332e+02
1.896249451611793688e+02 3.895996441593658801e+02 3.127484131019212441e+02 3.202570967604641510e+02 2.468371763009223798e+02 3.303225993977419535e+02 2.590778845280507312e+02 3.137477564868186164e+02
