5.920593924183808809e+01 1.177315175022932152e+02 8.308705088405798733e+01 8.989996264934337944e+01 7.899969852393800807e+01 9.081838490332971503e+01 8.236325460145862110e+01 9.092979146287143521e+01
0.000000000000000000e+00 1.196102536026451872e+02 1.110182238099259848e+02 1.001768991290083193e+02 9.492392944031537638e+01 9.468274297039373266e+01 9.578098369589791616e+01 7.639702324337551431e+01
4.610621761122168749e+01 1.230389829958889578e+02 1.037034854229856222e+02 1.084600597855188511e+02 8.497691550644331926e+01 9.709999646460084932e+01 1.069342772734086537e+02 8.493825584315813160e+01
6.492404459489830515e+01 1.197547337921130861e+02 8.261335826866698540e+01 7.660014954661369302e+01 8.842084215788064228e+01 8.090060725008464715e+01 7.036333680183518879e+01 9.801487172393207459e+01
7.078642200758717706e+01 1.163345919954883101e+02 7.777078580180075562e+01 9.668083599746397283e+01 8.108348565952019271e+01 9.150206760977118847e+01 8.712424054828615283e+01 9.807975261880049800e+01
6.844103365196035327e+01 1.171369719140726744e+02 8.205271185197551631e+01 7.675487752109997075e+01 9.149245381592321280e+01 8.833546661732478356e+01 6.600601701900637863e+01 1.036272153611015909e+02
6.074796456259750954e+01 1.200217584213006035e+02 7.132422948324520462e+01 8.640476918143974672e+01 8.507672785378417757e+01 7.853420011194067740e+01 8.910491579828337194e+01 9.095811175504209700e+01
9.070813817888419806e+01 1.214895393266912720e+02 5.439772804334483425e+01 8.880669670041338293e+01 8.483717320031634301e+01 9.029599992737776404e+01 8.033208033991948582e+01 1.120093721889170411e+02
6.505045384900640215e+01 1.218006407203887562e+02 7.604132235121990391e+01 7.513093063439339403e+01 8.462733871548587672e+01 7.859593711011268624e+01 8.267481807704328389e+01 9.430587545694888263e+01
7.974040262469732454e+01 1.219850120430819231e+02 9.160156474381267344e+01 9.095212769938851238e+01 9.352763782247272673e+01 4.726140543190047794e+01 8.262763153191498589e+01 9.891947389209160235e+01
7.220405149898216735e+01 1.216778764589776642e+02 8.125011650530204577e+01 7.175886558193627707e+01 7.989084266878252549e+01 9.470989530535734957e+01 7.392030207810131515e+01 1.091146302633426188e+02
7.202283493876045384e+01 1.182417941878202328e+02 6.260521302612472283e+01 7.148193248997000637e+01 9.182826717683191475e+01 8.190003987775604344e+01 7.342630369240070820e+01 1.031381954887614114e+02
8.149320827630351971e+01 1.177313017702073807e+02 7.429846523568679117e+01 8.537768651924926644e+01 8.731917005714191760e+01 8.152161173824808316e+01 6.190382435924918525e+01 1.073233773020620845e+02
7.073442933857410253e+01 1.187430829601190680e+02 1.011423151797093425e+02 8.301274653509979373e+01 9.420964003908019890e+01 7.696089256703687909e+01 8.510274362289148087e+01 1.068428625078037015e+02
7.428811278923090811e+01 1.175568975059464947e+02 7.733235890752895614e+01 7.787494495956831031e+01 1.011417833888843631e+02 8.378739865358964778e+01 7.553734477631196853e+01 1.032242014034627147e+02
7.607958830019475727e+01 1.274945290065476371e+02 8.949236925785922381e+01 9.966242213630559377e+01 6.728295717006120924e+01 9.927222361464136213e+01 8.564201373580293364e+01 1.066198758797450239e+02
8.163017730787277060e+01 1.213255080943936548e+02 1.048042758111034516e+02 8.493729657780525599e+01 8.942401784694304467e+01 6.990438334543365784e+01 8.609905644266569880e+01 1.067129253882281716e+02
7.562351452995481793e+01 1.253335354337133509e+02 1.046613366367707840e+02 8.427628179790629304e+01 1.083813289577336008e+02 6.341243914081260868e+01 5.926391944245634846e+01 8.725327751118609854e+01
8.087490512796802022e+01 1.230574431105618203e+02 8.391081772446246134e+01 8.258083912327261089e+01 7.661326298962356418e+01 6.472162834746178817e+01 7.216559211026392973e+01 1.037715724976390845e+02
6.092208496137867257e+01 1.122205664721017087e+02 9.391046099606147379e+01 5.605503098889941782e+01 1.018367122348012259e+02 8.632397772344467057e+01 7.444278193059361115e+01 1.058374949612850742e+02
6.041919881403507020e+01 1.216498002015040640e+02 9.320667100221814394e+01 8.395123627578163905e+01 7.798761509631695787e+01 7.473715346970118389e+01 8.537141138181698352e+01 9.294425826516039990e+01
8.109930092571373450e+01 1.206519539544019892e+02 6.893589370529977600e+01 6.627072964162286439e+01 1.057099173435425143e+02 9.354988493986132880e+01 7.641284586293225800e+01 1.078340226728749656e+02
5.837575822895458799e+01 1.125535003646923116e+02 8.685541283434746163e+01 7.020861710628932428e+01 9.415237714902848154e+01 8.368018603840685898e+01 7.081714860528467170e+01 1.010103608744720844e+02
6.812719476977579802e+01 1.196961063226721507e+02 7.479321704960035788e+01 8.374176336050516056e+01 8.414858552679154968e+01 9.450682862167461451e+01 7.655963343432995316e+01 9.404545792485102140e+01
6.754068142433429500e+01 1.152152306882352235e+02 9.800347802102632500e+01 8.582770083625743496e+01 1.069964730468279868e+02 7.227657087987395812e+01 6.266138544708336156e+01 8.618678437899382061e+01
7.417700749605708666e+01 1.240206228935519874e+02 6.733243821251623729e+01 7.102416936449694163e+01 8.602865884976840505e+01 8.047347165954813875e+01 7.591612316161999274e+01 1.033903590733761320e+02
5.544562417085408157e+01 1.174607838701086422e+02 8.572511463044567392e+01 8.818945670079514798e+01 7.988838548256114791e+01 7.856001845558891716e+01 9.135443205667260713e+01 8.326659117127321963e+01
2.612822315390410211e+01 1.168635567037996594e+02 1.138997837691370592e+02 1.001759759192981676e+02 9.375097660243532971e+01 9.357736707153551947e+01 1.014907639979212490e+02 6.739522899346950169e+01
5.654519905803428514e+01 1.162314867487930314e+02 7.885638947610195260e+01 9.312517693533546037e+01 8.230014513126560871e+01 8.486979952919388381e+01 8.603524645637939727e+01 8.387053074808459030e+01
7.348750422108594194e+01 1.225624881899765057e+02 8.053651061976781023e+01 8.847599335950357613e+01 9.892798241026105188e+01 8.653426761094409869e+01 5.954695383455253221e+01 9.039209388703100956e+01
6.667231289608893974e+01 1.145141307535282920e+02 9.191346626483982618e+01 7.106237847087486159e+01 9.434832028817449157e+01 7.088917832229223848e+01 7.382275376657614174e+01 1.003217088134264117e+02
6.568157556038329403e+01 1.220005120887799706e+02 1.035682263715182501e+02 9.189806292139948596e+01 9.446441471179386440e+01 8.321426200084796676e+01 9.771164074186893345e+01 9.880524913917531649e+01
9.351031955864587530e+01 1.260503825450606712e+02 5.435532767853082703e+01 8.144027561408293536e+01 8.957985107971140337e+01 8.964039912194948556e+01 8.473898037064452637e+01 1.132703029278033284e+02
3.718480719900351517e+01 1.273854264636500488e+02 1.172766164202070627e+02 1.141422959379767548e+02 8.937459292869164074e+01 9.314363745547505857e+01 1.060560687932953954e+02 6.778828458963629089e+01
8.948640191437672797e+01 1.223752680344530859e+02 5.084602044828552181e+01 7.538761114362262106e+01 9.248904707348694387e+01 8.603731455285702623e+01 8.114856383255153105e+01 1.085697321104886157e+02
7.414854856791352233e+01 1.259179524046832626e+02 7.638514393820888415e+01 8.366448625900405034e+01 7.900956945482033689e+01 9.312516738515162729e+01 7.784819650597474094e+01 1.016924970939451640e+02
7.367094649840649367e+01 1.096143842665093331e+02 8.237403704578358088e+01 7.078999508589410539e+01 9.823680530215065687e+01 8.910533123149552637e+01 6.512698910489700665e+01 1.099761841681443144e+02
6.720617061048098151e+01 1.145770328011895742e+02 8.181401700637788110e+01 7.404454203289269287e+01 9.327842809114288514e+01 8.113659944918479994e+01 5.953774610147315371e+01 9.967835700429543522e+01
7.649499284541256827e+01 1.246111411521647199e+02 7.284607818084494113e+01 7.482019688588994200e+01 9.591329013450746288e+01 6.876743742299038331e+01 7.480317107054138148e+01 1.024792251899410047e+02
7.254534118708858159e+01 1.131326512572922240e+02 8.487076678265351859e+01 7.292660295869532661e+01 1.019710010005696290e+02 7.355803292766721313e+01 6.838605574590589242e+01 1.068285240789039960e+02
6.955448444054499646e+01 1.178409791770060764e+02 8.920188445455323745e+01 8.538342276359966831e+01 9.646666374864574323e+01 8.032279916698634281e+01 5.136874951119583699e+01 9.341231328804833822e+01
4.885264994019487261e+01 1.184519488588866807e+02 9.088770502296810605e+01 7.928045532248108884e+01 8.399130856937078704e+01 7.243558566868492221e+01 8.535380398435128768e+01 8.447567101658476929e+01
6.997547987045594198e+01 1.203395541417554000e+02 7.315376424095602204e+01 7.976988294280381808e+01 7.638267333185888219e+01 7.383246204415672764e+01 7.607866472030202942e+01 9.971976287599866851e+01
6.047396278877935316e+01 1.217637088204850073e+02 8.039938127429799408e+01 7.176007564106937764e+01 8.377989135293590550e+01 8.069797925793663751e+01 7.553020642233671822e+01 9.496995181923715279e+01
6.679760361642370015e+01 1.256743486732914192e+02 1.025345779204105128e+02 9.955911249592553247e+01 6.690941075787625891e+01 8.087912905627659654e+01 8.607109515342185091e+01 9.244761071493847737e+01
5.456577462558016833e+01 1.218093334916831623e+02 8.846105288063245098e+01 8.383678317964634630e+01 7.101440391138510222e+01 8.230881829214325762e+01 7.126695048177765557e+01 9.109317945628652069e+01
5.746983526375592533e+01 1.185795215375423055e+02 8.340884559757272143e+01 9.575523053740992907e+01 7.883498973660390163e+01 9.021236921318828195e+01 8.161599689947239256e+01 8.716017082748244604e+01
6.478524758313028542e+01 1.205796079875504745e+02 7.181517552802721127e+01 9.809116072125790708e+01 8.390582348903876664e+01 8.601506792554012293e+01 8.413938334497534299e+01 8.755494469675971914e+01
1.015659953475372816e+02 1.334201534263010274e+02 5.606973836692448288e+01 6.965888610830735672e+01 1.037344291765793827e+02 9.383267434813961927e+01 1.012131048974564180e+02 1.200833848906774790e+02
5.533421288441801522e+01 1.186232984554200698e+02 8.531797424773567684e+01 9.176768629539554922e+01 7.974551939599825801e+01 8.933198444403707583e+01 8.571727574283670492e+01 9.621078214921158178e+01
5.571400793464880508e+01 1.248283845249033988e+02 1.008034261085891359e+02 9.038893703199751428e+01 7.977795548509922696e+01 6.093880127778054856e+01 8.782923335066705306e+01 8.332370243491884310e+01
5.603208608699444682e+01 1.162570611966087029e+02 9.002233321095226870e+01 7.120912984843593563e+01 8.924453096216996073e+01 8.588713214241319349e+01 7.546535172565491223e+01 1.019979810176686641e+02
5.004542436681970230e+01 1.260884046864083388e+02 1.079987923366775533e+02 9.584507497572963075e+01 6.657448845256953973e+01 8.730789597443897776e+01 8.531370496982300722e+01 8.821331184458368568e+01
1.714332155587111473e+01 1.201405833868941784e+02 1.106644706775546325e+02 1.025807127834732881e+02 8.988169121772192227e+01 9.644932029201441992e+01 9.314585284262986420e+01 7.967973861521782908e+01
6.413397014149019526e+01 1.176268129848077280e+02 7.959184699211330383e+01 9.342314674318144796e+01 7.971399717879042157e+01 9.143670648512951971e+01 8.695814342707292610e+01 9.480335614962852731e+01
6.694240411258374479e+01 1.173929458679499191e+02 7.745216050920576834e+01 9.648449781525719970e+01 8.288059370100312151e+01 9.271701685049735886e+01 9.087674699817927149e+01 9.394421629847833799e+01
6.756708479108239374e+01 1.172195752407872504e+02 8.260730911822878397e+01 7.636929372920569392e+01 8.398895490084292703e+01 8.530658488907843662e+01 7.402639617751376022e+01 1.015351081737645416e+02
3.274658564610661671e+01 1.175821410656710242e+02 1.199392147658861063e+02 1.031712914664745284e+02 9.856867142205793186e+01 8.982741146904486129e+01 1.114813567044061955e+02 8.180506257683191507e+01
6.558551116154896476e+01 1.261780592546852660e+02 9.218155404141231202e+01 1.080703403841946653e+02 7.000230562210647633e+01 9.455451301352773896e+01 1.033857212942307484e+02 8.850144552664835373e+01
6.745650764225484863e+01 1.192729888223651216e+02 8.008497393804528031e+01 8.760329949549493733e+01 8.556039153522237939e+01 8.768040759907174220e+01 7.892448301155026513e+01 1.010186520999391462e+02
5.497292021410508056e+01 1.204555750010932513e+02 8.425974617615101181e+01 8.136132371485557258e+01 7.553789839166394415e+01 8.962753372095980353e+01 7.625800302347032300e+01 9.070792865938081206e+01
7.463322379306478638e+01 1.198902714444678992e+02 6.717688572507212541e+01 9.375833585804576842e+01 9.182099416372483347e+01 8.245767536678266652e+01 9.285900554338911661e+01 9.550006319749195427e+01
7.030764100075653289e+01 1.145224142610991578e+02 8.718607797674124527e+01 6.788841150818196013e+01 9.160168525803504735e+01 7.246978646477531072e+01 6.374647614486712399e+01 1.104765571553346177e+02
9.492392944031537638e+01 1.500576886770098213e+02 1.109403634582367459e+02 1.215583441237705387e+02 0.000000000000000000e+00 1.055170339618573649e+02 1.036321365058238229e+02 1.073053439911629567e+02
5.815272130146561835e+01 1.230570722051363362e+02 8.725756855900088738e+01 8.348463564602431575e+01 7.171274662244265130e+01 8.613710235348169419e+01 7.451175048890711139e+01 9.469095071494874105e+01
7.344880207413557116e+01 1.215373346312909462e+02 6.497334237461205930e+01 7.834147771435830521e+01 8.271227886417925390e+01 8.442313388783028927e+01 7.011320994961810982e+01 1.006217906428842213e+02
8.856112593545633160e+01 1.256587584888317650e+02 4.767610630024125129e+01 7.469118336834557681e+01 9.178203021128437911e+01 8.935843883723774184e+01 9.310788634849591006e+01 1.089777055412269249e+02
5.979156839394490675e+01 1.181231888250541147e+02 8.767408959375229927e+01 9.210257629184299333e+01 8.050046757730876834e+01 8.782139549324014638e+01 8.299462785467396486e+01 8.967381691079808093e+01
6.557483761091529573e+01 1.210799987346006361e+02 9.309622742070153834e+01 9.178830728884086909e+01 6.714040122781351272e+01 7.533561718757560755e+01 6.787151754721419650e+01 9.313829191065687496e+01
6.904034345092001956e+01 1.191901636252747494e+02 9.288389945420922800e+01 8.896935489063709213e+01 1.029728352170619985e+02 6.753389625284141573e+01 6.943058253855181761e+01 9.581675011882219906e+01
7.827618728000267367e+01 1.315562607199875060e+02 1.219975288666367277e+02 9.889596102987313486e+01 9.344170848631446802e+01 5.344279411206404262e+01 8.843512578377124100e+01 9.502049948596675222e+01
9.186805792958527661e+01 1.344252803094329067e+02 9.500381980192732101e+01 9.581069196027331714e+01 1.062785363582509035e+02 8.471923256160366122e+01 5.188366540226619605e+01 8.815997794279981292e+01
1.065342776480061673e+02 1.352625507968470799e+02 3.104392936886844367e+01 8.913496912625926427e+01 1.052309623574471686e+02 1.038088579436186478e+02 9.547770333489567918e+01 1.155437832999781307e+02
6.191279575789625511e+01 1.170707295624214197e+02 7.936644053635733087e+01 8.679905391458156316e+01 8.345555283731619056e+01 8.692457048214626525e+01 7.702123377911638613e+01 9.884240892505415843e+01
7.918524396365572215e+01 1.130425804070124798e+02 8.120027504394170137e+01 6.996698645738305800e+01 9.031763350679528912e+01 9.438503972590709168e+01 6.103346157310311781e+01 1.137677027224942208e+02
4.129057712637366251e+01 1.233538569593130489e+02 1.292310290353351547e+02 9.362730690399246214e+01 1.050739332850071293e+02 9.609896980369921948e+01 1.011677137387356709e+02 9.383581821943698742e+01
6.899467484821498431e+01 1.160899858364894470e+02 8.078885550280242001e+01 7.716385223111636549e+01 8.462856984383705594e+01 8.959712301520261235e+01 6.339419111763740489e+01 9.846413673885304263e+01
2.231393871311017207e+01 1.197564738360184009e+02 1.091951303620675446e+02 1.043505190392310169e+02 9.284577866395535750e+01 9.665508843686116336e+01 1.047358306123841913e+02 7.318321994224010041e+01
6.442518004425851075e+01 1.288330904977673015e+02 9.566396978599431122e+01 1.185962866700401577e+02 9.047370573420175788e+01 1.063354718036201376e+02 1.241749719403135686e+02 7.333782036538573834e+01
6.357506505526782092e+01 1.247038017356561141e+02 8.344366584463708136e+01 9.367039121176644301e+01 6.865732535578186457e+01 8.235127809798233045e+01 8.015358588844915744e+01 9.637283812912099279e+01
6.952030820034489977e+01 1.171544294972873246e+02 9.077550398788993391e+01 8.123044324510583181e+01 9.954153415466069532e+01 7.933843480445440832e+01 5.983132544305799883e+01 9.824119666587736788e+01
5.569663807888756679e+01 1.246243018368692930e+02 9.294728196107790552e+01 8.100000423873119360e+01 7.430158381368389087e+01 7.150434534824397304e+01 8.157663674955293232e+01 9.700975837322249618e+01
6.248548761330444279e+01 1.166748541672031507e+02 8.716552059025700316e+01 7.137636293870171755e+01 9.271904035936094601e+01 8.488072693020832560e+01 6.355862932912756236e+01 9.747477946824771777e+01
8.820587259332356211e+01 1.236206660251846472e+02 7.049393571281085258e+01 9.129872212747031313e+01 8.603030916456451394e+01 6.890553895754582925e+01 6.810543051989445473e+01 1.092060521140431604e+02
4.733515799945376301e+01 1.209585681786160336e+02 9.604141168119518568e+01 1.001909944771004319e+02 7.207848552208457704e+01 8.315517319031565080e+01 8.372690961137836041e+01 8.351322560164277320e+01
8.014282652596874357e+01 1.210873749860684967e+02 6.250425190028958866e+01 8.943761294074523960e+01 8.020259431481476042e+01 9.058272254744071006e+01 8.038352442179861157e+01 1.081396878479390864e+02
6.381876303461655198e+01 1.184824471170103664e+02 8.820680453317622494e+01 7.743522323696068099e+01 8.344692225706555178e+01 7.574930640492698330e+01 7.950694163976577045e+01 9.696821765724088493e+01
7.837451180194878475e+01 1.223959040549131316e+02 6.070428371707412651e+01 7.205763203807991601e+01 9.129196406559314880e+01 8.906987585480096925e+01 8.838177152177644302e+01 1.022766368979995804e+02
2.588426706475333106e+01 1.240966411053617975e+02 1.140963020389125120e+02 1.048067718760192548e+02 9.257415703652004879e+01 9.635971056340292762e+01 1.060786728778781480e+02 8.451839258790552378e+01
5.969554532259284940e+01 1.279226060043807394e+02 9.241826413187729372e+01 9.683699323932184200e+01 7.278052076257458225e+01 6.181258909561112347e+01 8.667343413654940321e+01 8.121767597707734865e+01
5.619876052553372858e+01 1.207702100580635545e+02 8.369394454625370372e+01 7.900990027269111238e+01 8.805837845488053972e+01 8.926867775173217012e+01 8.077891856017527061e+01 9.568418974627898876e+01
7.474377698149561411e+01 1.083879668186223597e+02 1.056137252104607427e+02 6.523810359991176711e+01 1.099023110355634287e+02 8.257990149448826855e+01 7.834154556118544122e+01 1.162002786374249581e+02
1.001768991290083193e+02 1.271909689971638073e+02 9.743116377045161869e+01 0.000000000000000000e+00 1.215583441237705387e+02 1.017290858503930622e+02 8.937021583949695014e+01 1.349473432340686827e+02
6.191906856487411659e+01 1.221492603315071364e+02 8.052769524645319166e+01 9.409348025402877624e+01 7.271498990929599415e+01 8.518907474633597587e+01 7.691464096180557419e+01 9.403433028946831485e+01
7.191184229863522148e+01 1.200816314165746093e+02 8.009293728516412614e+01 9.248763589846961963e+01 7.238131814715030998e+01 9.053050741278723024e+01 7.479720465003929064e+01 9.666797715223238185e+01
4.387647701187083271e+01 1.215594107481291672e+02 1.112896516381468501e+02 1.006288152601688211e+02 7.917322415442362171e+01 9.923345380060069942e+01 9.579132123935384868e+01 9.340197856601227500e+01
5.570063259942728706e+01 1.186330749895313375e+02 7.795066709474298250e+01 7.829722388336810468e+01 8.190140035680383335e+01 7.926159406510427630e+01 7.684966745352258499e+01 9.366331992456143496e+01
3.032314753687321129e+01 1.207068173118568239e+02 1.085467425502470462e+02 9.016553903061819142e+01 8.492907138663488809e+01 9.037230079359797230e+01 9.163453648659647399e+01 8.456258619097934570e+01
6.403083890376605325e+01 1.118564842991613375e+02 9.715105636252758359e+01 7.614800433811214475e+01 1.052404835568669768e+02 7.242079019369424486e+01 7.535078649626528602e+01 1.002117541092115545e+02
5.932868238165395525e+01 1.193216638375848930e+02 8.302184560039799521e+01 8.017024702679236725e+01 8.620553980892870527e+01 8.389706793639336979e+01 6.865191501509706029e+01 9.679324116351163809e+01
9.578098369589791616e+01 1.279993175298532861e+02 9.686612197841658656e+01 8.937021583949695014e+01 1.036321365058238229e+02 9.336189531306366973e+01 0.000000000000000000e+00 1.087150796051930826e+02
7.744063552369165393e+01 1.252778298406639266e+02 1.014601806568505395e+02 8.822502067710021834e+01 6.609158731778637730e+01 7.807151862828753508e+01 5.813090717189289336e+01 1.034697279502476164e+02
2.910144841338056310e+01 1.205990174213154518e+02 1.126897952336598365e+02 1.023296628104114347e+02 9.900913978663490411e+01 9.385308107279739431e+01 1.071773287459959363e+02 6.674560720312815931e+01
2.592062145677143548e+01 1.202506782237881566e+02 1.084904187073214104e+02 9.739565510351788191e+01 8.913072766632383548e+01 8.987391771765952342e+01 9.011468240600052582e+01 8.367395888566824169e+01
6.322289780256007674e+01 1.189235661527622483e+02 7.927482597092857475e+01 8.389691904374240039e+01 8.496278874462083763e+01 9.884051941977240574e+01 7.353179834572455320e+01 9.426569798003276901e+01
5.518663229613760279e+01 1.261156611277121442e+02 9.121730968654404137e+01 9.205515819998757365e+01 8.326401332820412904e+01 7.728038598577197149e+01 6.427207928387531410e+01 8.360139938541394145e+01
6.946475463273266371e+01 1.198498245427006168e+02 8.334144628318733794e+01 8.809933208356426348e+01 8.728410375559855083e+01 8.644686493037781361e+01 8.217004457994407574e+01 1.035869401674493702e+02
5.923194745473032441e+01 1.144279696859224202e+02 8.579711859697547993e+01 8.077421402898114877e+01 9.551238568052438893e+01 9.552590821290634437e+01 7.040950639485167528e+01 1.025098836257278094e+02
6.095553403739211262e+01 1.170266159262813659e+02 7.714000070270158460e+01 8.965303237094975941e+01 8.869614056248811096e+01 9.296893314957311816e+01 8.775966203997133164e+01 9.347064495863901357e+01
4.692604960136914372e+01 1.226899305191140002e+02 9.629584586618929620e+01 9.139962178820164240e+01 8.987780353227769581e+01 8.543225164163931140e+01 6.713295713436585288e+01 8.120392277823692950e+01
7.412307191974487353e+01 1.267561726341570392e+02 1.063347399782092992e+02 9.809619795832837497e+01 7.909312208959622126e+01 7.780939419899266341e+01 9.146898815331282151e+01 9.348002019385924655e+01
7.042766952138157421e+01 1.220044109055669708e+02 8.704748211846663253e+01 8.851681903009466623e+01 9.315719490081613685e+01 8.652902701758831938e+01 4.178319952245522018e+01 9.424869081601751475e+01
7.099168605191385950e+01 1.231051744616206918e+02 9.191186058595938846e+01 9.725573941173627190e+01 7.953666478237764181e+01 8.364328787446416413e+01 8.649089891097928273e+01 9.489654118038288289e+01
6.269772752563328311e+01 1.223606625160558821e+02 8.851087711647419098e+01 9.558182278891922579e+01 7.451312801763580751e+01 7.689409725263463713e+01 8.138826798546443797e+01 8.854425908543609580e+01
6.357701837336042416e+01 1.428686268493098623e+02 1.254636334969392664e+02 1.150893723227254526e+02 1.054611139680854279e+02 7.611783990967447266e+01 1.075848535294555006e+02 7.425606790687153591e+01
6.237681823399607595e+01 1.161194022811583721e+02 9.058383501738613575e+01 8.798146133876426234e+01 8.456293832883490325e+01 7.984457958502740382e+01 8.010973896197155852e+01 9.784762167468649352e+01
8.097061660031874908e+01 1.289973769399724404e+02 8.994860381233284841e+01 8.935606159862904008e+01 8.436552664053792228e+01 5.062355505000425637e+01 8.366812285501002577e+01 1.033234841125507018e+02
8.506389552891310757e+01 1.284226602078117594e+02 6.254697014402934485e+01 1.019741107594592222e+02 8.812049581028711032e+01 9.056696716957353033e+01 8.941409959013408582e+01 1.050296087210653440e+02
7.644108862407941274e+01 1.199243994610749979e+02 9.023030390376280252e+01 8.663439470896345540e+01 8.566683454719454005e+01 7.765286537955259405e+01 6.621420836786896302e+01 1.004393615220281930e+02
6.060182722676672284e+01 1.270347239646649626e+02 1.024826664205556028e+02 9.535818737739302264e+01 6.477250587789929170e+01 8.396408046250638790e+01 8.470908304742498274e+01 9.366609909308684223e+01
2.277576985158392020e+01 1.216053755467643356e+02 1.053029374824165529e+02 1.016146813879090018e+02 8.719864480214694424e+01 9.551678644082520009e+01 9.114615242131644379e+01 6.904518902113019863e+01
7.485558467418648831e+01 1.252034511282672895e+02 6.931971519931876458e+01 8.913714097692385963e+01 8.173935133220287241e+01 8.330619718160635045e+01 8.906126595188976580e+01 9.534886024304357477e+01
2.029208810548738029e+01 1.196286442675523034e+02 1.138599582863501496e+02 9.930015274540306791e+01 9.216473704220210550e+01 8.657728827200232047e+01 9.732439823889833974e+01 7.137248069494197011e+01
4.293663727505546746e+01 1.235786590967396705e+02 1.107776181379553009e+02 9.023950235662354658e+01 7.145137936626014152e+01 8.568529520654806220e+01 8.173711728260735754e+01 8.554694909674391567e+01
6.440221902860847081e+01 1.267118839114927198e+02 8.894994327215087537e+01 9.565203320322638092e+01 9.973790709189874804e+01 8.274328554290116244e+01 7.038001304089775090e+01 7.451719335065193661e+01
8.895843160306448283e+01 1.209496456218627287e+02 4.969505392938462052e+01 8.209341120111385237e+01 8.938446406805775268e+01 8.916417979353940382e+01 8.196279215005932883e+01 1.096084666036675657e+02
7.546405809550383026e+01 1.303809063287095285e+02 1.045060357023590285e+02 9.254812916395114542e+01 1.061776903689369647e+02 5.776221236966225092e+01 5.415609733110695601e+01 8.687360558395940302e+01
6.234198880190974990e+01 1.165300790443954071e+02 8.748680781514833882e+01 8.133517644873779773e+01 9.422854542070768957e+01 7.792525940130302331e+01 6.505564267787620736e+01 9.468775369798092356e+01
4.040086105555580076e+01 1.217640886267469114e+02 9.362660212710572694e+01 8.168945947711685562e+01 9.138399769779596227e+01 7.184909167354553006e+01 7.653708815310854163e+01 8.740053601481690748e+01
7.273193746751371691e+01 1.153709549235335174e+02 7.954185782547462225e+01 7.048953039594526615e+01 9.343727667324303354e+01 8.122767637421043219e+01 6.180534335849379346e+01 1.104472722566539460e+02
6.176002764612438511e+01 1.190551649676105654e+02 9.304107902803562524e+01 9.182785715164153828e+01 8.419164110118279609e+01 7.974851927171233967e+01 8.265554232234504184e+01 9.802766417226801821e+01
6.396974091723544831e+01 1.235217511845768144e+02 8.022765371750668351e+01 9.119374713963672718e+01 7.625827703770275434e+01 8.966222799106472507e+01 8.083962034799945684e+01 9.805107862128649288e+01
2.977550232162840160e+01 1.199890255637405545e+02 1.100742617171549682e+02 9.532899988699546157e+01 8.115380995948602560e+01 8.868400814727449699e+01 9.214892098559771227e+01 7.767833498119412639e+01
3.909920557237891359e+01 1.222434617012422819e+02 1.138769704980511790e+02 9.424760679057307300e+01 8.422491572509979108e+01 9.107713926068960575e+01 9.205793602690569344e+01 9.360346958246931592e+01
6.516343811743827530e+01 1.217011744910383868e+02 8.160799623512157552e+01 7.331314343856591620e+01 7.983565827118634672e+01 7.694406361115872528e+01 7.642838269066764667e+01 1.077209288539440593e+02
6.507365548643447539e+01 1.193975061877749795e+02 8.247255534089572393e+01 8.892142497214652508e+01 8.400526370661813758e+01 9.405219671190319275e+01 8.031387882587901572e+01 9.801853069800033325e+01
5.187475010083255711e+01 1.201549466804764421e+02 8.768317436939229026e+01 8.700057882250122532e+01 7.889980708048413760e+01 7.856007891052611569e+01 7.939938895541901331e+01 8.647567639257255223e+01
5.756012029438296906e+01 1.173434610072152822e+02 8.368502708538008505e+01 8.783323881202024097e+01 8.563670260371763732e+01 8.601894606472282589e+01 8.235306805118149498e+01 8.999638259841323418e+01
6.947946457241084772e+01 1.326875486629547822e+02 1.107028327404992751e+02 1.056507871526492579e+02 9.678692540677491252e+01 5.565034420259249259e+01 9.434473548792308861e+01 9.396234547652666436e+01
7.639702324337551431e+01 1.374445880144033652e+02 1.151984371038472119e+02 1.349473432340686827e+02 1.073053439911629567e+02 1.069340262639138786e+02 1.087150796051930826e+02 0.000000000000000000e+00
6.237916846520103320e+01 1.168939894281949137e+02 7.979012152588332185e+01 8.727859239328542174e+01 7.938080568257831260e+01 9.165283855713802552e+01 8.689687964104089701e+01 8.736580295447070910e+01
4.362396961611828772e+01 1.204766812907521114e+02 9.505839084086949242e+01 8.074709919005802305e+01 8.256619876251578205e+01 7.167201262451396815e+01 7.754007879035253836e+01 8.834535578209101914e+01
1.110182238099259848e+02 1.346739565349995758e+02 0.000000000000000000e+00 9.743116377045161869e+01 1.109403634582367459e+02 1.038409267463088099e+02 9.686612197841658656e+01 1.151984371038472119e+02
9.243356108787639869e+01 1.273696657757324857e+02 4.299012787248599210e+01 7.244482648355092635e+01 9.702320682638477933e+01 9.176160464379226767e+01 9.067147819934120889e+01 1.099941685461954677e+02
4.714102001303157152e+01 1.184461071385617004e+02 8.911544933847230254e+01 9.217917188744532098e+01 8.055716862103612641e+01 8.693586432317262336e+01 8.559895356571978198e+01 8.128112988539368189e+01
7.891343217523582609e+01 1.265027337102322065e+02 8.538454813722587744e+01 8.896403574840827844e+01 6.420606661731247300e+01 7.609922812134749392e+01 7.578766529664144969e+01 1.072792463379381331e+02
6.824984939266596484e+01 1.179199198062421772e+02 7.852759629639996319e+01 8.695815710690669675e+01 8.393031554243985681e+01 8.398327402173963208e+01 7.706991452070930393e+01 1.021748051443697278e+02
2.681266367799578987e+01 1.199140126863582339e+02 1.146755077343428013e+02 9.777725121733561764e+01 8.165621586531131015e+01 9.050565092237138742e+01 9.482460006738196512e+01 7.237798344775025328e+01
4.334087991581591837e+01 1.268155512536656033e+02 1.161042328207062440e+02 1.130939910667610349e+02 8.814607153406282691e+01 8.501441992928236857e+01 1.088915683526959413e+02 7.106825298714097983e+01
7.861740092809345981e+01 1.249270328747217604e+02 8.976680727202381149e+01 8.899687077022070980e+01 7.707301859988086790e+01 6.543977396791632373e+01 8.797498410652704592e+01 9.168684768906207694e+01
3.065948736508490668e+01 1.214120903488196461e+02 1.100196859442521315e+02 9.924401121293941230e+01 7.808589403995831901e+01 9.170397032191340259e+01 9.436093616499177017e+01 7.695259254810657978e+01
5.628323392278690562e+01 1.167499107406047756e+02 9.108462069309332776e+01 8.959094923223845797e+01 8.033987998127264518e+01 8.651985035224751641e+01 8.403470575044667612e+01 9.327259308203430521e+01
2.865752988131405843e+01 1.261961554999438277e+02 1.146326011309323150e+02 1.067883131976175690e+02 9.719896760070739106e+01 1.001914997632971733e+02 1.106717793773662635e+02 8.356432984005191145e+01
2.665181192977022206e+01 1.219280084860371431e+02 1.082503488083608403e+02 1.040691222664730162e+02 8.345207966888376916e+01 9.460846712108435952e+01 9.480995484361869785e+01 8.424661973256742442e+01
6.114868444923178714e+01 1.181945804574433225e+02 8.270312354900676155e+01 9.260388339980195838e+01 8.105723172293309631e+01 7.652067451443218715e+01 8.556762863199172386e+01 8.356522905826756187e+01
6.170087320792202945e+01 1.196116079144484416e+02 8.806887522900039755e+01 9.239016525393785173e+01 9.151208376397606514e+01 8.095782615032418050e+01 6.461284622945852618e+01 8.854902709949747930e+01
5.697376271466652042e+01 1.178445020991776744e+02 8.092392027158851420e+01 8.611948986925084171e+01 8.086771867434248406e+01 9.049640237711072643e+01 7.783596840728264965e+01 8.785670103014054177e+01
5.997655196437938230e+01 1.253051338771627741e+02 1.021645276988528508e+02 1.050990499146624160e+02 7.527155269013580607e+01 9.834297929139869154e+01 9.763958535030545249e+01 9.389379809888617956e+01
6.064077205096045731e+01 1.205494119619002333e+02 8.454685709071081590e+01 9.297599907013513132e+01 7.391938375019937268e+01 8.464218113447333280e+01 8.398518921639416135e+01 9.224576158542366500e+01
6.703175445463125470e+01 1.307187148745779552e+02 1.075423498343586317e+02 9.910164907637293652e+01 9.409702560386092784e+01 4.927490986403565643e+01 8.551245460394343922e+01 8.880137150379474065e+01
5.448307463581882359e+01 1.219190191023225935e+02 8.627715943157876666e+01 8.718915113845316966e+01 7.669915041114012411e+01 7.447796187511893606e+01 7.404347495565079385e+01 9.178579875941019850e+01
7.557223188173156814e+01 1.234835768202186443e+02 6.918443792324445951e+01 1.086783677494078120e+02 8.587942651427066210e+01 9.309370168581810390e+01 9.213560809409584351e+01 9.658880873705736292e+01
5.489243807853280543e+01 1.230555453132009660e+02 1.065254112363109442e+02 1.114743644430288896e+02 8.149869514103386337e+01 8.441412857554878713e+01 1.082418866082539495e+02 7.372269609341987007e+01
8.518388104863478816e+01 1.249568389409787414e+02 8.560802232884051932e+01 7.350330293076648047e+01 9.280796034391617866e+01 5.238333960949201895e+01 7.894623629234507689e+01 1.147679528459489262e+02
2.929786776154526962e+01 1.231010794139068167e+02 1.116649117944504894e+02 1.030069362583273858e+02 8.648339361895226318e+01 9.145484897237605537e+01 1.017000392818720798e+02 8.380341737162251547e+01
5.317200028155390612e+01 1.235707054412925174e+02 1.062573416683101897e+02 9.261448112907717700e+01 6.958911387541073168e+01 8.835121550243225386e+01 8.594931819126182404e+01 9.144522166123208251e+01
5.735923621728679933e+01 1.159432273952448753e+02 8.611256134516141003e+01 8.355644624744667226e+01 8.602783593763676606e+01 8.980946516849417094e+01 7.780385836968855529e+01 9.306606789058632501e+01
6.453038756001740239e+01 1.201940690888654188e+02 8.379074888476638705e+01 8.885332918383295464e+01 7.652174695977828378e+01 8.355988219100433412e+01 7.918164029500970003e+01 9.827129488097703813e+01
1.085004891875852451e+02 1.321938964070741918e+02 4.108788497389156191e+01 9.363632308689857098e+01 1.040866758148494426e+02 1.058784748063865067e+02 9.931533086015224399e+01 1.230893140150109275e+02
6.204291036881524235e+01 1.227037029264894556e+02 7.555158546611217218e+01 9.616995417601958707e+01 8.310506644024737000e+01 7.940753461878092878e+01 9.076836838160240006e+01 9.143355806068045410e+01
7.826537103996389533e+01 1.174842493414988098e+02 6.726242005299147309e+01 9.041228881865752953e+01 9.119277082953266245e+01 8.660295453673570876e+01 7.321125520230948780e+01 1.058958295015399074e+02
8.928124274039369368e+01 1.237045138285490964e+02 5.472328531473947066e+01 6.845550047758686674e+01 9.247713876316269932e+01 8.413921145788820866e+01 7.659617529890734033e+01 1.096544392679177236e+02
7.329939215685828913e+01 1.189279822960795343e+02 7.573653041043999679e+01 9.890810176202136006e+01 8.171679522048296462e+01 8.801541753861823736e+01 7.928781938024432918e+01 9.609320386000042902e+01
4.545002826961295739e+01 1.220167327158142854e+02 1.020827514867568624e+02 9.924327246717594164e+01 7.349337922909529652e+01 9.627635470484872826e+01 8.218016395946817454e+01 9.448344398578950631e+01
5.786518196771493194e+01 1.203210239875317882e+02 8.511131564313835440e+01 9.088307403056005285e+01 7.855153469604464078e+01 8.362076591893924160e+01 7.454461942918941020e+01 8.986736996537439381e+01
6.670203526761470414e+01 1.222421646337445367e+02 9.034055805751997070e+01 9.607273106502110238e+01 6.971720914970839544e+01 8.322093670738607329e+01 8.108665929436538988e+01 9.268361846729256115e+01
5.490452275727978559e+01 1.166082622756735248e+02 9.537751853287169013e+01 9.529275220017164827e+01 8.195142518907113072e+01 6.945679788295677781e+01 7.162920904872581218e+01 8.517709936204005317e+01
6.157738206700019390e+01 1.177570165034478435e+02 9.244298061645893938e+01 9.025282193326310676e+01 8.637152267198442246e+01 8.323546491298850469e+01 8.187337539008254339e+01 9.999692891021216212e+01
6.343128254110192188e+01 1.169316331994097027e+02 8.199905929522736869e+01 7.622750381850885049e+01 8.401868243600095809e+01 8.894489142023155637e+01 6.614198706958293883e+01 9.596925509784593089e+01
6.759572693596382464e+01 1.296179922472999806e+02 1.114821925187945482e+02 7.273241104314485028e+01 9.252049727755914432e+01 9.040947787947609982e+01 8.390788230949551973e+01 9.007087768641878256e+01
2.497386474700045156e+01 1.195220246476604871e+02 1.173343902829148107e+02 9.642789975961765947e+01 8.863260004536410008e+01 9.301256619634007450e+01 9.882233267058082049e+01 7.623935793520203674e+01
7.261120770718321182e+01 1.245791663257322597e+02 6.325753068803263091e+01 8.395030655980828271e+01 8.705766939298553098e+01 8.817153452214726883e+01 7.324341244229522374e+01 9.739513634046916479e+01
1.469419604620619602e+01 1.184983035924397115e+02 1.146001722605334976e+02 1.022904100714003448e+02 9.768916523636910654e+01 9.847346531455292507e+01 1.001033839221202300e+02 7.263698647732351787e+01
7.837619536332044845e+01 1.185365554342946268e+02 7.593721037893649850e+01 7.424977964938206298e+01 1.056963016352794114e+02 8.021478529026948934e+01 6.280255176240849835e+01 1.064743123132895306e+02
6.600676635019270577e+01 1.159964561114100405e+02 8.369595071826309152e+01 9.586310608513059606e+01 7.949569375262414894e+01 8.741954341525870120e+01 8.725315161440532563e+01 9.412434608881866893e+01
6.806424715783975898e+01 1.217653131485067490e+02 7.534143382446931980e+01 6.414021153404257802e+01 8.818240693507800643e+01 7.887082516965007528e+01 7.490814095362597413e+01 9.670270326163959851e+01
7.795631838190112717e+01 1.248626913021472262e+02 7.464654826765276141e+01 7.218347233240524474e+01 8.647651994300927925e+01 8.345198658805180969e+01 8.020862817514506560e+01 1.157742953755349049e+02
6.030419448370363966e+01 1.227139457908226916e+02 8.203406436657448353e+01 8.999947557754201455e+01 7.867799822968841283e+01 8.824513785168831248e+01 7.066918877638437380e+01 9.319288323165581289e+01
6.456699124008086699e+01 1.194726721228253581e+02 8.155459575777493342e+01 7.890166547407469011e+01 8.540786003197271725e+01 8.221927467560985292e+01 6.711480501938564203e+01 9.628827228380289682e+01
5.277855369114154627e+01 1.303541410685852213e+02 1.176125027120579318e+02 9.908690436203484353e+01 7.558388669808975635e+01 8.720652272617378742e+01 9.171374462684191542e+01 9.224047565112738312e+01
3.611186050758920629e+01 1.287559151308205116e+02 1.262364495818328294e+02 1.061921887465276200e+02 9.925622055942734789e+01 1.042746607722955900e+02 1.121199138338531043e+02 9.285652133724843793e+01
5.470305900751500161e+01 1.193769345415948493e+02 8.336516150072534970e+01 8.874468422827310121e+01 8.332594613059249866e+01 7.653923971301333040e+01 7.018187218308460729e+01 8.384527744566499052e+01
4.241200020966417128e+01 1.184469907360449099e+02 9.055491770127341056e+01 8.909238586705600937e+01 8.466090431188899856e+01 7.961370739421849407e+01 9.333432995923507747e+01 7.701705291401140130e+01
8.175297808152478751e+01 1.154567110974948605e+02 8.475356303136406666e+01 7.410306732505314642e+01 9.459687369330256956e+01 8.037977688371186957e+01 6.410501262030425096e+01 1.085969355368835920e+02
8.294075884475549287e+01 1.197554812862979219e+02 5.347481144194077274e+01 7.782068121237439584e+01 8.629603284257397888e+01 8.611968195376753954e+01 8.015328116777533296e+01 1.050857939888035446e+02
7.805008140973490072e+01 1.163981735096164130e+02 7.223099928877547882e+01 8.144347417569585446e+01 9.704419240029525895e+01 8.221547638447700024e+01 5.834234739577737372e+01 1.050323094040171981e+02
4.131829862192399361e+01 1.206358129795339948e+02 9.357908833329160814e+01 8.346566446018297825e+01 8.327028506400935726e+01 8.198093716393152874e+01 8.231280489509413201e+01 7.955749306883639349e+01
2.114275809265644313e+01 1.210738674283268637e+02 1.084769531160793008e+02 1.016557804925960085e+02 8.904446636550878225e+01 9.693530822533357139e+01 9.024282788133753286e+01 7.484501701588838785e+01
6.842324977625513327e+01 1.221266300031717122e+02 8.438514377584314730e+01 8.280238972706990808e+01 7.114154840855425732e+01 7.739175575722234157e+01 7.263089933247375996e+01 1.037972366575462644e+02
5.842000848139880276e+01 1.190685148244720608e+02 7.930724006620020816e+01 8.003460226432981983e+01 8.654628820459159044e+01 9.193116902161274595e+01 6.861239750837958695e+01 9.992010252848847074e+01
6.264762444069425840e+01 1.182653437628236190e+02 8.334359656039477215e+01 9.266263688912471252e+01 8.249871976074656743e+01 7.490650884277238220e+01 8.695522623605650381e+01 8.316004267055700439e+01
4.233598232247530291e+01 1.218880238942358716e+02 9.928590311657470124e+01 8.386658982280388841e+01 7.253400224192971280e+01 8.257733946194689167e+01 8.016076767214516963e+01 8.544777484282255386e+01
5.298346149250785686e+01 1.228484757908261571e+02 9.797891873722721812e+01 9.074760447906787419e+01 8.215229291090794561e+01 6.883834606801605105e+01 6.332318771808193247e+01 8.363992379030932511e+01
4.190227382865009531e+01 1.209802889598160220e+02 1.148085161802661247e+02 9.674932095333579696e+01 1.029019026584043530e+02 9.540828775504668613e+01 1.171111782231195804e+02 8.111804180271505516e+01
7.714426637980298551e+01 1.192745601653572862e+02 8.796115203091028434e+01 8.873449028669027427e+01 8.572596741072450754e+01 7.794359412801816234e+01 6.740420868179367631e+01 1.011182042071155678e+02
6.880497624773892085e+01 1.257615390237782975e+02 1.049360736314031470e+02 1.013824961137867717e+02 7.418275540148211178e+01 5.889292626855714730e+01 8.312005690004576763e+01 8.856306204583722774e+01
6.791242991021506725e+01 1.177943530435472752e+02 8.822474589164778536e+01 7.880535351574422975e+01 9.836258768882524350e+01 8.588012136166669563e+01 7.049559400441722801e+01 9.699724783791111804e+01
5.723171999264746290e+01 1.167299066648148909e+02 8.976867168654885631e+01 7.743358580020336035e+01 8.188521917813523032e+01 7.873874699649572051e+01 6.751746647333995099e+01 9.646865607268173903e+01
5.492814104675137088e+01 1.176880747792984323e+02 8.679629987599177809e+01 7.721510834577613025e+01 8.538227662707032550e+01 7.859632192132688999e+01 6.741346770944474542e+01 9.567776124134852012e+01
5.564131505687287671e+01 1.178830177166016853e+02 8.625300769188424965e+01 9.235971004183689104e+01 7.859533995859037248e+01 9.465660984651935905e+01 8.679055595451971783e+01 9.104153687975490072e+01
6.164683478153319385e+01 1.439619108560414134e+02 1.216596576263654157e+02 1.141689662730918400e+02 1.028679808874250767e+02 6.811776647958350850e+01 1.008452671025029872e+02 8.206720468403793234e+01
9.468274297039373266e+01 1.448291927657228086e+02 1.038409267463088099e+02 1.017290858503930622e+02 1.055170339618573649e+02 0.000000000000000000e+00 9.336189531306366973e+01 1.069340262639138786e+02
6.983906677081037628e+01 1.388148305584616935e+02 1.217781305788845145e+02 1.116897972386661593e+02 9.245176661995425604e+01 6.668533124838688764e+01 1.092473028530823598e+02 9.039024775551726520e+01
6.158597628004985580e+01 1.216810956312751841e+02 9.116178232429616912e+01 9.288634060185724195e+01 7.644550820521394030e+01 8.803933236826674147e+01 8.614980290259019569e+01 9.237687062885250100e+01
6.073115403891384290e+01 1.179723636453485085e+02 7.848441084602053763e+01 8.995709973708406437e+01 8.231025724308122449e+01 8.606465438668783463e+01 8.064052422628377315e+01 9.134055911445061327e+01
7.394311508524211263e+01 1.329329755471051158e+02 1.162184898605330972e+02 9.612616105480806539e+01 7.226411093343548941e+01 7.718156632521836968e+01 8.661851658340769688e+01 1.035977713210920967e+02
8.220322251851919759e+01 1.236693469174308291e+02 9.067868852902479659e+01 9.170227941825507401e+01 9.371194229607952764e+01 4.736329222352243562e+01 8.368415196946979506e+01 1.012762831446535330e+02
5.513145033909705006e+01 1.175718121303343082e+02 8.195878429322256409e+01 7.735051086338160076e+01 8.705313408847453616e+01 8.329603477704209524e+01 7.188598143309940269e+01 9.309704518977112286e+01
6.751835561825792809e+01 1.179079316727939926e+02 8.176639289756208484e+01 8.782421584135779824e+01 8.284974157039444265e+01 8.099290030527768636e+01 7.938174175666782162e+01 9.346791989106627341e+01
5.246428701360090940e+01 1.213123908618380540e+02 8.793651845433424796e+01 8.637867399414888325e+01 7.255073501517296108e+01 8.959416424189861061e+01 7.928041743585382051e+01 8.850347624982669004e+01
5.420539031030003940e+01 1.188069612898633665e+02 9.596832288759220830e+01 8.027197076416022981e+01 8.226301802104927674e+01 7.339947136872018518e+01 6.400064686926981494e+01 9.549663679161818663e+01
4.873542332246161379e+01 1.176167167278328378e+02 8.897880292442810912e+01 7.729707471601794566e+01 8.643128136193516298e+01 8.192919836699623204e+01 6.735366874604059717e+01 9.329809299811797985e+01
4.756299055218345728e+01 1.224375047997930182e+02 8.513637574733262170e+01 8.173907864780750288e+01 8.053674789246886689e+01 7.722075460567587868e+01 7.765778218122716225e+01 8.911405459759501468e+01
5.986425465121232747e+01 1.221095953327132122e+02 1.050668704720921198e+02 8.113646008569119772e+01 7.892846101961333716e+01 7.174493849817022806e+01 8.515260654430340992e+01 9.859660448592295268e+01
7.938777803989346182e+01 1.227851932631803180e+02 7.693106366044747801e+01 8.973675363296582930e+01 7.454513361404129057e+01 7.937190212599354311e+01 7.817846666156434310e+01 1.011027454426198489e+02
6.296464104060793687e+01 1.201596552943043292e+02 7.934319653406912209e+01 9.106474426482479601e+01 8.308266377223921495e+01 9.221120242718602356e+01 7.997688729237850680e+01 8.829128446441832523e+01
1.009730084592047490e+02 1.380386140508728943e+02 5.436781699071686091e+01 7.182159560466065784e+01 1.059330647862805534e+02 8.927217893698485796e+01 9.756012099522580172e+01 1.205631672730857815e+02
8.600082330302402056e+01 1.256041306022799660e+02 4.392690261691303277e+01 7.612169731018002494e+01 8.932007807822560608e+01 8.486567035344135945e+01 8.928011895624158001e+01 1.032226694540833591e+02
7.236227009332654347e+01 1.233051546824371201e+02 6.504689257549564729e+01 8.257629636207077795e+01 8.329990077391020975e+01 8.152440285408550835e+01 8.487017893067128682e+01 1.025314961315812070e+02
6.652769400526092625e+01 1.142303018103828833e+02 8.504713259047051110e+01 7.464852451875007944e+01 9.000422088056676273e+01 7.899087460581054643e+01 6.199461437748981751e+01 1.014902480182805107e+02
6.426994174384645930e+01 1.192261763364101341e+02 7.956779831788225010e+01 9.667983064806917071e+01 7.208402887955168126e+01 9.214684828106923931e+01 8.141076109553847573e+01 8.535997023382512339e+01
7.374977883633013676e+01 1.223331431768834534e+02 6.625614154309702997e+01 8.623225445988363447e+01 8.643476960166142931e+01 8.595674431161479845e+01 7.434353632379458077e+01 1.037121346711136738e+02
6.061119572816568990e+01 1.173549454662391582e+02 8.075234120094917500e+01 8.326247352132300250e+01 8.261318747462910039e+01 9.105077641071856931e+01 8.050814212079035315e+01 9.780542797170413394e+01
9.058053309271735998e+01 1.260578078506266877e+02 5.946643903931366282e+01 7.218866780761425161e+01 8.948869505081167119e+01 8.621277016561089113e+01 8.288987495052748500e+01 1.092127400290166861e+02
2.366412486270622395e+01 1.217296615119753511e+02 1.082138986030261663e+02 1.035759939302309363e+02 8.433929706730313569e+01 9.729703486124198264e+01 9.626166149936180716e+01 7.844190861173652252e+01
8.040910178521819773e+01 1.250222169112214203e+02 6.629921858404320290e+01 9.284946371211418636e+01 7.594763232771680350e+01 8.249208289925294935e+01 7.806984245684907364e+01 1.033694717925923072e+02
8.600855402174570941e+01 1.174155144755410873e+02 8.881667442357669984e+01 7.989195646065672918e+01 1.045905695238692203e+02 8.400469806984879995e+01 4.124654541773746530e+01 1.051051606591394147e+02
6.983327594518881654e+01 1.261231393134683714e+02 7.489793896185345545e+01 7.699635208636362904e+01 8.544150990199953810e+01 7.734582611121520301e+01 8.640209245628142298e+01 1.009015473168746269e+02
8.678673557922927273e+01 1.281717094102223200e+02 1.024724758957085555e+02 8.971837920802090593e+01 1.117693201912432670e+02 5.682176245770509837e+01 8.169527888547547434e+01 1.059165128624635344e+02
6.155078782097631063e+01 1.252222289226719454e+02 8.188921910169442242e+01 9.326165498348105132e+01 8.567787950686522436e+01 8.998406462985272469e+01 7.390768438609806879e+01 9.424145353408673031e+01
5.861936203145694435e+01 1.177216406236158974e+02 8.316980784101174606e+01 8.171525727939902595e+01 8.051725918533499282e+01 7.575337356423334256e+01 7.391248233273481105e+01 8.954649792218346249e+01
5.760858330536682104e+01 1.164874287557194066e+02 8.824375366075415172e+01 6.841319236523196423e+01 8.965454385738198084e+01 8.231045302946311892e+01 7.512854652087506224e+01 9.636658093770837752e+01
6.210875118719037147e+01 1.213353794969358290e+02 8.816102244747732186e+01 7.147909674511234357e+01 7.666744247090923636e+01 8.167713137543381663e+01 7.069652481163767277e+01 1.076088293696822120e+02
5.852014502341489077e+01 1.217790247854430987e+02 8.939112301632710000e+01 9.048963982722230526e+01 8.012744347047645022e+01 8.577013230010828693e+01 9.025788918112625936e+01 8.901559462684272717e+01
6.939645811079368798e+01 1.176704103611521219e+02 7.530467831176976290e+01 8.843298124549731654e+01 8.107922850825326577e+01 7.946394825816589957e+01 7.622263706054664567e+01 9.262821283432911912e+01
6.461037385623924933e+01 1.148857276665598022e+02 8.526995976313256165e+01 8.564202799828801460e+01 9.047903394215443029e+01 9.234978915530680865e+01 7.360997337330258006e+01 9.721141715455080146e+01
9.313576997752323905e+01 1.462738497819390489e+02 1.016582448387959658e+02 1.132368787672520085e+02 9.607944022462952205e+01 4.605074669032418200e+01 9.974352543239169222e+01 9.121376005807287868e+01
7.066143307938023099e+01 1.138643301293143395e+02 9.047621058635296265e+01 7.535200263840087587e+01 1.016160598755845967e+02 6.395607962749057407e+01 5.861204518856541767e+01 1.007101724290698002e+02
5.559238053423827353e+01 1.189782977053365869e+02 8.421665650646430379e+01 8.555097043900221365e+01 8.310343172877398388e+01 9.146645557656825076e+01 7.653178509433730881e+01 9.468129426811631788e+01
3.082072512626829308e+01 1.230363715371865680e+02 1.150911135644483636e+02 1.056397450719276492e+02 9.349145943116586466e+01 9.646496208141103068e+01 1.128508477496560118e+02 8.440617050604591043e+01
2.938281060890533070e+01 1.196759518125561215e+02 1.208113069560423156e+02 9.704389558891202228e+01 8.640097482888575087e+01 9.302188689944392763e+01 9.777604831530486251e+01 8.694421765801214974e+01
2.616088741249803817e+01 1.213640544115120576e+02 1.081941199177925768e+02 9.773961227225547077e+01 1.006418489706279331e+02 9.458950759073336201e+01 8.777366742315922465e+01 8.015506395080481639e+01
9.086311164675269936e+01 1.288735080132383359e+02 5.541936233812072032e+01 6.955955684376795034e+01 9.851319903543985390e+01 8.360065175697017992e+01 8.214178912420973688e+01 1.133928798192289946e+02
4.527320414087444789e+01 1.210552299962025558e+02 1.041020553997966260e+02 9.866693717222392479e+01 7.579669490169787593e+01 9.982566335759031517e+01 9.478009352279674715e+01 8.982396769222498278e+01
8.472092725175481576e+01 1.273264940880443419e+02 6.178420436332969956e+01 7.023929713151380838e+01 9.426170548598275900e+01 7.579024192395976911e+01 8.420705637808522681e+01 1.038771520296161128e+02
1.720395549259856693e+01 1.190465230916111636e+02 1.136521337937378036e+02 1.028130328369148430e+02 9.785813806170581586e+01 9.844254776664878648e+01 9.798172500736870916e+01 7.574098671677742800e+01
3.489802509443723721e+01 1.181509452966802343e+02 9.995488207652242352e+01 1.040853313444979023e+02 7.838014146168156060e+01 9.651267257935631960e+01 9.854177031831557088e+01 7.830015465485982418e+01
6.123143479045771187e+01 1.205134261707568015e+02 8.134364019342808660e+01 7.860264700408770011e+01 7.668015093369812973e+01 7.940720326481864788e+01 7.250027583599636216e+01 9.648511604700344435e+01
6.938696766584540399e+01 1.232631899583807353e+02 7.761013254523651028e+01 8.782166311481867638e+01 7.741919902747528681e+01 9.755196617073131904e+01 7.339003785317188999e+01 9.767562304473564438e+01
7.328349835939984303e+01 1.225139514694426879e+02 8.057428764903208673e+01 9.365805365958487982e+01 8.225131091553723195e+01 1.012103571895496827e+02 9.197719191858378451e+01 9.856938091940153868e+01
1.196102536026451872e+02 0.000000000000000000e+00 1.346739565349995758e+02 1.271909689971638073e+02 1.500576886770098213e+02 1.448291927657228086e+02 1.279993175298532861e+02 1.374445880144033652e+02
6.608051797659173587e+01 1.245703853910183767e+02 7.492425602010041530e+01 8.645005796764183970e+01 8.045846642391649084e+01 8.153926187959137906e+01 7.624181532424903196e+01 9.714327030229395632e+01
6.303740282054714328e+01 1.188770751127542553e+02 7.690899915653835706e+01 8.087925029867241733e+01 9.307007938032811012e+01 8.149875750876279312e+01 7.789197190548222238e+01 9.734624061320825206e+01
4.408983396079146644e+01 1.283040801025796895e+02 1.122414716242559933e+02 1.009272747708550781e+02 8.376726576155476778e+01 9.440898803302830800e+01 9.492095749490952983e+01 9.854967888054986247e+01
8.462749785132625391e+01 1.222108655627774709e+02 5.811957258033239526e+01 8.530445211437910302e+01 8.257030388344293215e+01 9.131520489702735688e+01 8.305506994716100166e+01 1.076841674860447569e+02
6.773195815440591616e+01 1.193678161064560612e+02 8.817918598961398402e+01 9.159223149832202182e+01 7.857822313953280968e+01 8.653102587687821767e+01 7.897045306552428201e+01 9.282987101007535102e+01
5.059656698187359325e+01 1.239047703950832613e+02 9.526029298723163663e+01 9.484421894832090061e+01 7.907511909601862499e+01 7.048708191480176311e+01 8.498246400233223596e+01 8.030734229085916809e+01
6.222508669113010171e+01 1.202099817953061773e+02 9.391714815980078868e+01 8.625893239062104101e+01 9.633270027403644065e+01 7.312806702261372038e+01 5.794913157596683106e+01 8.602856948962494243e+01
6.833722587048113439e+01 1.177682889863335305e+02 7.991243045289840552e+01 8.111338785415124164e+01 9.349553313754967121e+01 9.398978984034404505e+01 6.678941733578028561e+01 1.022270249279340817e+02
6.069974375385572785e+01 1.158633481517910297e+02 7.743555726543145568e+01 8.911295753665446284e+01 8.174434032660060723e+01 9.281899760618895812e+01 8.287792965211441754e+01 9.227349174029842516e+01
5.921159107353737738e+01 1.181929516581560478e+02 8.645215928449449905e+01 8.371748689141477939e+01 8.578623969863306797e+01 8.068904671836902764e+01 5.983770311792630281e+01 8.871131853781534460e+01
3.717199284677122506e+01 1.198639854364869706e+02 9.973307639054954166e+01 1.023686750911042225e+02 8.065979875387965592e+01 9.785297034605696354e+01 9.020723641144566329e+01 8.178326323472232673e+01
5.272934438641907207e+01 1.159466050222340954e+02 8.725582399316458293e+01 8.589954790594717338e+01 8.341990491684242670e+01 8.693080146778395090e+01 7.908762709468243202e+01 9.173934139447618463e+01
6.979118267061052450e+01 1.347849115916882852e+02 1.085653000114246254e+02 9.189650391732247670e+01 8.738111183696874207e+01 5.812906591242133914e+01 7.422196043664912679e+01 9.319653673794033466e+01
5.717939083917026011e+01 1.195458531620415812e+02 8.724025625938728012e+01 9.216645968636377972e+01 7.744392099135534124e+01 8.789524253423262223e+01 7.915469352366166333e+01 9.090362003902572496e+01
5.294461913012857224e+01 1.231696314456343941e+02 9.731901921405531652e+01 9.125693506628795149e+01 8.199516158897645823e+01 9.006613248052279630e+01 9.177625076647977664e+01 9.010567058476337365e+01
5.582028983011965551e+01 1.198303908173494250e+02 7.982030414015105180e+01 8.175530486971324251e+01 9.248438990570278406e+01 6.335326278440629721e+01 7.920952570445724916e+01 8.130678223339209865e+01
8.772294873301856910e+01 1.296702550200092503e+02 6.975183029196901430e+01 8.308944251282257198e+01 1.013014095310833653e+02 8.183597040241011200e+01 8.094307624579414551e+01 1.134141805987563316e+02
5.776223390598873664e+01 1.306539679945472585e+02 1.144273662948705095e+02 1.000405879858159608e+02 1.162742255290593931e+02 9.736309954328206118e+01 9.883253223098476781e+01 1.080307929941211569e+02
6.485997622872471879e+01 1.172433675847622823e+02 8.114538209785753509e+01 6.912505255538239624e+01 9.565369406350484383e+01 7.874373030922835426e+01 7.674917453738063955e+01 1.015898086984218338e+02
5.785459886680224884e+01 1.196460704792667968e+02 8.572609013492869678e+01 7.783887800302007065e+01 8.761666895636062691e+01 9.238560718389305748e+01 7.470410771340634426e+01 9.814570795267532333e+01
6.909654822358903914e+01 1.195068731013796111e+02 8.134933376928515258e+01 9.464650409598129954e+01 7.908531582601172261e+01 9.058169693536702027e+01 8.303487199309461175e+01 9.451449071666878865e+01
5.579928178679132600e+01 1.160217909335966340e+02 8.501012468167317593e+01 7.621419133980101890e+01 8.975842041363151225e+01 7.878578441800274845e+01 6.445366581342025825e+01 9.441182199402879860e+01
7.669336574062894840e+01 1.313434412503544593e+02 9.548357074043470050e+01 9.237674016300861979e+01 1.045779081742335279e+02 4.981729297859538974e+01 7.093232282743558414e+01 9.329240467538045323e+01
1.036211281869459953e+02 1.374777854422644907e+02 4.393827283333418876e+01 8.564491433424156241e+01 1.043438041593269787e+02 9.188301620659305513e+01 1.016951603353073921e+02 1.114424123205630792e+02
4.115654150735725381e+01 1.220666142153080784e+02 1.061588565431080156e+02 9.365754214920582399e+01 8.221472454269290608e+01 9.133546000845494461e+01 8.506070473897253237e+01 9.149999262680904621e+01
5.928084256744572400e+01 1.207006722687712568e+02 8.929343118608383634e+01 1.005113800222999174e+02 7.288901408156085893e+01 8.498492322217701656e+01 9.056884821324872803e+01 8.439804246912757435e+01
7.692970279500744368e+01 1.243281839425102504e+02 6.439148432636679331e+01 8.318014373200873024e+01 8.458305129681947676e+01 8.699659592896105664e+01 8.976428939420236475e+01 9.797454397279477689e+01
6.185839096728406616e+01 1.252744177205546094e+02 8.413815937133851719e+01 9.248572858850327805e+01 7.975603805371412136e+01 8.010108671523519774e+01 6.463181813433072875e+01 9.017549695144276711e+01
6.757211998893350824e+01 1.220161814498595589e+02 8.845415852192276418e+01 8.993411736907913223e+01 8.116319472688068970e+01 8.531954918825715595e+01 9.048600143609577628e+01 9.492002772648946518e+01
6.468218763276732375e+01 1.201044939515789167e+02 8.585883125360230395e+01 9.466213003690531025e+01 7.914474944261485234e+01 8.232192148661167153e+01 9.167982038107059850e+01 9.226083292672896619e+01
6.693721224291540750e+01 1.265917485529515858e+02 8.436362259530655194e+01 9.326543884395752571e+01 8.215568149818508914e+01 7.872622099045899802e+01 6.047878884976816494e+01 9.004830880915831415e+01
6.878229521736732011e+01 1.159457711572957379e+02 8.842982922960385395e+01 7.994659805130180530e+01 9.939272042268328278e+01 7.897754533166943247e+01 6.184230571658846287e+01 9.937324982705422372e+01
8.719524794232171416e+01 1.242206241742744766e+02 5.111927877199865122e+01 7.134419037883733949e+01 9.137698653707523988e+01 8.237620681673938350e+01 8.130108679922287251e+01 1.066277751139796237e+02
7.771457473173036590e+01 1.146565775181295805e+02 7.573411271131361389e+01 6.981876759311158764e+01 9.695526521159800382e+01 8.105265174489267110e+01 6.485204969377808482e+01 1.072537635924074380e+02
3.502555697654730693e+01 1.210531225541582074e+02 1.135940187857829358e+02 9.192069517829129666e+01 9.184630503063735318e+01 9.581078700646709478e+01 9.093414071612315297e+01 9.289397622080068118e+01
7.202977583825230568e+01 1.237610930491027688e+02 8.565495603274888481e+01 8.538112503202053460e+01 9.144857794534344464e+01 5.709495242327801634e+01 8.592764986186384135e+01 9.713930208806272049e+01
8.915424820494833114e+01 1.205777626018108037e+02 4.845531450307682775e+01 8.200774633888819665e+01 8.975004980203300420e+01 9.122546993612616006e+01 7.946689698285864267e+01 1.110833602503219453e+02
5.920221873770877608e+01 1.320233704238575285e+02 9.400053575174642617e+01 1.064140592834317829e+02 7.977784707379935014e+01 7.669496813824709136e+01 9.833725628937293095e+01 6.891362522854903716e+01
8.238391737989873320e+01 1.261016775533769305e+02 8.181681037717477523e+01 9.356200494250796851e+01 7.286508631706932704e+01 8.430846759901614007e+01 8.476814957783979310e+01 1.076804541246145277e+02
6.946040716067601295e+01 1.215784603594706681e+02 9.802141194313631445e+01 8.974997107936800944e+01 1.013514511469540054e+02 8.060841526151072856e+01 4.993513081040064350e+01 9.025174478305204673e+01
7.345985600160199169e+01 1.243783754248852489e+02 6.864810636350506456e+01 7.925666193069662313e+01 8.457520136675493916e+01 9.098957332413706922e+01 7.312931371078376230e+01 1.026759889447182985e+02
5.341155437404411543e+01 1.221674204520112568e+02 9.315456555898299484e+01 9.270242996195102592e+01 8.835304693991896841e+01 8.130096741788564429e+01 6.719162510400595067e+01 8.814915323244024137e+01
8.876804336354385327e+01 1.268874609116370067e+02 5.332396083227551742e+01 7.567196625182448599e+01 9.127803448561114408e+01 8.637810588728696359e+01 8.920544976405480497e+01 1.069871591911592787e+02
6.159567119318030137e+01 1.165662284183699171e+02 7.986449188761157814e+01 8.914505144447717555e+01 8.413599648054781710e+01 9.101250816061684645e+01 8.340072179413306230e+01 9.387356084865501771e+01
6.766871680272475942e+01 1.167911816969168513e+02 8.946046135863458915e+01 7.669864147429851187e+01 8.098938428168692383e+01 8.225238270365127846e+01 6.486591923879498722e+01 1.056057410953996794e+02
6.258938033656245636e+01 1.203880976155672045e+02 8.252196461953390383e+01 8.303439135948488570e+01 8.754912290635769523e+01 8.654279401311470110e+01 8.665445891172835502e+01 9.950824048017639711e+01
7.137068389726756834e+01 1.196417563139438442e+02 8.208509052924691218e+01 9.143089955653260859e+01 7.971736041142267482e+01 8.654006224795152491e+01 7.930143696638268125e+01 1.003099341538504490e+02
7.123956060445303251e+01 1.192913836313079656e+02 7.237467230836112719e+01 8.158995293756547085e+01 9.511859067746645735e+01 8.645320860834345922e+01 7.585037868163858832e+01 1.025099818308309096e+02
5.781866277306751556e+01 1.210703139769144769e+02 8.889641385831912146e+01 1.034725885675838555e+02 7.318268929978398774e+01 9.065145128553299969e+01 8.872816809450911535e+01 8.054965455885508163e+01
9.973506769906927616e+01 1.255709707710345242e+02 5.471389458360818026e+01 9.899726662968652136e+01 8.998035555031705712e+01 1.011255654211869341e+02 8.880130931296102403e+01 1.137020748936740944e+02
6.740035162912954547e+01 1.140660900162007749e+02 9.341811564319270644e+01 8.098591610921521067e+01 1.079399807597067706e+02 6.850138704668138701e+01 6.865205892303791302e+01 1.019160752701553037e+02
8.248512168141493817e+01 1.225751901306060745e+02 8.523178241618221307e+01 6.691586365771033229e+01 9.869197322027677899e+01 7.443849440141941898e+01 7.096624281919142163e+01 1.150082239733174561e+02
6.613185155837038565e+01 1.166378910980339469e+02 8.312884975091098738e+01 9.671175606948425241e+01 7.913340556756875799e+01 8.819207211914135769e+01 8.710819701333966236e+01 9.266952126103765863e+01
4.500424700650577847e+01 1.236261210156588248e+02 1.058644718341150792e+02 1.073593458661616182e+02 7.558160306992991195e+01 9.300113162955257451e+01 9.719489005682879679e+01 7.441024731907414491e+01
7.898616976284624513e+01 1.216475683704563693e+02 6.407519089340934215e+01 6.237674669616721701e+01 9.644294047057287855e+01 8.054035832034786324e+01 7.264440440848596836e+01 1.053236384459398920e+02
5.691487942679670908e+01 1.185716915827396747e+02 8.355237408500033780e+01 9.321908559479413725e+01 7.966433746158813278e+01 7.665042176729360790e+01 7.779139786195138129e+01 8.771832669404751925e+01
8.215846928726860199e+01 1.229958021344997974e+02 5.992759925037300661e+01 8.107584433791252820e+01 8.596091303035370856e+01 8.596209788685040110e+01 8.130322959054653609e+01 1.077952331799512535e+02
9.261325963848553044e+01 1.268711299886787174e+02 6.959146509779266410e+01 6.431972910140414967e+01 1.036260651382085456e+02 7.520773324144661842e+01 8.946473567756903833e+01 1.098007156173960084e+02
5.866716281816065504e+01 1.148879485112685472e+02 8.333021946660477397e+01 8.366682171706786164e+01 8.704522424850817686e+01 8.995118017704049862e+01 6.489082483852857308e+01 9.786445024787380476e+01
8.074005208004845713e+01 1.337063282471166872e+02 1.170894356058952326e+02 1.029468503508209096e+02 1.143362486496842223e+02 5.422807866268631471e+01 6.459265387241524081e+01 8.074975204860284350e+01
3.106738336001067324e+01 1.241100624314792640e+02 1.106577926333703772e+02 1.023590573532314920e+02 9.602441564722612100e+01 9.329076180666778839e+01 9.589242221384918707e+01 9.396783011121885920e+01
8.249755267941154102e+01 1.128271833749412991e+02 7.249966069631513221e+01 7.602035507347953569e+01 9.964794658366641045e+01 9.343131445402615043e+01 6.671572150528251655e+01 1.082302555858782114e+02
8.687712657019055484e+01 1.223466786212508168e+02 5.714934092296626034e+01 7.218812089797690135e+01 8.773224959452556959e+01 8.596736665954253453e+01 7.612870837956944570e+01 1.086959814247102969e+02
8.866531121261598969e+01 1.090672275087525378e+02 8.528575603493079882e+01 6.569648559358478224e+01 1.162626543811634008e+02 1.015550694785674324e+02 7.753298096075822343e+01 1.236289946949782035e+02
6.529063769659484251e+01 1.200042830570951509e+02 8.337405602333654997e+01 9.000039389707509940e+01 8.169881388372952813e+01 9.056610435186321695e+01 9.150597944757410573e+01 9.748348783487917046e+01
5.446566864602699809e+01 1.201467847709607497e+02 9.269341165949782635e+01 8.258191679237968685e+01 8.240374422074704341e+01 7.853981460921217206e+01 5.950774541030557430e+01 9.624375450349300820e+01
6.465600809066131660e+01 1.197425387134987744e+02 9.019381036267459706e+01 7.241369514974840627e+01 8.946700739915335987e+01 6.579105599091033696e+01 7.894122017416758297e+01 1.039476907424692627e+02
6.361707759464808731e+01 1.171032606017728170e+02 1.009669640372617465e+02 9.251031421255036946e+01 8.001768147717766055e+01 7.011931434958344767e+01 7.489930600887424816e+01 9.036952877994143307e+01
6.434995579785964992e+01 1.182066370412837983e+02 9.514335742259609674e+01 8.316014519830305574e+01 1.002946124951305507e+02 7.816498783996266297e+01 5.359742525525940238e+01 8.872408932794570546e+01
3.774887072903839424e+01 1.194969896149276849e+02 1.168497593251756399e+02 9.321323632080910215e+01 9.780110876757156291e+01 9.885746131004317760e+01 9.523287178330934921e+01 9.071871870628277179e+01
6.329997413664584371e+01 1.270935309684128356e+02 9.253956955323332068e+01 9.905100144520280026e+01 8.805542039825805034e+01 7.003668410191906446e+01 5.917293191850164646e+01 8.285985087242494274e+01
7.633132328879598560e+01 1.374884620672606275e+02 1.144382162026592482e+02 1.126298444820500180e+02 7.738606411644008176e+01 6.152719361281532429e+01 9.620479780415917048e+01 8.936753413931751311e+01
6.284176450767783706e+01 1.177250280652068284e+02 7.758815424479510625e+01 8.942962047240825996e+01 8.030661495659010995e+01 7.851169346373869473e+01 8.205711824720140157e+01 8.838117453082232089e+01
9.875096460481924510e+01 1.281091389966250915e+02 4.322262379024802215e+01 7.270246890308153809e+01 9.943857707259785172e+01 9.543658522278839484e+01 8.562897536875745175e+01 1.176816434518924126e+02
6.342323744751135450e+01 1.213297636698698057e+02 8.327332298821626466e+01 7.597017080059121952e+01 1.027189382254642140e+02 8.372780168907142695e+01 6.562170378131982318e+01 8.907760460851504547e+01
3.376316012301562353e+01 1.297749570244963877e+02 1.166964114798764030e+02 1.022899495851653171e+02 9.986047089328772586e+01 9.688082245092685696e+01 1.035408743317406248e+02 9.346448058846837625e+01
8.156537522921237837e+01 1.195667873011696543e+02 5.660827065504712863e+01 8.140184313142100336e+01 8.822947917159569897e+01 8.648419809450319917e+01 8.012565981563150785e+01 1.063231896702334467e+02
4.235104636259946176e+01 1.289565482587181862e+02 1.159536090347380508e+02 1.148372323512100479e+02 9.857236147566963780e+01 1.073433797545146717e+02 8.146482754166837026e+01 6.591849679788290928e+01
6.731896568527953661e+01 1.236483409038699506e+02 7.543893368562039825e+01 8.430993598753416052e+01 8.038064805797749557e+01 8.874898401167551754e+01 7.160410068613879275e+01 9.970750835427756442e+01
7.555050058729349871e+01 1.220791197206820016e+02 8.152199826924295678e+01 7.846976817725244757e+01 7.993815080460309730e+01 7.485927116135904669e+01 7.273512149456674081e+01 1.007628854695641394e+02
6.333086479294465221e+01 1.183768964402364929e+02 8.556871830363256493e+01 7.486469875493401105e+01 8.569094988989745332e+01 7.919403314464545929e+01 6.398696001349010487e+01 1.007847715244584208e+02
1.481768954428620866e+01 1.184309966003116159e+02 1.134439987188016090e+02 1.007691111812809197e+02 9.583997987371010652e+01 9.622404877263288370e+01 9.743661864039030718e+01 7.339260535199004210e+01
7.048988862233251496e+01 1.148954810442805581e+02 8.168652271201149517e+01 7.934154022013007079e+01 9.259135378692329255e+01 1.005508575832214007e+02 6.363002902544867823e+01 1.073081493054957889e+02
9.028034445200169955e+01 1.313127518236592834e+02 4.807646991173255913e+01 6.867994371531469255e+01 9.438777858719657843e+01 9.260438542101458381e+01 9.431271132779392019e+01 1.087176299512059643e+02
8.506350308803266103e+01 1.124399528251730658e+02 6.487769916659669889e+01 7.665980507781330289e+01 1.066836974792765176e+02 9.381056420887905745e+01 6.577245619797425036e+01 1.159341882765839955e+02
