2.845421158340901613e+01 1.278457569096917723e+02 8.951063393816913560e+01 4.339049747393988810e+01 6.978760645618476133e+01 5.372462160110666929e+01 1.108811962336612567e+02 3.678227440269192527e+01
0.000000000000000000e+00 1.257223979385901771e+02 8.042759008113702635e+01 6.631679384331822291e+01 6.342883921041722317e+01 5.923319155049937024e+01 1.031408676921232228e+02 4.911636455923575539e+01
5.277120995716139618e+01 1.245259154075953774e+02 9.658763656796834596e+01 1.991454872056976910e+01 6.911637728743897924e+01 6.525452155706773283e+01 1.119004658644940378e+02 5.012902996287037638e+01
2.539828863879515453e+01 1.274044237720858348e+02 7.921092351367848039e+01 5.581372935436188953e+01 7.809011239264962967e+01 6.063117578340042968e+01 1.083457287209497792e+02 4.540102253906687224e+01
3.833523405499892078e+01 1.288009489574795907e+02 9.776867380224445014e+01 4.016477050803230497e+01 7.782679364594950755e+01 4.161472148170774688e+01 1.153217931327128838e+02 2.597588857739326684e+01
4.905803227472247841e+01 1.264049289463096386e+02 9.717041219527551732e+01 2.141771237757471624e+01 7.139256081433856593e+01 6.454819297196142713e+01 1.133625386409758704e+02 4.712674756231518813e+01
4.721131880275986958e+01 1.260089669326366675e+02 9.624932389389151410e+01 2.281981142087558467e+01 7.247976530149563246e+01 6.171899901176485059e+01 1.127064926671981056e+02 4.479495945630071674e+01
5.569871606522004726e+01 1.273671507432574543e+02 1.015653385679541856e+02 1.529899591825586569e+01 7.430163307286812824e+01 6.416964361935895056e+01 1.162380699002650601e+02 4.753545954085014813e+01
5.290466661991935382e+01 1.285280374736109366e+02 1.012924959072446143e+02 1.657068598007257165e+01 7.649935339690588876e+01 6.361719176498947803e+01 1.162823418674230425e+02 4.553068602636172812e+01
3.685112494433953145e+01 1.228709796058163590e+02 9.473803841285621274e+01 6.286010619253971754e+01 7.809176287242424053e+01 2.812543305668182114e+01 1.098059649285298889e+02 4.427134651538065668e+01
3.531515406590482087e+01 1.280934359731525944e+02 8.931504003837891048e+01 4.383424170840809353e+01 7.874353743624351409e+01 4.295105235778862607e+01 1.111163426739880578e+02 3.299655274802702110e+01
5.111492133502227375e+01 1.279226373550028910e+02 9.893904868670276187e+01 1.779339856578079448e+01 7.704226551975570203e+01 6.126238684860092576e+01 1.144883285244077626e+02 4.286463143961751854e+01
5.504537798827453088e+01 1.242331899043113452e+02 9.600697735132820299e+01 1.758910971843858206e+01 7.344983470350030075e+01 6.248884763068546988e+01 1.106671337161228905e+02 4.627771418051542440e+01
3.545130362318656836e+01 1.303307273850989532e+02 9.489362533510481512e+01 3.746040571128596497e+01 7.669709220446348752e+01 5.454814642119954726e+01 1.145174779177763753e+02 3.470456713958351003e+01
2.911724584774522739e+01 1.274843619758896835e+02 8.294232456059938841e+01 5.127247921819671461e+01 7.736237845499150012e+01 4.666270883157507399e+01 1.093942978346643429e+02 3.862824440602677356e+01
5.457345581296152659e+01 1.287244771977843243e+02 1.007854173035880478e+02 1.436323817767798694e+01 7.922541193720657304e+01 6.183405750804788426e+01 1.161937419436376189e+02 4.439946922002771856e+01
4.376663826061419371e+01 1.292848025406404417e+02 9.974299215196867863e+01 3.399345386108154798e+01 7.931938257401615999e+01 4.491203793266456046e+01 1.168347632348074967e+02 2.683221153848423768e+01
3.803553010707541659e+01 1.197597162532966024e+02 9.298223233864369774e+01 5.630602691975737173e+01 7.298191950896868718e+01 3.137273702746295001e+01 1.073744025800879029e+02 4.054858996684312444e+01
5.161922561092345063e+01 1.258366657523975363e+02 9.444741983055818935e+01 2.400328338534195538e+01 7.423144387441510617e+01 6.349679617097107354e+01 1.097327667945680076e+02 4.818045382002825505e+01
6.160432519154383613e+01 1.268518244402496435e+02 1.032324280919581412e+02 1.014536889749205884e+01 7.724399601602475229e+01 6.579156733758844666e+01 1.155255832304572863e+02 4.948436682682135768e+01
5.258119111770533038e+01 1.269521943459508719e+02 9.921331402091078644e+01 1.625935651213844224e+01 7.518919160622945697e+01 6.350568528947471236e+01 1.141775919059703028e+02 4.539174690379586963e+01
5.778975256442735287e+01 1.306176398055654317e+02 1.035027104294076992e+02 1.371461240056318864e+01 8.188689842760335580e+01 6.070767353053183513e+01 1.194861722006460383e+02 4.283694951606659629e+01
2.412658795366678532e+01 1.270474623167732773e+02 8.353301412356852040e+01 5.782773560652539402e+01 8.084535407067131985e+01 5.675744291833842681e+01 1.100590164528448298e+02 4.355824214525210181e+01
4.633584051660412939e+01 1.179948144126225458e+02 9.346766839321711018e+01 5.322877828911534692e+01 7.111250409225974067e+01 3.104673226959737420e+01 1.057166550753810839e+02 4.359247220748637375e+01
4.121319470969259413e+01 1.286995485927338621e+02 9.463229433981899774e+01 3.146731093771465027e+01 8.116938859797991768e+01 5.057949155143943898e+01 1.148072418145095526e+02 2.934617980818050853e+01
3.837427538481831846e+01 1.204362875861238820e+02 9.198047309025984930e+01 6.131281875745956000e+01 7.641594658389550432e+01 3.353771851483845978e+01 1.062212304781488257e+02 3.698803296504254234e+01
3.887189081368578769e+01 1.190622505906722921e+02 9.293911574790192276e+01 5.711169329883698254e+01 6.925895417471819826e+01 3.251512348244343542e+01 1.073843099914927706e+02 4.046101850073583961e+01
5.088462075481017166e+01 1.256637399179820989e+02 9.551955128552098984e+01 2.037242128107892825e+01 7.549590550633354269e+01 5.994618726636980455e+01 1.110615819133130060e+02 4.456007326402969682e+01
3.952506804955888953e+01 1.200736349466806274e+02 9.559876859640331759e+01 5.673478695154508245e+01 7.647691029763886661e+01 2.794510501440633377e+01 1.082993959518969973e+02 4.051298797197092227e+01
3.742134852799960498e+01 1.285477169407029123e+02 9.507809042488659657e+01 4.255305970370427104e+01 8.388301869401044542e+01 4.102627184964361362e+01 1.154091990185289802e+02 2.166289822960544953e+01
3.976913298134119401e+01 1.271399860634698911e+02 9.329400702039292526e+01 6.715620846270425659e+01 8.557674992245230783e+01 2.563941922517419414e+01 1.117119694976197479e+02 4.697223829180336452e+01
5.108065159090533314e+01 1.259910312630976961e+02 9.640915724261321884e+01 1.789803114959185493e+01 7.462609315882875194e+01 6.139704282521387313e+01 1.126855330369933341e+02 4.347714991126687778e+01
4.911636455923575539e+01 1.297241756333107503e+02 1.038189686126652873e+02 4.955856037724188212e+01 8.916221489104862030e+01 4.844792382087375415e+01 1.220718545117657641e+02 0.000000000000000000e+00
3.783567287319085182e+01 1.218548386771146284e+02 9.375102784053375160e+01 5.695065198746029722e+01 7.259804256902963004e+01 3.175938677138569943e+01 1.093532538212816405e+02 4.353905051899320000e+01
3.656585539577579169e+01 1.241073827340148483e+02 9.054910736118974057e+01 6.217479509224482825e+01 7.370411943153882817e+01 3.151385924539353667e+01 1.080879451873977644e+02 4.752665364821058347e+01
3.805768527709941651e+01 1.237982834119451212e+02 9.651382108546738436e+01 5.763151063048091061e+01 7.603016918454017059e+01 2.872664810709213512e+01 1.124388231808379288e+02 4.002932971118956118e+01
5.740308253183362552e+01 1.269927704460493203e+02 1.024394800402691175e+02 1.262975181920841905e+01 7.715432208889269816e+01 6.358457178836078327e+01 1.159095613925616277e+02 4.676856342773034925e+01
2.092628991798863680e+01 1.244156181808423725e+02 7.480689874540294682e+01 6.602071886935863176e+01 7.339847525708310627e+01 5.879517792858263192e+01 1.036650162933547676e+02 5.451400868806568667e+01
2.281016898827872552e+01 1.267830790784006183e+02 8.003159143976128576e+01 5.760048477440209069e+01 7.666668422639115477e+01 4.763846477183541595e+01 1.077441058171049093e+02 4.279999381874812059e+01
3.262561760135812250e+01 1.308410084475547706e+02 9.567858704167558415e+01 5.613276146514984077e+01 9.010662651342906315e+01 5.176627499128581888e+01 1.176319259380340867e+02 3.335355789076879773e+01
3.506312565604417841e+01 1.212696738340473104e+02 8.471457352653560235e+01 6.237975539304827777e+01 6.849680984582604992e+01 3.583552811470354982e+01 1.025221676806069411e+02 4.795973532139259987e+01
2.565460497779229954e+01 1.266792091438021970e+02 8.127135239169004421e+01 6.211848560305344336e+01 7.916048621071955438e+01 4.993715861807744005e+01 1.082148592867302455e+02 4.559239313656535586e+01
1.807888303513948713e+01 1.266117841122220113e+02 7.720936732993314422e+01 6.038659391975858171e+01 7.156475509088545550e+01 5.096481770589550564e+01 1.047090182252353401e+02 4.623518426802876746e+01
2.429656057265039593e+01 1.284422453211674053e+02 8.636308166975017286e+01 5.450178054568093700e+01 7.872609901866917426e+01 4.639710774605744348e+01 1.113285196578667637e+02 3.682156236004307459e+01
4.451608322010688568e+01 1.240652478552328120e+02 1.012956983284917101e+02 6.192933472373209014e+01 8.284006195219970436e+01 2.315113763576951555e+01 1.145861586843614077e+02 4.449855796514331274e+01
2.457603662771618858e+01 1.258389520266796353e+02 7.828864100154396510e+01 5.059819556483524394e+01 6.614047412669272319e+01 5.641066703009087036e+01 1.041045237914745343e+02 4.615072049279074662e+01
6.556188569671130040e+01 1.295134339858885255e+02 1.089774349815712782e+02 5.549881262454746889e+00 8.136784473011850594e+01 6.749915185889102531e+01 1.199220171138243387e+02 5.058709417864693592e+01
3.317637070672691380e+01 1.276734121865600713e+02 8.828225256299640478e+01 4.235523116889815753e+01 7.783588319734204219e+01 5.425325911288900471e+01 1.105234427580533634e+02 3.608057179295411743e+01
4.891035455016649536e+01 1.266244715767152513e+02 9.640252421326984233e+01 2.169210397126094492e+01 7.234468864926955689e+01 6.471620133628282190e+01 1.122884846791713045e+02 4.888726522569097455e+01
5.522108595354357874e+01 1.271499075195776243e+02 9.993394057513603457e+01 1.478169225207129145e+01 7.506387040074795891e+01 6.462483310010061643e+01 1.142086710568278107e+02 4.844766126492997671e+01
1.513074254817134801e+01 1.286765286387749825e+02 8.265571175186784103e+01 5.948194958205830574e+01 7.351623986075470896e+01 5.808368967465928989e+01 1.094109810274073595e+02 4.425183663996393335e+01
4.582863709727519108e+01 1.176626807276375501e+02 9.281184132884447990e+01 5.783904046015741329e+01 7.515100531140886631e+01 2.719529736229807071e+01 1.056832817437199310e+02 4.236456155449607053e+01
6.068613976486030026e+01 1.266990010697544733e+02 1.025799349407632945e+02 9.589055560775474163e+00 7.677852662169102871e+01 6.669930685515458890e+01 1.152623148571089899e+02 4.873081039669479253e+01
4.099457225721401699e+01 1.188422474220983105e+02 9.262942707532610598e+01 5.766918429607996188e+01 6.981675875586647351e+01 3.300486875789271579e+01 1.072322151305137510e+02 4.447643267780291154e+01
4.317718042821304181e+01 1.226642573097694253e+02 9.943335259278445903e+01 5.463579741197581541e+01 8.052211207095353984e+01 2.656987536589296184e+01 1.128805201920892358e+02 3.881491805094546521e+01
4.116136922231241613e+01 1.275749758081716436e+02 8.590449743553891437e+01 5.540743029865892311e+01 9.397949465671986502e+01 6.154096447886515620e+01 1.118638567591031432e+02 5.465318814530979097e+01
4.768976224789982865e+01 1.209808269307950326e+02 1.023147170171172320e+02 6.579414657751605944e+01 8.332211199562443937e+01 1.971211069629904244e+01 1.128278584742176633e+02 4.609955982037603661e+01
2.008833856994773726e+01 1.284788079795831948e+02 8.558636000138460531e+01 5.453660759952683890e+01 7.066828465241293600e+01 4.886682755351667140e+01 1.097605590434860119e+02 3.930512686808623357e+01
2.782923231116886953e+01 1.261067917267608607e+02 8.448077251911013263e+01 4.696258438200966623e+01 6.933485141676912633e+01 4.702834422981668183e+01 1.069580664297301809e+02 3.830134170488736345e+01
2.862673898233625280e+01 1.273427170595347775e+02 9.229574483701800602e+01 4.207747428992227867e+01 7.514568959393302805e+01 5.020269863218344142e+01 1.127644088141873766e+02 2.956727177243474358e+01
3.512891071344333227e+01 1.304096547347488979e+02 9.605022421247478803e+01 3.937031185450958048e+01 8.175224512170854041e+01 4.862589525333017804e+01 1.166370575513585095e+02 2.830521466837876332e+01
2.524858659565567720e+01 1.285186547936544628e+02 9.207955150576982817e+01 4.942444772535939990e+01 7.953494254297768862e+01 4.284458928747084627e+01 1.136646022893402517e+02 3.032197257173471172e+01
5.923319155049937024e+01 1.221425435156241122e+02 1.037457888734477649e+02 6.880052319951414574e+01 9.606204113651966736e+01 0.000000000000000000e+00 1.148177239959599660e+02 4.844792382087375415e+01
5.418675830111396152e+01 1.259837157622573187e+02 9.517879031148221713e+01 1.755608452614221449e+01 7.736186527053207840e+01 5.841217384650127542e+01 1.115156267723452714e+02 4.317450637931966639e+01
2.249740621892275172e+01 1.271137347749348692e+02 7.890965820249182627e+01 6.144315361861309555e+01 7.640219020262341587e+01 4.935157198932256506e+01 1.074237042149231343e+02 4.624613205945131256e+01
4.524113932399039584e+01 1.282448419836765083e+02 9.752864985901923944e+01 3.520809109716727647e+01 8.067558435588284738e+01 4.152252247493869675e+01 1.138152050484741835e+02 3.016430768113268357e+01
3.820889721033189090e+01 1.135621300876395736e+02 5.756413925197226433e+01 7.015816238973772556e+01 4.653636868706114171e+01 6.717418032535965722e+01 7.932832168827728481e+01 6.890464228984166084e+01
6.375012785419111339e+01 8.868398280214196916e+01 3.132349821491317599e+01 9.491769293457944912e+01 4.071425059620160880e+01 9.079980242778844968e+01 4.978103427846345141e+01 9.263122030125657602e+01
4.932345324385283192e+01 1.014570328828462493e+02 3.914051870085323515e+01 8.950498550665274422e+01 4.451123051475514103e+01 8.122935022675711991e+01 6.502409161868671106e+01 8.222254253849897054e+01
7.755742441274557564e+01 8.074572658393188362e+01 3.238044685870089268e+01 1.044709026569671124e+02 4.866063740164883455e+01 1.014215729698724999e+02 3.627879100597224493e+01 1.044137206393131265e+02
1.240569508736999325e+02 1.530388330114699613e+01 7.689054900891295574e+01 1.272638786353878544e+02 9.238458726899132500e+01 1.222284041561452312e+02 4.691795296841634411e+01 1.296768836599125336e+02
3.095047043181862634e+01 1.179554766078013728e+02 6.825192088972403326e+01 6.560281997449997959e+01 5.052961782015822934e+01 6.125598637197987983e+01 8.766573022831903472e+01 6.048302985502929374e+01
7.407760666583359921e+01 8.030219880977094249e+01 5.357262358378287104e+01 9.468101053265695555e+01 2.221080133222023179e+01 1.008807137997337975e+02 5.348012190100187979e+01 9.915833973419668723e+01
5.546650612837795080e+01 9.991470049354437322e+01 5.518195543539615500e+01 7.933732773853412823e+01 1.586036568445488371e+01 8.794141478540562673e+01 6.824693458992709338e+01 8.467353318045981325e+01
5.936937515761672302e+01 9.601738412434703207e+01 5.485805970210191873e+01 8.096026938859233724e+01 1.383783747346980419e+01 9.221580513295113235e+01 6.528813982142263228e+01 8.750274975193421767e+01
6.065301970200424364e+01 9.846707151624701737e+01 6.541496952882955895e+01 7.486757756199304481e+01 8.663342258775305282e+00 9.442143632951750476e+01 7.361105318410218956e+01 8.691847070141992049e+01
8.863202230620812827e+01 6.805509908369877792e+01 4.239567801826954963e+01 1.099664862092942172e+02 5.570397535949709322e+01 1.083517066462893013e+02 2.070872036251418535e+01 1.124433698546744012e+02
2.099626396222944891e+01 1.196032622928892835e+02 7.463754161206472304e+01 6.115961155560032836e+01 6.112209981560783234e+01 5.261651681713192374e+01 9.679143346480303478e+01 5.038699420535261453e+01
1.255026197441356857e+02 5.762230122163729540e+00 8.430915651201769379e+01 1.283653681597402283e+02 9.527754374489802558e+01 1.214176603727427306e+02 5.363444270085852850e+01 1.293984404374758128e+02
6.150550451520293649e+01 9.713068488913185661e+01 5.932894252858725537e+01 7.851379746444051477e+01 7.776442271586089916e+00 9.553294554696337570e+01 6.949627688157664807e+01 8.739263741039412992e+01
8.189497696311795494e+01 7.218979413714716031e+01 4.661365342194647354e+01 1.034290395704933161e+02 3.798821153672987805e+01 1.033452342194129585e+02 3.836130338089284209e+01 1.053936101439113457e+02
2.440889338099832173e+01 1.214450849862701460e+02 7.433738560062633383e+01 5.591225865857497723e+01 6.033332010227225339e+01 5.164658435871741204e+01 9.759368458702324745e+01 5.084678772067844221e+01
2.542062502468357721e+01 1.215617945802979705e+02 7.141584481562749431e+01 6.220470769463211269e+01 5.418230460594005393e+01 5.504665927309560658e+01 9.300002188203215781e+01 5.615242391983198900e+01
2.700757484210086545e+01 1.213710815888050831e+02 7.429552786154900446e+01 5.602687927824476333e+01 5.854352482959682646e+01 5.353200536992270742e+01 9.603695304627170515e+01 5.148234222257553938e+01
3.193971153070917879e+01 1.166043213467526272e+02 6.444607870208250233e+01 6.728418893266973555e+01 5.122731055004089029e+01 6.209542678830271711e+01 8.605057918635657188e+01 6.301015762247409668e+01
7.872649044876331459e+01 7.431740613242830307e+01 4.309241754176534300e+01 1.009171148374680911e+02 3.542439495603142774e+01 1.013732822702520622e+02 3.885779603051275188e+01 1.037839461269133210e+02
5.057765307901254204e+01 1.026645650105467524e+02 4.857631137502600183e+01 8.740491081187822431e+01 3.543348342986171673e+01 8.725861922958908679e+01 6.424745436401163090e+01 8.551730409594378557e+01
2.341735638981629819e+01 1.221199264713324766e+02 7.044876026185011142e+01 6.629439113263892125e+01 5.784257576700699133e+01 5.669121988737607865e+01 9.299104854396706799e+01 5.646521213833712949e+01
9.304599096480374953e+01 6.151341839744149809e+01 4.686816210825417528e+01 1.118479613350343840e+02 6.143135433941560564e+01 1.090124495573091110e+02 1.454644492534023570e+01 1.159857177340264087e+02
7.102236465114425812e+01 8.474284421964577518e+01 5.058155142807672888e+01 9.189477589316645378e+01 2.026447650165640013e+01 1.009172862555739982e+02 5.542275537362705506e+01 9.663526466932650294e+01
6.339789167864576314e+01 9.563214595436393495e+01 5.878357422223469086e+01 7.992441516741398289e+01 6.218323152175762480e+00 9.773024074271307882e+01 6.806608253949426057e+01 8.882634644684637237e+01
3.189921385105412455e+01 1.219045655241341990e+02 7.091463078594391334e+01 6.728810649397115640e+01 7.957783109862097604e+01 5.744485051207821869e+01 1.022567837511708007e+02 5.719131118020158056e+01
4.827283751261641243e+01 1.081905655817889595e+02 6.653546509230885420e+01 6.538526017925617850e+01 2.404179698536617948e+01 8.193148522231084030e+01 8.116244230700114315e+01 7.687449822625673335e+01
3.170264275338301729e+01 1.145933040817715352e+02 6.397837441508486478e+01 6.748764603827866893e+01 4.642768885143751589e+01 6.397126874759298687e+01 8.436371495589727942e+01 6.403565764592772780e+01
2.659549917353605153e+01 1.217320519858489263e+02 6.805372622281608130e+01 6.457844370867448447e+01 5.688774266917833700e+01 5.689537451745960084e+01 9.168114427413223666e+01 5.789619446033898953e+01
5.006378006159819449e+01 1.036174370962621794e+02 5.117475114911031397e+01 8.229346879123870906e+01 3.562829084820027248e+01 8.582022679071182836e+01 6.547554316105608052e+01 8.365783837196030959e+01
6.903160682738020171e+01 8.456983355214572384e+01 2.523413356369191618e+01 9.831871283388395000e+01 4.399528507591768545e+01 9.300069588329989756e+01 4.483148431020364910e+01 9.648860000727007957e+01
2.145097698882344872e+01 1.227690184616210587e+02 7.114108941400540687e+01 6.706116435741462567e+01 6.900020336629384587e+01 5.766534755289396230e+01 9.884785844624629192e+01 5.355742273094526951e+01
6.134569487586408343e+01 9.315150897064552282e+01 4.987659484426708900e+01 8.568477209196781530e+01 1.766915738477127462e+01 9.290464884988443828e+01 5.994372878900258428e+01 9.019583153165450540e+01
2.469045019616631009e+01 1.211752562719054822e+02 6.693603983559850690e+01 7.196392894079907876e+01 6.605064976203659910e+01 5.786222609727639110e+01 9.406455990619940621e+01 5.850895698480047713e+01
7.409996693131506618e+01 8.076754604480785815e+01 4.109975515607186480e+01 9.751254101840363830e+01 3.596607216760268244e+01 1.018392443234408091e+02 4.119206189603693957e+01 1.012698684834938661e+02
1.031408676921232228e+02 5.206402479181238618e+01 5.023309600101291039e+01 1.183907471284832127e+02 6.957779558761846772e+01 1.148177239959599660e+02 0.000000000000000000e+00 1.220718545117657641e+02
1.210594296478462724e+02 3.281957477390105282e+01 5.963240904520785080e+01 1.255808766558782139e+02 8.718641548976269462e+01 1.223783671091881473e+02 3.458382262169664045e+01 1.296612203616450927e+02
3.359825237313427948e+01 1.183633328873846438e+02 5.810939457238485062e+01 7.806237360906455081e+01 6.609294685843117634e+01 6.620172410232743232e+01 8.796374281883745994e+01 6.922421059188884840e+01
2.325219607312714842e+01 1.213843769262727363e+02 6.620852021690011213e+01 6.194709854633375556e+01 6.607196338103868527e+01 5.593766464928401660e+01 9.582356727013323905e+01 5.537157569911144606e+01
7.544352458421727192e+01 8.086420415293470398e+01 4.279523965967342036e+01 1.015360743111920243e+02 4.398415319856554362e+01 1.022159798245251636e+02 3.742911780988958270e+01 1.031259965546352930e+02
3.234691958240544096e+01 1.177140024120889734e+02 6.249648987932130950e+01 7.030851072531388013e+01 4.990941195985213596e+01 6.230788203316684104e+01 8.482510631842701798e+01 6.396674391551280081e+01
6.003112154122403865e+01 9.226076850674617447e+01 4.793004023078267295e+01 8.892953568537346598e+01 1.929158459526662028e+01 9.212237183837217458e+01 5.717926080290038016e+01 9.118811448057634550e+01
7.443849006600966334e+01 7.984924100744639475e+01 4.120954457974781349e+01 9.836350206038791555e+01 3.593010658999777007e+01 1.013473262521104346e+02 4.088350995342442928e+01 1.018393066381905356e+02
1.059875951119478827e+02 4.607724352494100373e+01 5.512465781547229682e+01 1.193680547013985489e+02 6.919232503360957764e+01 1.145669980737493177e+02 8.818571766968879899e+00 1.232914978018570480e+02
7.009798755155836147e+01 8.822456491670040180e+01 4.666958140583401615e+01 8.931562600615913539e+01 2.412380117026536297e+01 1.004066202174058873e+02 5.427352392056221220e+01 9.566998367826515448e+01
2.310440664547346756e+01 1.216997719401345677e+02 6.614013128751220449e+01 7.011328130527124358e+01 5.899302108183970716e+01 5.960524398416395542e+01 9.149174037344860722e+01 5.922914343079376920e+01
8.675774787951414169e+01 7.188602956124891818e+01 3.589252095318334312e+01 1.092232398130111477e+02 5.620151444764915283e+01 1.061238258731632698e+02 2.497293178012716908e+01 1.104067305469696691e+02
2.568648684597597054e+01 1.215972474117131981e+02 7.910817345067709994e+01 5.985289438987874178e+01 6.013206675798394230e+01 4.836953846474570895e+01 9.877228591946197866e+01 4.766221334748138361e+01
2.848371520710105642e+01 1.208813786324660668e+02 7.425493080728520567e+01 5.901053275467085513e+01 5.297831542232110991e+01 5.528670218671425118e+01 9.380751633112490140e+01 5.440715468507809049e+01
9.830708014760851654e+01 5.697256437231004611e+01 4.700450152877113652e+01 1.160119821894137147e+02 6.399932370575984919e+01 1.106813920170600198e+02 1.191107954464865593e+01 1.182145565968408505e+02
5.217845074532444727e+01 9.980089944332023322e+01 3.691307571312477620e+01 9.087929272133079905e+01 4.512811513682699172e+01 8.267546955348721838e+01 6.234461132862561072e+01 8.369426251451390897e+01
9.098591215162926460e+01 6.472810048822810813e+01 4.339966913100503376e+01 1.107970960146025021e+02 5.576919081753595009e+01 1.087116365215529470e+02 1.826092788509117781e+01 1.139189961413919292e+02
7.111085651570036248e+01 8.971187284088237845e+01 1.536500579486285467e+01 1.036118093502548589e+02 5.470725006018851388e+01 9.727172806113181025e+01 5.361383403613236709e+01 9.831941932787856331e+01
6.909485541608346182e+01 8.567478980443540593e+01 4.750329032988636158e+01 9.144520307882150689e+01 2.062752107523013834e+01 9.945795811852802615e+01 5.363450550421968899e+01 9.613732118289462392e+01
6.085968718756932816e+01 9.666276090562071488e+01 6.178146784791599799e+01 7.807444730577797998e+01 5.002201491994324734e+00 9.483160773592646819e+01 7.012975724042979664e+01 8.726681668226446220e+01
5.259700565806399197e+01 1.005372110018271030e+02 5.553457210222467211e+01 7.737729763418359141e+01 1.885816399394824217e+01 8.286549938234509227e+01 6.906129452210393538e+01 8.235790865994218279e+01
5.689995151790088812e+01 1.019528093240603539e+02 6.294036321869895545e+01 7.354086908374728182e+01 1.386380323806824677e+01 9.226646114218146977e+01 7.438959193103762857e+01 8.407897955755488795e+01
5.854499732877547302e+01 9.915161075202482266e+01 2.651478061219343729e+01 9.287078433796068566e+01 5.388051522561607243e+01 8.755857446788319010e+01 6.408616950750891306e+01 8.695786143972088666e+01
9.967643568293905787e+01 5.407313750814288511e+01 5.001445215128679678e+01 1.160179286361363040e+02 6.358217494884713261e+01 1.122785237737099209e+02 8.594466974064948417e+00 1.196457202796311776e+02
6.137002973040763720e+01 9.691654503918282160e+01 6.029169827058237274e+01 7.762338901527199653e+01 8.137857362418271734e+00 9.508315956148105386e+01 6.998052954984551377e+01 8.719919181299103172e+01
5.038274520888791130e+01 1.012382443252663506e+02 3.685694359280969934e+01 8.865134848092375819e+01 4.535689563762979049e+01 8.118986654030966577e+01 6.502293055817871448e+01 8.189980691579603445e+01
7.073490988305694316e+01 8.698874190866352762e+01 5.377808318984143199e+01 8.836626019814684696e+01 1.372558796243883883e+01 1.016854482472983250e+02 5.950002202643126026e+01 9.535202551266282001e+01
3.174464664454540497e+01 1.200590125395616354e+02 8.078332838852931275e+01 5.302778878367724502e+01 5.092289880559045656e+01 5.440166753794047594e+01 9.860686564580625202e+01 4.916669745549197756e+01
2.364487556009311220e+01 1.214611294515326563e+02 6.847150719604465507e+01 6.254714407910741869e+01 6.395949596121409542e+01 5.341528849859066241e+01 9.489454242945768669e+01 5.416908624240926429e+01
5.980780850888034195e+01 1.291343503059449631e+02 1.048737869914775160e+02 1.151232234858961156e+01 7.733025896186211412e+01 6.864637445155571527e+01 1.169782976932295639e+02 5.189763080410532581e+01
6.339008329304147082e+01 1.297669793881173632e+02 1.071272904820790188e+02 1.080394065679358029e+01 8.182444008110716993e+01 6.472006976490420982e+01 1.178589876342981313e+02 5.160490114869641332e+01
4.627722600598345082e+01 1.187218500628176372e+02 9.412861149057820853e+01 5.271141298059110625e+01 7.766666414476910063e+01 2.704174344403934782e+01 1.079895823503952528e+02 3.762999453655856996e+01
3.164757191288240179e+01 1.291251727617776055e+02 8.794283234195107468e+01 4.521430128271377669e+01 7.656632289611133046e+01 4.937477097578489094e+01 1.128326230130886216e+02 3.749604057644692290e+01
4.406506777607299341e+01 1.171430171149236656e+02 9.486511497565953732e+01 5.524742913948181666e+01 7.029419581638478576e+01 3.106134402897059488e+01 1.075858453600934581e+02 4.235513639465911240e+01
3.848978582825407102e+01 1.226782506863570887e+02 9.676348664520793363e+01 5.808976353035977525e+01 7.568234181656133330e+01 2.928801764042849243e+01 1.120079032906151042e+02 4.340876425505861391e+01
6.163220480299315795e+01 1.297482395377103330e+02 1.035627097230230760e+02 1.014488238454710256e+01 8.303200692583443754e+01 6.315232359888391045e+01 1.185875383047016953e+02 4.546518710604523505e+01
4.188908332169055626e+01 1.229529514422373069e+02 9.796180064254109254e+01 5.491541973989644276e+01 7.902142855176373359e+01 2.743547887042279854e+01 1.129236144053988511e+02 3.975095764274869481e+01
3.270285019058589171e+01 1.284118308261114692e+02 9.039529616052675465e+01 5.625411439996793916e+01 8.951542497956921807e+01 5.715976619369875067e+01 1.132948574806516575e+02 4.204690480213426440e+01
2.982537966655462114e+01 1.271392691591256181e+02 8.175467077505119562e+01 5.649709234724492291e+01 8.184843638494115226e+01 4.655727430866011218e+01 1.099408540299783112e+02 4.130683882846521726e+01
3.854015798524888936e+01 1.310856684606385443e+02 9.491261798839761354e+01 4.511820398961398126e+01 9.073038321846591714e+01 5.206793338180937525e+01 1.171747901007123573e+02 2.679335478096189505e+01
1.327911272697688538e+01 1.275577627756688059e+02 7.977700050639037954e+01 5.966058743716329360e+01 6.941327002181620287e+01 5.188328227858150399e+01 1.059147201298197274e+02 4.550525625539498265e+01
1.947488343230279639e+01 1.274404597574822731e+02 8.386270185836124824e+01 5.548672529396039721e+01 7.563451665072739161e+01 5.587951270911110413e+01 1.089773498923016462e+02 4.112035822378298633e+01
5.503263617206693681e+01 1.290173722745717271e+02 1.021063795943665156e+02 1.298112975115152601e+01 7.841096961366326923e+01 6.369297861192409016e+01 1.168368969903753225e+02 4.514181405324509200e+01
4.839471574380466734e+01 1.272308715653134357e+02 9.704299289507835624e+01 2.137922115037253690e+01 7.161010063484719979e+01 6.514975521688100457e+01 1.132500077882041580e+02 4.852836046160169303e+01
3.969375335949732886e+01 1.245849383847069021e+02 9.552551098651565553e+01 5.875249963850794188e+01 8.142662938101069869e+01 4.649467738856256460e+01 1.085752266289211718e+02 3.666514125394650847e+01
4.317483753893358056e+01 1.284878369462532532e+02 9.007289311593393677e+01 5.458127215295290569e+01 9.650975664100332096e+01 6.052882432640654287e+01 1.140912801107017742e+02 5.312833093852239585e+01
5.422595687713564416e+01 1.259995837321253873e+02 9.660863243694403479e+01 1.871697118588371112e+01 7.383834752144687741e+01 6.508387833196415784e+01 1.112102696528371553e+02 4.885717167495273117e+01
4.214748046078178589e+01 1.232893555677731001e+02 9.787209871381318749e+01 5.544391633744179160e+01 7.829299800350513294e+01 2.651136970402727044e+01 1.126786173804099462e+02 4.179371546108635727e+01
4.896411298671746692e+01 1.267334663053379984e+02 9.656357126859919049e+01 2.104406530765999861e+01 7.269213103821630284e+01 6.254253646507399367e+01 1.125628305423646225e+02 4.641255652511154750e+01
4.159820461710397410e+01 1.199103942121847268e+02 9.766552485914898796e+01 5.923056262005422212e+01 7.794132689829180549e+01 2.574424310297460394e+01 1.097664474009291524e+02 4.366380455598977051e+01
3.360414568079796993e+01 1.292916580658193766e+02 8.868624828416773198e+01 4.427330155681506341e+01 7.826242632967694135e+01 5.035555105706050227e+01 1.134300361362300293e+02 3.400116779300295633e+01
3.856960282878517177e+01 1.230895615763694622e+02 9.371064423647983688e+01 5.644227518289902434e+01 7.407925108528398539e+01 2.985712525120486660e+01 1.100922826295007866e+02 4.172499122300333596e+01
2.119758688875510799e+01 1.262421725165262956e+02 7.001107235634920301e+01 6.907939369017994125e+01 7.039976174878594861e+01 6.444606017948905219e+01 1.005772934037753146e+02 5.983720426622385702e+01
3.125638596893100285e+01 1.285571229283475532e+02 8.770600889992317661e+01 4.743905671703275573e+01 8.152488077712634151e+01 4.607568032595273166e+01 1.128519361542316659e+02 3.313387941276182147e+01
2.895831733019886656e+01 1.267079489998813813e+02 8.362453509985463995e+01 5.917085148961093211e+01 8.394110895002533823e+01 6.298839501181190315e+01 1.100083288574477223e+02 5.016481274549386171e+01
5.737737593846878070e+01 1.266524754096766259e+02 1.018682367570580141e+02 1.278843283323429425e+01 7.400775281634632563e+01 6.622832333348920031e+01 1.146804676849699973e+02 5.027643937144826225e+01
2.780649216386117928e+01 1.275593875916282229e+02 9.201614519127639369e+01 4.724375802958325465e+01 7.926853344280605995e+01 4.205195220021573022e+01 1.128417559643628181e+02 2.731425009581796459e+01
4.305620973588097655e+01 1.268329818191495661e+02 8.546904548060609841e+01 5.521640859105671240e+01 9.435463877602047944e+01 6.104095710944052655e+01 1.114657697655570274e+02 5.547560675885796400e+01
1.325706412654262856e+01 1.270161315285297263e+02 8.072754897656544415e+01 5.730355681492443409e+01 6.724988289873174097e+01 5.753094288561917580e+01 1.064436413327868394e+02 4.491015137081065234e+01
2.399019016810186145e+01 1.288464610127702485e+02 9.072313777344945152e+01 4.805180053042408872e+01 7.014167566283894928e+01 4.805887951470792530e+01 1.125054427447379339e+02 3.588773847796575467e+01
4.573125242050057437e+01 1.189855686182193182e+02 6.499837051154324286e+01 7.294421209633155456e+01 8.521403508128770454e+01 6.988245243048552879e+01 9.898776721748357943e+01 6.611761225888818672e+01
4.938655042861292088e+01 1.268070627563460420e+02 9.774176450351582446e+01 2.004580196703458128e+01 7.390821310105813780e+01 6.146817041220079147e+01 1.137541948908474723e+02 4.304878987641674826e+01
2.224765510730843232e+01 1.263897944148426120e+02 7.697257873965331498e+01 6.106533596831791044e+01 7.553199844801623897e+01 5.191821563341797230e+01 1.065989809148497613e+02 4.759135619412682416e+01
3.289744314148457960e+01 1.283991813383033218e+02 9.153018547694702534e+01 4.222045892626398711e+01 7.744785823846019923e+01 4.729626007960943923e+01 1.129379613152140820e+02 3.076863891444384436e+01
5.072091821773276621e+01 1.250733945557315252e+02 9.523965993505852623e+01 2.070087554150544307e+01 7.374938584674688968e+01 6.032326456142989457e+01 1.110893590293488700e+02 4.337434214339610605e+01
3.349642842526642994e+01 1.289261190555534426e+02 8.252645091226133900e+01 5.779190520393462549e+01 8.763227387781510913e+01 6.327440991825824312e+01 1.123399748710844506e+02 5.391423532984715905e+01
2.116827509812209840e+01 1.283125803983623143e+02 8.008406737680539322e+01 5.725565033018284566e+01 7.281072108232835660e+01 5.065608977190767348e+01 1.076008043535947820e+02 4.372417243942962273e+01
5.412980172721407257e+01 1.270121894026831910e+02 1.010217226802174650e+02 1.493124125363955734e+01 7.334875481337385850e+01 6.622251089222096709e+01 1.147124692724300417e+02 4.976167424368910019e+01
6.631679384331822291e+01 1.282479493491419760e+02 1.064405583448884585e+02 0.000000000000000000e+00 8.022484719422648425e+01 6.880052319951414574e+01 1.183907471284832127e+02 4.955856037724188212e+01
3.407939776873356408e+01 1.277682756405305611e+02 9.234245464552948590e+01 3.732718226317170718e+01 7.885361662160831031e+01 4.850291378895811079e+01 1.131827709505023023e+02 2.900113083590159846e+01
5.929421475827916765e+01 1.292227296655367468e+02 1.040043183507814746e+02 1.087460281250318772e+01 7.830795588328520296e+01 6.562008093167931122e+01 1.178719039340377890e+02 4.934475423939661454e+01
4.422552963145574267e+01 1.287482142845566955e+02 9.342164915798544200e+01 3.145276709700137374e+01 8.083329742490826675e+01 4.997498026120648262e+01 1.136986318249868191e+02 3.468478610669211548e+01
4.624720351036749122e+01 1.206815029144177629e+02 9.297449158722676543e+01 6.414909969551931113e+01 7.712616700227889055e+01 2.446085557332562743e+01 1.070395168421025289e+02 5.125230846774527294e+01
2.044306886776737997e+01 1.271675129130120325e+02 8.141485891944878972e+01 5.352588093161953964e+01 6.984534993877116449e+01 4.847490190004931776e+01 1.064038198058292437e+02 4.341582143985523601e+01
3.272791933086774918e+01 1.241659569634570346e+02 6.192533664817988637e+01 7.299400214086350047e+01 6.955746241342507119e+01 6.479409841541298931e+01 9.561642860174150371e+01 6.461017395366707206e+01
3.653851624353931982e+01 1.272720905714596000e+02 8.733313855994578034e+01 4.565362636505814464e+01 8.039849878140546480e+01 4.334516363051059784e+01 1.106600623425751451e+02 3.294156348076667484e+01
5.940935885792143978e+01 1.268888638272321430e+02 1.015791147722308239e+02 1.170954531796359177e+01 7.554902662304506578e+01 6.586191829801580866e+01 1.142582520497969938e+02 5.124829201558893743e+01
3.637436079713121018e+01 1.243270358792837413e+02 9.197663394129074277e+01 6.630402696237250382e+01 7.692229438807653707e+01 2.887673451465423113e+01 1.091650896821830230e+02 4.872081433971920461e+01
2.371368373955798603e+01 1.278596042651196569e+02 8.251135349943943709e+01 5.223323022622023615e+01 6.977060852912126165e+01 4.940783583432220638e+01 1.071957961389749130e+02 4.389933771172213994e+01
3.558008177558479446e+01 1.239458622809084574e+02 8.938256349584075622e+01 6.182713516048924873e+01 7.238091997021412283e+01 3.311703699653811128e+01 1.077834803231308030e+02 4.756559805137963792e+01
4.335159609776194856e+01 1.281057280122063560e+02 8.489496213980253003e+01 5.551234365908640456e+01 9.467226139226514192e+01 6.223197389295373938e+01 1.124819341940953308e+02 5.572843980731674662e+01
4.980669056087438662e+01 1.258215051250394936e+02 9.641680593429042290e+01 2.235704451812318538e+01 6.754447870459455316e+01 6.880745212379605391e+01 1.116253020693089297e+02 5.452726365873247971e+01
5.815986197755012199e+01 1.211008643854490856e+02 1.016269370115480370e+02 6.830315194752176922e+01 9.336134540014428751e+01 1.529178161144623971e+01 1.108346349946478426e+02 5.068698357962257006e+01
1.485356298377862139e+01 1.245494977473402258e+02 7.642564911510133641e+01 5.924297793818069380e+01 6.852232998528278074e+01 5.925212862576475459e+01 1.036460010763842661e+02 4.732329552175062304e+01
5.442675993406722768e+01 1.281031040655259403e+02 9.941346655891116768e+01 1.491270746405451142e+01 7.763496366046732078e+01 6.206082328670501624e+01 1.149393309337444720e+02 4.528478272688959549e+01
1.739725429480493801e+01 1.252420208879626529e+02 7.739138555059588498e+01 5.926502292943363415e+01 7.010035513874032631e+01 5.447776691378447111e+01 1.049645699262419214e+02 4.718408168705438044e+01
2.913609905750176310e+01 1.262223176423337776e+02 7.488286661199290961e+01 6.263388410887502289e+01 8.030550789094679942e+01 6.214167289117305870e+01 1.071760691492096811e+02 5.183553369582165260e+01
3.893044531472774850e+01 1.304450000651632990e+02 9.412152646229593245e+01 5.728171906762275967e+01 9.420491377868985694e+01 5.739975854138091194e+01 1.154823907441853095e+02 4.851600343476312815e+01
4.041154700178546477e+01 1.276288113500929882e+02 8.352245327904223871e+01 5.698834424191840498e+01 9.267582372680820413e+01 6.366838698775840300e+01 1.109431775482322848e+02 5.953667628506954657e+01
3.592319871810877885e+01 1.217517842920941007e+02 8.825854858943556280e+01 6.042078353373148047e+01 6.825125656528409479e+01 3.578713361333557685e+01 1.059216718929216228e+02 4.805189570231691931e+01
4.603677964040852544e+01 1.210699108421270722e+02 9.453370925614193254e+01 6.349925898665096469e+01 8.779932054938555552e+01 2.199636189017772736e+01 1.080364523551020284e+02 4.403986690795385073e+01
2.489475480796392759e+01 1.254538722033771307e+02 8.648983638735990098e+01 4.602585307599627384e+01 7.004289272265481259e+01 5.302985396294858589e+01 1.087236199338519214e+02 3.784380508858459535e+01
3.122404696988553852e+01 1.273065468533233400e+02 8.110849190903272188e+01 4.773715020079740867e+01 7.294771657706337464e+01 5.362178081578502287e+01 1.084269887357424835e+02 4.378703112549083443e+01
2.261036410244918926e+01 1.273899842908321176e+02 8.166971073408502946e+01 5.123984830399837875e+01 6.793115754190513655e+01 5.315424107004401577e+01 1.073118711751828585e+02 4.352975477605318133e+01
3.230162643433275349e+01 1.271835410553383952e+02 8.346386194321070207e+01 4.797015305989420852e+01 7.377428467255766975e+01 4.813690090307964908e+01 1.090454027403579147e+02 3.872118524261439632e+01
2.985836584248727377e+01 1.275579859628291217e+02 8.331885967128206971e+01 5.454536861495461153e+01 8.201141932943177437e+01 4.624565035910748634e+01 1.102170407135060088e+02 3.899703380870003144e+01
4.434849758247197826e+01 1.275228472180377395e+02 9.204479632085883622e+01 3.698897446326532190e+01 8.406068444109345705e+01 5.312957422063525570e+01 1.139735664578027041e+02 2.655466757891586127e+01
3.404929121361409727e+01 1.245182237342331462e+02 8.804683164381769700e+01 6.307359634653377611e+01 6.874856542402145010e+01 3.602029688235930394e+01 1.065858780077451371e+02 4.954386078374527358e+01
3.907785341879592522e+01 1.262603687073063981e+02 8.955552908554784608e+01 3.410037149191172290e+01 7.703747616739337900e+01 5.080514439905339685e+01 1.109943385287695605e+02 3.165723050360105972e+01
3.722318153813819208e+01 1.258526723438395010e+02 9.374173022921752363e+01 6.473570279390628457e+01 7.689295041864400559e+01 2.722335659114769513e+01 1.125475184939421354e+02 4.601495031894151566e+01
3.424355401780611885e+01 1.286031687143359932e+02 9.382496927036861223e+01 3.995812262550813898e+01 7.326531351311537321e+01 4.794297128278424935e+01 1.133149182204228964e+02 3.301956536272163589e+01
2.487091334548815524e+01 1.264207246782566898e+02 8.168476491646701731e+01 5.245390879823400354e+01 7.478922222617393345e+01 4.928579118230456402e+01 1.080991535013057501e+02 3.821621826799624699e+01
3.912762917196899082e+01 1.300232158568745433e+02 9.567795337564258773e+01 3.810196459438790129e+01 8.426241308940548436e+01 4.599289236925408630e+01 1.167081695722707053e+02 2.262002458039837194e+01
5.394840845756414183e+01 1.285291645102984717e+02 1.000452279155671249e+02 1.662959685949821775e+01 7.405430344053783642e+01 6.652174298150558229e+01 1.150855015341984284e+02 5.058100393714443044e+01
3.092858294726011437e+01 1.295566697270807026e+02 9.401168563185498783e+01 4.157733317861190159e+01 7.460027294473398740e+01 5.096346603119272345e+01 1.150449745352750597e+02 2.932486825888036464e+01
4.897363578477801838e+01 1.256420199081983782e+02 9.435494785246589799e+01 2.239612917391002256e+01 7.041507820525687578e+01 6.265017910816371938e+01 1.113975890648794262e+02 4.800761824751361928e+01
4.188897760444896079e+01 1.207900700014673703e+02 9.143677358637179964e+01 6.520380806346656755e+01 7.546468647826090148e+01 2.634232409459551505e+01 1.063762010695494240e+02 4.951659865184968368e+01
2.785699814536581087e+01 1.257959518766738825e+02 8.307695848960368323e+01 5.037561392329566701e+01 7.574242523992157317e+01 4.581019911344311168e+01 1.073586244648681429e+02 3.713328749600307077e+01
3.138008422169290057e+01 1.251303295110057689e+02 8.888037099938473773e+01 6.357476794400138687e+01 7.104687281742941707e+01 3.575429436405492112e+01 1.078379876691517438e+02 4.833816963027328484e+01
5.867013782170108982e+01 1.279621844145156047e+02 1.034836995988285082e+02 1.105706691147731746e+01 7.902224968921741777e+01 6.465277945172110208e+01 1.166497160987835287e+02 4.642658472851647389e+01
3.189463505503692176e+01 1.280026812680904413e+02 9.154855856886152310e+01 3.907530423236035233e+01 7.446476583462801102e+01 4.986978755660231855e+01 1.123468840056424796e+02 3.219442823088885319e+01
2.192740832500361137e+01 1.279670227742948327e+02 7.707884192914750088e+01 5.671973910486826043e+01 7.165942925733378388e+01 5.386139361485683708e+01 1.055685723753670970e+02 4.751943747215056391e+01
5.509414829959298743e+01 1.268844112111428331e+02 9.690691391163981905e+01 1.694984985417192291e+01 7.804218554289909093e+01 5.981075128721298029e+01 1.127979819357307321e+02 4.554956743216963133e+01
3.769710981361995294e+01 1.241324719435440898e+02 9.031220462274305305e+01 6.489878638423165569e+01 7.547486524103986483e+01 2.837811859077874388e+01 1.076135441691223065e+02 4.818412668341802885e+01
2.646943342418342837e+01 1.269570625610885486e+02 8.138189119530228766e+01 5.995394586100661627e+01 8.094080769696282118e+01 5.672073641624189833e+01 1.095371697166902436e+02 4.719760538078438117e+01
3.495659761181561720e+01 1.200676358543524316e+02 9.140322684467925285e+01 5.348474747157327158e+01 6.862466207310815491e+01 3.520059538301974555e+01 1.076897718777827038e+02 3.940505667577927085e+01
4.176246956573270097e+01 1.239178497315928098e+02 9.670536412811009086e+01 6.588008785460890238e+01 8.368406078351826238e+01 2.392224611106850318e+01 1.113552056854071708e+02 4.476556223737748752e+01
2.249926881614780427e+01 1.283673942096494898e+02 8.871061265344140168e+01 4.914787550298588314e+01 7.230792780185939250e+01 4.912050443955655510e+01 1.120465363173925795e+02 3.550244219029812598e+01
2.354444299778017680e+01 1.260213769414606020e+02 7.202372384982659526e+01 6.440730948867471284e+01 7.383000265491850200e+01 5.512954175025916470e+01 1.029231945930133776e+02 5.297244579686579158e+01
1.791132144150809680e+01 1.258777016988528885e+02 8.042971457425171877e+01 5.551349387594702733e+01 7.123146121448083079e+01 5.604309966891634076e+01 1.077767347353993159e+02 4.333422105045179507e+01
2.524252205295341511e+01 1.254754143145546692e+02 7.157803605135225666e+01 6.007270897691467582e+01 7.413755165602447050e+01 6.114321067644898022e+01 1.040339150060989795e+02 5.059117010114987067e+01
4.112684748763378906e+01 1.209644566703938438e+02 9.593543950837243983e+01 5.855462663974493864e+01 8.059329284001073290e+01 2.416105358632053068e+01 1.088594612498786063e+02 4.177376856865497956e+01
4.492986184629818780e+01 1.255457305317947885e+02 1.012599085213904999e+02 6.362853084475727172e+01 8.725563664181972001e+01 1.913921388064886031e+01 1.151288282692309934e+02 4.480305533804305895e+01
3.551584492029764561e+01 1.234005709229227676e+02 9.186452629835221728e+01 6.076252976504459724e+01 7.237761685750058405e+01 3.132811169976618615e+01 1.090489314678424080e+02 4.539834786245186393e+01
3.683855290126513182e+01 1.193145972049777015e+02 8.621538999080786425e+01 5.684099514700616140e+01 6.921419464715374659e+01 3.449912210388646372e+01 1.037518915819679677e+02 4.563498643748903305e+01
4.986171663204186189e+01 1.259903734066169392e+02 9.609027177694960642e+01 1.999172960072096217e+01 7.174288039173200104e+01 6.243127825941068210e+01 1.121866283909762956e+02 4.596930222680332889e+01
3.885197397404179753e+01 1.272354751118804614e+02 8.225934269686896982e+01 5.887636616349730190e+01 9.103908745088475030e+01 6.514050504030925026e+01 1.095175005301990439e+02 6.109583421745472975e+01
3.659446325861567573e+01 1.223072521172445448e+02 9.119865338902914687e+01 5.889727449123954983e+01 6.926940253889374333e+01 3.286200884629509744e+01 1.087975836796801445e+02 4.459776048286637717e+01
2.744645667766060981e+01 1.257411565228583328e+02 8.403846245395020276e+01 4.541573511116200734e+01 6.758352160426085220e+01 5.428791323335907038e+01 1.078353775689237608e+02 4.089132544008269576e+01
3.187864793291135967e+01 1.284031652344178838e+02 8.828318161843340306e+01 4.744313479995421545e+01 7.969233956738689528e+01 4.644877012806350081e+01 1.117656914615717625e+02 3.022916859411727586e+01
3.840774056587169838e+01 1.275632707045911616e+02 9.022596604893732319e+01 3.700860545489867093e+01 7.970819391146034150e+01 5.303875828887046850e+01 1.113913536343176531e+02 3.472735695330220551e+01
4.148226499354002783e+01 1.279523067699285690e+02 8.581455651382586325e+01 5.554123635626649502e+01 9.467617901889504139e+01 6.176620954393248297e+01 1.120600989016407709e+02 5.580699381214126475e+01
6.229557402538110011e+01 1.289096029147682998e+02 1.036626145095951586e+02 9.416923774073643116e+00 8.112426257215112457e+01 6.346978997099892439e+01 1.176835040147341687e+02 4.808166109012410061e+01
4.566363970401444305e+01 1.193687302404734680e+02 9.232835297338519354e+01 5.753446965727908946e+01 8.537589059382763423e+01 2.696657409592386045e+01 1.066411676210589548e+02 3.485457566817049013e+01
4.487938874074330897e+01 1.216647818879539216e+02 1.004520440153622332e+02 5.731091446081579477e+01 8.192676169852224177e+01 2.415218179937966880e+01 1.122922315510587481e+02 4.191507834123450493e+01
4.617076806039349179e+01 1.248045345005653672e+02 9.283916209441137823e+01 6.776733430666722313e+01 8.959612189039813757e+01 2.261774162573374269e+01 1.090410809852739362e+02 4.914662170200508484e+01
1.854572314552164158e+01 1.255605339711470094e+02 8.307570055992712810e+01 5.263216107567867397e+01 6.721018587779353481e+01 5.332675247564114329e+01 1.070166378721697811e+02 4.255393715169357449e+01
4.778778055269736313e+01 1.262915086621635083e+02 9.420990012450845086e+01 2.392186921268272215e+01 6.977161075376079680e+01 6.535474592087263090e+01 1.111327395644156013e+02 5.086328205448660356e+01
5.071033649243611308e+01 1.266666244719490635e+02 9.979327136166320145e+01 1.960911155235408998e+01 6.728808483855245015e+01 7.214820133905477917e+01 1.134333526365025619e+02 5.504208433808554446e+01
4.015997473110561344e+01 1.191193909817671539e+02 9.338552606033097447e+01 5.729750938200482580e+01 7.346705666523607192e+01 2.924749775669502938e+01 1.072521456587684554e+02 4.304277186397598598e+01
4.685313836267921772e+01 1.264084279984548829e+02 9.652926710651078679e+01 4.386468038900972033e+01 8.639794640365657585e+01 4.238434427981761843e+01 1.163574687479030416e+02 1.997859034638351972e+01
2.221251980485242328e+01 1.263395948141891836e+02 7.329942033261926326e+01 6.237921783086388672e+01 7.380045284584122101e+01 5.429186557836061411e+01 1.037789060919019448e+02 5.079814642638457656e+01
2.202363372721654855e+01 1.268807330619132330e+02 7.944411544437151917e+01 5.685217403090946675e+01 7.426551116582116663e+01 4.939972412250993727e+01 1.074744477968668122e+02 4.196676952070901478e+01
4.755070508363825610e+01 1.258660542777067946e+02 9.272453386233257788e+01 2.422724448441549328e+01 7.040043592957960072e+01 6.160103214769544167e+01 1.103609981079694933e+02 4.718159702017926094e+01
3.630398895334179343e+01 1.266548600704425098e+02 7.922943680778320186e+01 5.998872028410475821e+01 8.571998236195342713e+01 4.840068756545944240e+01 1.102837138927565803e+02 4.526660221573925469e+01
1.832280161371255645e+01 1.267436665975284882e+02 7.870411989625165461e+01 5.668343175775110154e+01 6.887452195042264691e+01 5.455781813214615283e+01 1.053005177098474974e+02 4.460257651177751370e+01
2.047775742268841270e+01 1.268418201883766159e+02 8.459117873335253535e+01 5.373291715344961972e+01 7.572597466347646389e+01 4.993350058939971348e+01 1.102380231033639717e+02 3.768355249433797383e+01
3.145554974118758906e+01 1.266354754325358698e+02 8.906300508964442031e+01 4.864618917769843165e+01 8.194660014823294603e+01 4.086990597988921081e+01 1.110969662540870786e+02 2.889006437399776317e+01
5.892915914729756111e+01 1.271595546251632243e+02 9.875150618275979753e+01 1.374998476789928326e+01 8.121369333184108541e+01 6.234809552807853095e+01 1.151973934159254611e+02 4.152937119835514324e+01
5.295513186765674618e+01 1.258998271295933904e+02 9.826816717714238791e+01 1.736820433511050510e+01 7.295554894762693721e+01 6.491784229149958207e+01 1.127370417966934895e+02 4.754353073594786849e+01
1.501935439348610934e+01 1.249615577348103699e+02 8.296113110165045157e+01 5.485169083990916050e+01 6.499483924677630853e+01 5.666347203979474756e+01 1.067132763019583166e+02 4.325716376134830199e+01
3.427753678187495012e+01 1.275373654569636983e+02 7.613401921664096506e+01 6.389206099665842231e+01 8.570273713304281671e+01 6.372028638516468391e+01 1.098203373528374698e+02 5.439450097160332831e+01
5.220564185061011386e+01 1.273823559110200705e+02 9.724663709185134053e+01 1.819094605607711301e+01 7.756904741632091316e+01 5.960111129116502582e+01 1.141435915722155272e+02 4.155247765601517784e+01
2.450344847790892544e+01 1.267858656029921463e+02 7.221925288856871816e+01 6.653679117411627431e+01 7.587926139083980104e+01 6.389067047367195329e+01 1.026076162987779554e+02 5.994425431844231156e+01
4.628645723440561710e+01 1.173128270155803961e+02 9.261370316143779746e+01 5.714211345034002676e+01 7.347542632012516606e+01 3.073923189883309348e+01 1.045798265914099829e+02 4.493234246326709069e+01
4.785314726412804021e+01 1.261660996971418456e+02 9.606204848649855421e+01 2.146657386364991282e+01 7.089318456469622731e+01 6.510762166666521011e+01 1.120326720846623374e+02 4.722493452994485352e+01
5.512799415028364791e+01 1.260107624687804417e+02 9.940440148602789350e+01 1.553472095832273858e+01 7.199513896833144599e+01 6.644795203423696250e+01 1.133552079037843470e+02 5.058110392232926955e+01
4.217811027097948084e+01 1.176616314454167309e+02 9.256185238013492267e+01 5.741277734376726727e+01 7.607778702643979329e+01 2.704502423144083068e+01 1.060393703086608497e+02 3.979504711036465636e+01
4.217769326718042322e+01 1.282056295395813663e+02 8.391547641583801465e+01 5.666513870162112454e+01 9.435420032810979762e+01 6.322338557792649993e+01 1.124357893866092439e+02 5.639491304984746023e+01
5.719277770735077127e+01 1.173689582607020725e+02 8.780331945394851800e+01 7.462565317082130889e+01 9.362986556710626473e+01 3.476928372094567976e+01 1.060894983827751759e+02 5.628475216412640236e+01
4.314135439623536428e+01 1.211292889216600486e+02 9.895824771562978128e+01 5.514272306168974325e+01 7.692685170623236957e+01 2.607314304959468387e+01 1.121094893794032288e+02 3.946821497567842130e+01
3.651028376261474051e+01 1.243061769135584029e+02 9.328983222843312717e+01 6.559401900058975343e+01 7.622875892265062703e+01 2.979471679762043124e+01 1.093936633054873369e+02 4.490529751204902453e+01
6.057359886164632456e+01 1.303256312172727007e+02 1.059768071647255283e+02 8.728199132620948930e+00 8.147526527751733738e+01 6.458491724131518197e+01 1.197258314325023179e+02 4.674497491742354782e+01
3.894288550467192778e+01 1.249192026017894932e+02 8.942701040337867369e+01 3.337751930640101961e+01 6.874008375675145999e+01 5.891162481506373183e+01 1.073813470983554339e+02 4.351428709435493403e+01
4.858742415903948597e+01 1.264331720372276351e+02 9.617455694037582248e+01 2.053181827454799802e+01 7.657502482757574569e+01 5.897641392033686003e+01 1.124247822848687406e+02 4.147423338888099664e+01
3.623041075943955747e+01 1.234112498671835567e+02 9.119743255575203023e+01 5.457705429544457587e+01 7.170396133706888975e+01 3.370335103423423107e+01 1.088456204892306118e+02 4.097972951695817301e+01
3.883818175398210570e+01 1.252308836409239063e+02 9.631133553258580093e+01 6.386987326809526166e+01 7.760412334043464000e+01 2.629270410950669046e+01 1.130946195707540625e+02 4.562942370079130683e+01
3.585501400804380268e+01 1.258530643246880345e+02 8.715976597257726155e+01 3.699084638032827854e+01 7.222426972020518576e+01 5.170846282656875559e+01 1.095364463290044483e+02 3.489520455576549551e+01
3.918108752306089571e+01 1.303468137281689394e+02 9.941294623006690756e+01 3.399668563383570330e+01 7.935679730368607920e+01 4.985711457563182591e+01 1.174225850685940600e+02 2.704414036968183055e+01
3.575597086255022816e+01 1.218530521635474884e+02 8.646769114528461841e+01 6.207824829639483966e+01 6.947797392816568163e+01 3.509869267770728385e+01 1.048117926499019177e+02 4.815939697622032156e+01
3.467037631797509079e+01 1.282971658313970522e+02 8.942333346840985087e+01 3.888174562373158949e+01 7.452558964265833197e+01 5.207107305653956786e+01 1.119271410545674712e+02 3.507444815392013737e+01
3.420848717701685615e+01 1.242220495875613864e+02 9.148447018993294932e+01 6.308801827972730791e+01 7.299280170832753356e+01 3.144380547974180473e+01 1.092608741866722966e+02 4.420227903774206624e+01
4.110893308968197601e+01 1.204331226772940795e+02 9.498849713210161383e+01 5.212946798600717813e+01 7.111847943653214088e+01 3.349816494175055226e+01 1.095638979876324584e+02 4.143587666481239040e+01
4.401906793781864735e+01 1.221621247240569659e+02 9.940832785229662250e+01 5.832050144682320791e+01 7.963768749151762449e+01 2.453037811163849113e+01 1.123508097682478990e+02 4.296443218428424871e+01
2.306357005876071042e+01 1.278118952656309091e+02 7.998703702114394787e+01 5.357102753555644625e+01 6.924241107814803797e+01 5.046267710396602268e+01 1.054576771054185542e+02 4.478013781561999451e+01
2.883362156138853649e+01 1.297018717343386811e+02 8.615303809359278375e+01 4.949129814537223382e+01 7.996784433489776234e+01 5.355455452334261679e+01 1.137529929165158080e+02 3.697375724625634064e+01
4.654033428820856244e+01 1.302890669270300350e+02 9.499542557413981569e+01 5.566028371918027773e+01 9.333861700083922130e+01 5.629839786859772488e+01 1.143519789788218617e+02 3.102253890315988016e+01
5.251003195473285956e+01 1.268129380031594167e+02 1.001894469568865844e+02 1.669204361465525466e+01 7.098777995209748326e+01 6.993827064382038827e+01 1.135041455189275439e+02 5.224294570391990788e+01
3.850318492670765380e+01 1.227886391238015449e+02 9.357340047833901053e+01 5.593185612548450791e+01 7.561731577752810551e+01 2.848021890657094701e+01 1.099253066431361674e+02 4.202099918934428047e+01
2.469693134106269738e+01 1.278466796543930286e+02 8.182671276753271172e+01 5.276268532894069807e+01 7.392188197721310416e+01 5.027167688986045846e+01 1.085762457775789613e+02 4.158830083893488450e+01
1.971156352659887645e+01 1.248754207150916926e+02 7.330677050454615085e+01 6.628345896281595628e+01 7.327104252900861070e+01 6.037417799986894806e+01 1.034085108086165405e+02 5.492066385075319346e+01
3.782299498936336590e+01 1.227478493934947750e+02 8.731203828550177093e+01 3.665352527709336528e+01 5.396958776416424541e+01 7.214027642563495135e+01 1.050815307905859441e+02 5.984774181234809021e+01
2.648188567371320445e+01 1.274097486605972165e+02 7.266183030602989845e+01 6.083137628140433861e+01 7.636527484191697113e+01 6.300535940832487114e+01 1.048761202014827632e+02 5.317805817086586728e+01
4.231856438506798668e+01 1.244683108065090238e+02 8.918123527227261604e+01 3.120675956850261556e+01 6.673736581113426780e+01 6.251077510260753201e+01 1.079745669214753434e+02 4.906757725556519745e+01
3.558157082679674943e+01 1.292022079806813224e+02 8.886225963796424310e+01 4.275988842099101106e+01 7.972156438836744030e+01 4.817344645402130254e+01 1.128923751476908421e+02 3.412876384714100908e+01
5.029060857965207276e+01 1.193431587089736610e+02 9.488502424696120841e+01 5.981992825104348555e+01 8.008202860539471146e+01 2.128114791343200807e+01 1.072097396850049478e+02 4.918950825928920523e+01
2.020867557068489617e+01 1.239577153811550403e+02 6.963163512159329116e+01 6.167288384814484914e+01 6.643036779971352246e+01 6.322631434561810693e+01 9.836772431073369205e+01 5.410862208944580232e+01
4.687364204999427386e+01 1.217084801865315313e+02 9.323256177723609994e+01 6.428580653739292927e+01 8.775815634086006867e+01 2.023505064140818988e+01 1.068614948242415892e+02 4.669941020039503599e+01
5.516027271641495133e+01 1.284893480565601749e+02 9.989189020701628863e+01 1.460932907562509442e+01 7.933455363951286188e+01 6.180218930799050980e+01 1.157592828583289588e+02 4.308886598763015030e+01
3.115825651742888880e+01 1.267466417915936034e+02 8.892157312719596973e+01 4.733708192629875100e+01 7.456337599201604860e+01 4.218166948377799486e+01 1.092571545722843638e+02 3.498273715311054133e+01
5.786130203060035626e+01 1.272580866506124124e+02 1.029918117069264980e+02 1.132819612515980090e+01 7.555270676191916834e+01 6.648131033673200818e+01 1.156893584133450048e+02 5.003346036520938611e+01
2.540065129898184182e+01 1.280272537892461742e+02 8.230922872990069550e+01 5.213782186726189849e+01 7.258342502157958620e+01 5.095523695508165929e+01 1.086828219106107269e+02 4.532973613973544502e+01
3.069209004154305376e+01 1.279985213149245595e+02 8.854871742225121523e+01 4.097126605177820124e+01 7.401727583558147217e+01 5.331981222932807896e+01 1.113259205042193685e+02 3.581316961166663049e+01
4.643685195427924839e+01 1.254897375399737314e+02 9.506467319634617752e+01 2.476100610054767515e+01 6.931415994967282757e+01 6.372498826725379217e+01 1.112109300375331031e+02 4.663548435295413697e+01
3.340181572350650896e+01 1.261602264053915121e+02 8.076418010312796980e+01 6.045488211492456543e+01 8.632451771177503019e+01 5.860220400713100020e+01 1.071794658503040836e+02 5.996999969666131847e+01
2.787268726178927025e+01 1.200059745047797293e+02 6.411998899170393429e+01 6.746667814822166065e+01 5.714131765454550305e+01 5.956769014801932371e+01 8.934297447923195534e+01 6.115607270321669375e+01
5.312292836903909432e+01 1.011109376131659019e+02 3.433482671202254011e+01 9.369533771565723157e+01 4.989775661621521152e+01 8.209552908484288025e+01 6.417715814181697453e+01 8.473344179845048529e+01
4.986345540885434247e+01 1.024188762142790807e+02 4.122518581236620605e+01 8.732484034377489479e+01 4.201372466690796870e+01 8.213432657007467697e+01 6.490036102698529419e+01 8.134125452550235025e+01
2.936794818227265935e+01 1.207189476751741353e+02 7.619152526507667744e+01 5.528924291551906833e+01 6.368376721165110155e+01 5.406171547193856952e+01 9.764081789753691965e+01 5.146898230538234031e+01
3.083645822112902124e+01 1.170037890170409582e+02 5.620354711005787607e+01 7.487111396779035033e+01 5.496224532450818856e+01 6.662614815653628852e+01 8.531110069589598766e+01 6.649991801926636015e+01
5.776518216807326667e+01 1.022281115319796072e+02 6.655189634743504712e+01 7.094611058358779587e+01 1.392059221832016824e+01 9.283177909850718379e+01 7.700465498992195990e+01 8.469918482837263696e+01
7.620926744048553303e+01 8.025679358627742488e+01 5.058510425412183764e+01 9.804859305076743681e+01 3.542547075285016689e+01 1.062748847080583801e+02 4.365157206450484750e+01 1.030118552979128594e+02
6.863530470710091436e+01 8.463933976017851535e+01 4.592506206401331781e+01 9.288762179898752436e+01 2.268837661507852133e+01 9.881680974687203900e+01 5.161311388101916009e+01 9.691359802051235306e+01
6.502227088575689606e+01 9.108269350387637076e+01 5.439269674503803031e+01 8.581464614542819902e+01 1.085675634781309284e+01 9.842030112610272852e+01 6.141116622490606858e+01 9.228961998450199644e+01
2.487722800478695717e+01 1.186791838341129903e+02 6.755086438571531460e+01 7.071892325225175568e+01 6.188876799558996566e+01 5.828908034507060876e+01 9.201845279126534649e+01 5.747007016504253585e+01
7.102841311614250230e+01 8.317643304078083588e+01 4.457012844355225667e+01 9.484689411097357947e+01 2.636914315172337098e+01 1.005612183156353154e+02 4.933530291420685643e+01 9.850764870591027034e+01
9.139939833049479034e+01 6.391866913719228194e+01 4.472096230092746083e+01 1.111716513290331108e+02 5.613154114764626001e+01 1.089858532732807248e+02 1.822414874030364729e+01 1.141088687068726557e+02
6.994401970788476319e+01 8.278557510774366790e+01 4.411881162931290845e+01 9.516907481995076523e+01 2.610898374730225768e+01 9.798881535508810714e+01 4.872397803710835973e+01 9.804523194031600042e+01
4.853558961018924123e+01 1.042491674473054104e+02 4.980530078905322711e+01 8.422991335303503035e+01 3.649975959477841769e+01 8.403578655866510871e+01 6.628969104589410222e+01 8.329204654448020051e+01
3.859221016446683450e+01 1.111217743616462599e+02 5.490497004148704718e+01 7.901666027200681697e+01 4.279194961992145352e+01 6.996810124757571714e+01 7.604646762741516852e+01 7.135677636775777444e+01
6.354064809571232786e+01 8.905234286757689688e+01 4.889041570583492557e+01 9.066215296835581228e+01 1.951171404621119265e+01 9.486913290447783709e+01 5.572697218945965147e+01 9.347974664403393774e+01
2.750936177007902117e+01 1.197181579293360727e+02 7.497365447986358333e+01 6.088943802074227563e+01 5.405418512470190961e+01 5.482558361453466489e+01 9.325013329572068699e+01 5.352194282139126358e+01
4.982318295505847772e+01 1.034312759785577498e+02 4.882245820284661875e+01 8.704603941367496134e+01 3.675077756947985108e+01 8.622423243260354297e+01 6.519429412662782397e+01 8.507425844996213016e+01
5.439265491147924081e+01 1.063450357102045984e+02 6.916531084595810341e+01 6.594169788782090791e+01 1.990136783486000382e+01 8.992594708846101526e+01 8.168269471959648342e+01 8.163518052701179784e+01
6.912085406599680937e+01 8.384127209222336319e+01 4.451960507854158777e+01 9.355001763481641319e+01 2.416249060039779550e+01 9.881444851149210251e+01 5.021440593796052099e+01 9.747631296925848687e+01
7.377443106583845633e+01 8.118240274217943409e+01 4.306413543395883181e+01 9.780619483427882699e+01 3.601533896760204811e+01 1.016861087705257063e+02 4.221374867579810797e+01 1.013298148444838063e+02
2.115057628652725086e+01 1.214271448894358372e+02 6.997425422428202069e+01 6.593237965431875125e+01 6.091377003551242098e+01 5.895582286993768406e+01 9.451330391186044722e+01 5.560514792520157101e+01
5.817305147372780283e+01 9.918037666506793926e+01 2.713601120863447491e+01 9.294532544470611413e+01 5.234164954382790569e+01 8.599099501023195558e+01 6.338247104420966593e+01 8.718529882094239269e+01
7.042522830479643403e+01 8.735605869982641991e+01 5.586614238713167424e+01 8.816967550873455650e+01 1.227206960063059782e+01 1.024070310934998673e+02 6.015738677463688333e+01 9.531198624796770957e+01
6.485734897295482426e+01 9.135689560916284790e+01 5.862235660915182223e+01 8.377789301303170078e+01 7.007298504505606651e+00 9.655904284763735745e+01 6.493986593137476859e+01 9.117127914827369750e+01
6.706371765880315650e+01 8.640711507996601881e+01 4.817862372749414135e+01 9.127179285727855529e+01 1.980384535324580497e+01 9.800910462821029512e+01 5.407080352890707076e+01 9.565955901890225732e+01
4.720005275379431708e+01 1.067134844258655590e+02 4.213429532740836692e+01 9.054466812733798520e+01 5.221352421635996421e+01 7.854163615075637495e+01 7.138444938257970307e+01 7.958934581488368565e+01
6.086468704574595989e+01 9.726089291520487734e+01 6.203107266245731211e+01 7.692210892696839153e+01 7.213861309594777893e+00 9.544053620772935176e+01 7.078912525210557760e+01 8.750401731557657570e+01
8.611460019915676867e+01 6.744802841210999134e+01 4.151727335445727363e+01 1.062123854596489281e+02 4.855894156579539356e+01 1.027881938693955988e+02 2.812477479510637934e+01 1.080700225866891628e+02
6.663161544115828860e+01 8.612992537004242877e+01 3.729487989641673096e+01 9.400246192134957823e+01 3.178683180675358244e+01 9.420571287633956103e+01 4.885204062175721162e+01 9.472935870010711312e+01
8.000404827483473014e+01 7.742398127409677500e+01 3.385160844112646572e+01 1.040128593744916259e+02 4.826370756844330145e+01 1.027700723411510211e+02 3.222267862583402120e+01 1.058241105355950111e+02
2.991626023290430680e+01 1.185491490539162527e+02 6.198378650620593078e+01 7.114806210687270038e+01 5.867972042184521086e+01 6.162227380247807673e+01 8.815744467375738225e+01 6.256320421118378761e+01
2.564349892405346409e+01 1.206887682085583151e+02 7.621666829951807642e+01 5.719566682143474878e+01 5.794505633688005730e+01 5.004074070510353778e+01 9.717013462683136993e+01 4.998750564817766673e+01
2.939062771379421335e+01 1.192301593615039081e+02 6.776877493470230718e+01 6.356274779284298404e+01 5.226989774865547389e+01 5.946626349177419968e+01 8.934014416289961957e+01 5.935142682316339346e+01
3.176519659100799586e+01 1.223595938641969667e+02 8.263915030805698336e+01 5.235645340780022394e+01 5.654382677382766786e+01 5.118001917110622401e+01 1.002899636775188554e+02 4.717374272298052063e+01
2.472415823994600004e+01 1.209382228087927444e+02 7.300673724597997705e+01 6.323787804537559509e+01 5.791770530440460618e+01 5.156801944940290383e+01 9.397543899198851136e+01 5.348900731523881547e+01
4.899454147521134217e+01 1.023667700028410934e+02 3.950826513404339835e+01 8.753563699077737681e+01 4.472674541694967587e+01 8.105944485280834044e+01 6.663981796595084006e+01 8.083506317075841707e+01
6.943854897508292368e+01 8.464970426823832383e+01 5.172726653052112056e+01 9.196506212561422444e+01 1.907975680527120232e+01 1.002777566208287965e+02 5.490424709601971642e+01 9.673934559961830359e+01
5.673471388303987339e+01 1.030392423931967016e+02 6.449796128389228045e+01 7.108536672845696103e+01 1.619253013145025832e+01 9.193287944222296915e+01 7.624806629754326082e+01 8.358880270391190948e+01
1.223743560981032914e+02 2.200252464972881938e+01 6.799551879079611183e+01 1.262318788775699119e+02 8.738700308332776956e+01 1.216324687546891425e+02 3.505410455430239125e+01 1.298534771432589139e+02
2.321011399087672444e+01 1.231257789585063307e+02 8.111666372240502199e+01 6.453954768286001809e+01 6.199563626888048873e+01 4.904959980008512588e+01 1.003954375844737967e+02 4.497278881404615447e+01
8.914335378071031357e+01 6.427144494625676430e+01 4.926389209722766793e+01 1.092396354177959239e+02 5.079515640657721320e+01 1.079070861286349157e+02 2.382324686754130028e+01 1.121580396042221537e+02
4.752852367885906659e+01 1.039955878099620890e+02 4.322558571741956257e+01 8.621629889840548344e+01 4.097176574458107723e+01 7.982620512957434755e+01 6.758727772435183567e+01 7.981295637549619926e+01
1.220348956044772137e+02 2.826409275503330321e+01 6.447195997488343266e+01 1.266606998964097386e+02 8.813426014895124183e+01 1.225775297836413529e+02 3.455723367393024148e+01 1.305309496088821959e+02
5.565531396931585562e+01 1.022781771154620145e+02 6.351132164350863007e+01 7.265154024014657352e+01 1.310742202934283185e+01 8.995311512577148960e+01 7.536972704684905011e+01 8.273894641184277532e+01
2.993871756909100412e+01 1.239269743393235785e+02 8.558055704114758555e+01 5.139135402202705905e+01 6.126030007159951651e+01 4.596103487709307700e+01 1.046842080019288090e+02 4.145154354567836208e+01
2.814864224028031359e+01 1.198916753857630368e+02 6.292873036640808238e+01 6.944836488913981043e+01 5.765149762350335294e+01 6.103790854106314612e+01 8.833168304671342241e+01 6.189892083862040550e+01
6.961001515440209175e+01 8.885513613154398627e+01 5.603250651151038397e+01 8.658201666065102131e+01 1.171987872366703876e+01 1.015691727573390750e+02 6.138544474571918386e+01 9.394886924764931280e+01
2.671743735455005364e+01 1.203500626676431011e+02 7.345318643207092180e+01 6.097508684867112549e+01 5.464477483888614273e+01 5.756881879992432260e+01 9.308157846219579312e+01 5.497713144575309485e+01
5.093563918556390036e+01 9.961090246179222163e+01 4.150753890450822325e+01 8.814542044516178976e+01 3.875973421530504481e+01 8.232514057446275046e+01 6.299861790805696415e+01 8.291201029711518800e+01
8.023241795013201738e+01 7.631035741343711720e+01 4.268196791051745720e+01 1.052912341788737649e+02 4.685268305445344339e+01 1.040250998976187020e+02 3.291540768809689155e+01 1.067373161619303517e+02
1.127836477726047804e+02 4.364993695719837774e+01 4.908357421710009305e+01 1.210347314695119252e+02 8.268620843297215117e+01 1.176107516470655696e+02 3.105520057277016477e+01 1.241257805989859264e+02
4.854213556291267651e+01 1.025616463522424908e+02 4.406793812609608807e+01 8.373360405795261840e+01 3.854699058989258731e+01 8.087834613983909549e+01 6.580966644308735169e+01 8.007276419851309868e+01
4.123550000830688589e+01 1.075392296349774881e+02 5.269455659726741459e+01 7.791401770691122408e+01 3.984358374781445633e+01 7.377691091841593618e+01 7.286540522993880131e+01 7.382436127852518837e+01
6.691481560802432682e+01 8.883569300357187615e+01 5.124270483851801572e+01 8.719357496253715567e+01 1.444920146399597272e+01 9.921258186009406188e+01 5.849268306973397102e+01 9.376950184038388159e+01
8.001174213249187517e+01 7.532943406591347468e+01 5.070519497071671822e+01 9.994161700155497385e+01 3.178675272547975794e+01 1.059732146519644544e+02 4.460861094652953796e+01 1.041568897084261209e+02
4.617278766510513321e+01 1.083064691327146676e+02 6.139099381343037720e+01 6.845042511923608686e+01 2.747300710857917849e+01 7.903903689259840348e+01 7.827993717706024768e+01 7.410977185396896516e+01
8.042759008113702635e+01 8.369789542519652059e+01 0.000000000000000000e+00 1.064405583448884585e+02 6.200428820973451138e+01 1.037457888734477649e+02 5.023309600101291039e+01 1.038189686126652873e+02
3.110956865696891782e+01 1.163969306153438623e+02 6.333589725900019118e+01 7.699868517476645025e+01 4.923472629800370015e+01 6.633893915567030319e+01 8.345325362459976759e+01 6.522166646602737217e+01
3.012371992293627088e+01 1.235933924269851047e+02 8.402080873491016177e+01 5.301591919978087475e+01 6.236529442281211999e+01 4.477867002339770153e+01 1.035250331875857484e+02 4.265521065771236664e+01
5.008524215939088720e+01 1.007990835249982240e+02 3.936578287409432164e+01 8.761990438228295375e+01 4.228942506997053385e+01 8.246936942047672403e+01 6.437565611743667660e+01 8.238634938868237612e+01
3.987409855733539388e+01 1.109118051500962423e+02 5.550791418598485194e+01 7.588961770500608850e+01 3.984629693799591621e+01 7.096359242953028001e+01 7.569239708747809914e+01 7.201952095665484421e+01
3.055013895690678893e+01 1.183502395089331287e+02 5.892733853004393296e+01 7.194132736166476150e+01 5.895520888017922090e+01 6.381286758958002281e+01 8.732835502955543916e+01 6.417010261829406659e+01
5.077048995283033150e+01 1.034814865412181746e+02 4.622120079673112514e+01 8.959216349551668657e+01 3.767844084575354913e+01 8.605488625208562325e+01 6.485999345389235771e+01 8.548439548686320677e+01
1.170228099777867783e+02 3.848801456027749168e+01 5.414157341505509891e+01 1.252202905646979758e+02 8.484773577456802229e+01 1.222720114620566960e+02 2.514047852910201897e+01 1.300062335509662717e+02
2.770365274877204342e+01 1.169797946871337473e+02 6.517496044555068124e+01 6.726683424010717260e+01 5.591931498214164264e+01 6.147575402537818690e+01 8.873317686563663642e+01 6.107744674077670055e+01
6.901968818348936452e+01 8.825051012557567276e+01 5.540831640160441651e+01 8.755685038283201038e+01 1.236801936643667155e+01 1.007388497405251400e+02 6.081846789242834461e+01 9.420372499377496922e+01
1.782111655314590948e+01 1.248623174529278828e+02 7.270936130237467410e+01 6.530098673386522989e+01 6.189719149185553704e+01 5.679191705269791868e+01 9.738170520358303861e+01 5.392283051994936471e+01
7.711683294534526567e+01 7.778370849228446104e+01 4.273598288865043315e+01 1.009063610865240150e+02 3.997263577564923054e+01 1.029573096208363552e+02 3.663232805851770735e+01 1.040922841502274565e+02
2.743013840049570007e+01 1.217796857222841709e+02 7.875364957793775034e+01 5.485545179236783042e+01 6.218123994563328694e+01 5.103477264500288157e+01 9.989956159935962887e+01 4.630097138621655262e+01
5.325013778561131517e+01 9.634670564733616516e+01 4.170905579053801659e+01 8.581199531496775990e+01 3.788595900774005543e+01 8.401169682033165031e+01 5.998761379192330168e+01 8.346221004097513685e+01
3.764587321683286802e+01 1.140604662552733828e+02 6.174982864119396453e+01 7.267735785694483752e+01 3.929170287663907857e+01 7.648949166971456748e+01 8.102319978927057775e+01 7.264144066206915795e+01
3.086225081473914500e+01 1.170912479768379484e+02 6.326762917581862666e+01 7.045760403803865302e+01 4.824578302802854068e+01 6.321833121513137854e+01 8.457846625535570695e+01 6.458735924592025412e+01
7.184079114805108190e+01 8.537295657690694384e+01 3.888736022359049826e+01 1.012164688965452939e+02 4.306223473389601253e+01 9.933607994897967330e+01 4.180015017538016053e+01 1.002984482086143885e+02
6.309529476920004498e+01 9.313522217778394463e+01 5.276470773295680772e+01 8.421703133150310805e+01 1.291573132109266098e+01 9.632965052796977545e+01 6.207987451812974200e+01 9.063455541254077730e+01
6.041110603352291264e+01 9.747074396807926178e+01 6.070720360746562960e+01 7.734161841287415484e+01 7.063000317424060981e+00 9.397438288974089460e+01 7.025809042391169612e+01 8.647591442304262443e+01
6.251709324106266763e+01 9.533681752147947464e+01 5.077154557853778272e+01 8.624856348188313859e+01 2.503644775613970097e+01 9.487463178849299084e+01 6.049099266607339587e+01 9.106054560037891576e+01
5.127433821514147638e+01 1.044967771055354433e+02 6.292255686265708903e+01 6.969223421100950588e+01 1.775085422075224528e+01 8.359667132170541493e+01 7.654239869211708935e+01 7.887108951864543371e+01
1.240594153876217973e+02 1.389406479595593957e+01 7.519860577757066267e+01 1.263256298595649554e+02 8.994904819203675572e+01 1.212882968064132712e+02 4.457752131044691879e+01 1.285972322055500285e+02
4.235929335076418312e+01 1.140767875978262111e+02 6.716367179499286522e+01 6.702801828040247756e+01 3.324927209749963453e+01 7.438314442204638510e+01 8.499655638120452750e+01 6.766704650124617615e+01
5.893882735834363018e+01 9.945812261141077215e+01 6.263710584998722197e+01 7.412724275361954085e+01 9.651752459484002955e+00 9.251952077141790198e+01 7.316595569557053125e+01 8.520318553170882581e+01
5.566875895586477441e+01 9.653274820724220717e+01 3.666756922563558163e+01 9.040645653501226775e+01 4.092381220987159196e+01 8.455098133389381587e+01 5.893821629914929616e+01 8.549475709625879460e+01
5.923457377954845526e+01 9.683842401715496351e+01 4.167737857410120483e+01 9.433122376465968273e+01 4.005460763667943525e+01 9.213221946271579554e+01 5.636911006054500461e+01 9.137352740868170997e+01
8.048739739217678846e+01 7.392406346283827645e+01 3.737161871355655762e+01 1.045058376758997980e+02 4.631297021562311045e+01 1.013074390475601234e+02 3.183355357531218033e+01 1.049265457647603483e+02
5.966737420825563731e+01 1.002158420182292815e+02 6.622180080115182932e+01 7.293080337697857374e+01 9.833379575730608835e+00 9.175832082597618466e+01 7.586053274614836539e+01 8.514776206424009786e+01
2.985758868924878939e+01 1.189422356533025606e+02 6.944190877711100995e+01 6.219350200285519747e+01 5.219844205401928861e+01 5.929503241391267210e+01 8.964812190543325698e+01 5.892286408337178472e+01
6.662431186191946608e+01 9.158354752506903651e+01 5.764737327939153744e+01 8.479574063086992908e+01 8.952919023019845213e+00 1.005271383546925676e+02 6.399179258912772639e+01 9.237666112952784658e+01
5.583234608889940631e+01 1.003710096133021210e+02 3.166830945841669376e+01 9.516863310791489994e+01 5.241638475186162793e+01 8.399705230034442138e+01 6.374517881575956579e+01 8.607627153569777079e+01
5.587140231343982322e+01 1.017000712812901639e+02 2.880221423583842366e+01 9.347627345519897801e+01 5.386586591536265445e+01 8.518332491363926806e+01 6.630965618194524325e+01 8.576935282837038699e+01
6.302939092273234678e+01 9.361041412526812167e+01 5.521835847847349044e+01 8.352859573891373657e+01 9.598977555895892522e+00 9.672966065159720017e+01 6.383174113293644325e+01 9.033935806432518234e+01
3.915625064511112186e+01 1.093296476563258750e+02 5.372702192925120102e+01 7.558054532847035034e+01 4.499032298706390520e+01 7.166319485979727233e+01 7.560386049483852844e+01 7.122382425303047171e+01
3.402200650846406660e+01 1.153172981584452401e+02 5.806858538127726632e+01 7.564698342170375156e+01 5.022771225353821478e+01 6.723546739907780534e+01 8.240538467450851101e+01 6.764653229503809939e+01
7.465288880992046927e+01 8.171399041591914170e+01 2.043212505116284916e+01 1.038147359368817177e+02 5.106098299557215370e+01 9.737592197021649554e+01 4.110258348680187623e+01 1.009057201457393802e+02
3.394901543467582883e+01 1.165694738954650518e+02 5.816738231680474769e+01 7.943008509353508373e+01 5.919925905222373785e+01 6.628220159377235632e+01 8.481711617934871583e+01 6.784992255010146778e+01
4.698390608588516670e+01 1.035153949279208803e+02 4.240093409694013360e+01 8.442089535366238806e+01 4.180401729521651788e+01 7.901353085340025473e+01 6.728812749314445796e+01 7.943484117004078371e+01
3.904104326231426114e+01 1.102776564741794090e+02 5.438361123146219711e+01 7.847354743290546253e+01 4.026000886276899848e+01 7.236329910220752026e+01 7.470773129982488570e+01 7.266822309093001309e+01
2.451086228778834197e+01 1.231965720079102766e+02 7.813108420487999695e+01 5.381634066345585410e+01 6.133849550505889425e+01 4.861499521511510835e+01 1.000376321357222338e+02 4.764064118003263104e+01
5.733535048062317685e+01 9.872715810735488162e+01 5.548423966522369710e+01 8.029949585483599606e+01 1.570352967978377023e+01 9.027811156857083574e+01 6.718129941054769461e+01 8.603532568868244823e+01
9.624596084568889864e+01 6.383457187882660122e+01 2.875837068567504318e+01 1.142076395099216910e+02 6.722605501397218575e+01 1.111921062484752554e+02 3.003176936480711134e+01 1.151278693992832984e+02
6.640513218269720142e+01 9.077119636846883566e+01 5.542283589307545100e+01 8.543917048412744464e+01 1.054492872480787646e+01 9.948782478674414165e+01 6.240981730901884816e+01 9.236427173383121669e+01
1.044318586885634659e+02 4.752785708322981861e+01 5.932541674626845918e+01 1.178840757701751443e+02 6.663611323091727456e+01 1.144937225478235661e+02 1.261085903984773005e+01 1.221746466161036011e+02
6.752902723636455562e+01 8.747620732146212674e+01 5.149070864551281801e+01 8.981493430687747548e+01 1.649151932046166635e+01 9.925983727061382922e+01 5.710719048279288046e+01 9.483561851183222302e+01
6.183634152755812607e+01 9.649702707549518266e+01 6.037441803291819298e+01 7.785238737610058024e+01 7.741190272291418317e+00 9.646079116011647159e+01 6.955813009545262560e+01 8.813164660171037212e+01
8.844713331775415099e+01 6.934682640586980540e+01 2.614442930322573844e+01 1.109708342526735834e+02 6.114550958250166701e+01 1.065479740518969578e+02 3.415830521994098490e+01 1.102760073835266041e+02
2.562825044636744565e+01 1.200971253292342169e+02 7.192127357120075715e+01 6.141317530872287023e+01 5.575770836629208560e+01 5.469239414335428506e+01 9.310578117093693606e+01 5.487377788447279414e+01
2.969740018326177378e+01 1.198157185614891915e+02 6.728496872309767696e+01 6.167175470675299209e+01 5.461527653859751297e+01 5.946063014871841546e+01 9.041266656887836461e+01 5.960892080706729246e+01
7.265323484238615492e+01 8.514168238129586541e+01 3.260569405810922916e+01 9.852258142634320848e+01 4.260725845330505734e+01 9.811143596982802251e+01 4.175924608223727574e+01 9.986727753110911010e+01
2.973827894310577591e+01 1.217080671633795532e+02 7.311687318056374352e+01 5.868020878026069198e+01 5.142205647403883972e+01 5.839053387569838094e+01 9.286130713883973442e+01 5.631350379633165915e+01
3.534619727082230867e+01 1.149627531560559248e+02 5.649066565992681177e+01 7.819590603369459814e+01 6.022271981836824750e+01 6.726375868926898249e+01 8.441828304137163741e+01 6.758805041118203860e+01
2.489450705424170351e+01 1.229580709212487335e+02 7.003226087529841948e+01 6.234161702618499845e+01 5.575299718393173976e+01 5.629168094172979409e+01 9.358354276131002791e+01 5.681574284429770927e+01
5.696149857021722340e+01 9.340072923358346202e+01 3.788704073249117954e+01 9.007937410095222219e+01 3.770849955716404622e+01 8.659704320806814337e+01 5.603747031809886892e+01 8.677889641735674786e+01
3.306312049543659981e+01 1.137943103503245368e+02 6.220635616381181165e+01 7.019565765617917918e+01 4.958080975756635667e+01 6.440126531506970764e+01 8.310752986678001264e+01 6.541177223566927523e+01
3.194105980313204540e+01 1.176188303500576211e+02 6.396871919141783280e+01 6.584476882436705125e+01 5.145813045571780009e+01 6.013664291390187344e+01 8.632831699295670091e+01 6.254674100528210090e+01
6.403738446415414387e+01 9.209506833016627070e+01 5.156536939015830967e+01 8.622749079525698335e+01 1.453264257970112006e+01 9.707925783541486453e+01 6.040166725714088614e+01 9.181292485066828135e+01
4.499737721939141011e+01 1.079867954447047111e+02 4.919101276392541422e+01 8.094136479059123701e+01 4.223829446368835505e+01 7.473115956848641872e+01 7.111854874504655299e+01 7.558525383700295208e+01
1.257223979385901771e+02 0.000000000000000000e+00 8.369789542519652059e+01 1.282479493491419760e+02 9.496532959564264331e+01 1.221425435156241122e+02 5.206402479181238618e+01 1.297241756333107503e+02
8.323874632237860283e+01 7.099919941186253425e+01 5.080114984253628307e+01 1.031371979207701344e+02 3.629469860207065324e+01 1.052540181163075204e+02 4.055671316484954048e+01 1.060713367617231597e+02
6.572413744801640689e+01 9.291987610962981137e+01 5.393938296927337461e+01 8.293780758017950916e+01 1.105447025282038886e+01 9.925337641769917241e+01 6.324956651187059009e+01 9.104234686100342344e+01
7.486237417723904741e+01 8.283109953701089978e+01 3.812104124295256469e+01 1.033419316425488574e+02 4.574387147778571006e+01 1.000060291681648437e+02 3.871123762879031460e+01 1.022996076159427759e+02
2.342112899863816011e+01 1.220409595066164172e+02 7.078444711063387729e+01 6.487739273076142865e+01 6.093338204804917524e+01 5.455519381861171269e+01 9.403629776956103115e+01 5.517898953177773080e+01
6.655329135299042775e+01 9.022884679945177311e+01 3.880921022402668541e+01 9.728184416681865798e+01 3.895386081064161488e+01 9.599513255400478329e+01 4.794039711052116814e+01 9.670409664494806634e+01
6.519354165338238261e+01 9.122742521009951133e+01 3.817217424472583076e+01 9.546900942692776937e+01 3.764309052451004334e+01 9.486915154304216458e+01 4.912493245759530680e+01 9.513364561167840350e+01
2.667161341903856098e+01 1.226470132289354638e+02 7.820239543048828068e+01 5.383297572564551103e+01 5.748951549280023698e+01 5.141241940217164341e+01 9.864033217092199379e+01 4.860475670209159205e+01
6.948918114830679826e+01 8.643436502681151978e+01 5.182763781313254015e+01 8.997785303303679427e+01 1.702770881295159455e+01 1.009670407638671321e+02 5.675207846203924333e+01 9.607383283831779863e+01
4.134126798822001803e+01 1.099769499477677783e+02 5.139747998685385966e+01 8.033557122233291636e+01 4.600554257746659914e+01 7.307211570491128327e+01 7.430199879926874473e+01 7.335286846273959327e+01
6.342883921041722317e+01 9.496532959564264331e+01 6.200428820973451138e+01 8.022484719422648425e+01 0.000000000000000000e+00 9.606204113651966736e+01 6.957779558761846772e+01 8.916221489104862030e+01
1.247047571615086952e+02 1.723722350291666316e+01 7.407605423557009772e+01 1.274410712486529889e+02 9.241272310784849253e+01 1.227204136269520802e+02 4.477823571524292134e+01 1.305652199806506815e+02
7.850211184755885085e+01 7.392761437255262535e+01 4.857292214236863259e+01 1.007220294251624750e+02 3.220280709127050756e+01 1.014023946207311582e+02 4.442468281157361076e+01 1.030873455562086036e+02
1.198388443299531474e+02 2.800326257934508334e+01 6.343407602983251792e+01 1.252907395720801134e+02 8.374989011800364835e+01 1.207536298316259717e+02 2.716592450435449280e+01 1.291393320102224891e+02
2.691956119469624653e+01 1.191524738547113458e+02 6.471051172293783793e+01 6.875639695649719840e+01 5.351608576429483577e+01 5.989097434546716414e+01 8.774957543284767780e+01 6.194995490958053352e+01
5.491667899254192520e+01 9.509148102286270898e+01 3.859745572621432785e+01 8.899979800509775885e+01 3.982600536906726774e+01 8.338144481402380848e+01 5.941877423349304621e+01 8.457969681171553589e+01
4.670219170659418495e+01 1.043947837244531343e+02 5.770414852841847164e+01 7.315846986997523516e+01 2.812244651036060006e+01 7.787229664351194458e+01 7.328977388594498166e+01 7.614735249448993670e+01
5.515751501696882997e+01 1.020976813019522638e+02 2.994049085357139717e+01 9.195904993940131078e+01 5.340446057932489055e+01 8.488292074508964902e+01 6.597773064254992903e+01 8.544637018979231868e+01
2.356810448331498264e+01 1.222082727192723013e+02 7.481178582601948790e+01 6.028524112940538515e+01 5.542913659016612371e+01 5.551655448385991320e+01 9.578844096271495800e+01 5.270233217172601314e+01
6.338843434398442156e+01 8.837929863439954659e+01 2.898229564624642407e+01 9.336533594222302668e+01 4.349011053723243947e+01 9.021027287839444853e+01 5.039425576429812992e+01 9.188555485831628289e+01
8.350204885274013122e+01 6.999912241383375999e+01 4.340984266987304352e+01 1.046042335309938807e+02 4.194373546211643600e+01 1.028881452896214626e+02 3.280583706780610953e+01 1.067786325496398661e+02
1.094911498801526761e+02 4.176187760280978978e+01 5.660447620367943244e+01 1.219141438462886669e+02 7.391875280480245181e+01 1.168801618385149084e+02 1.181865435693684141e+01 1.256954846331962159e+02
2.305119176803819059e+01 1.198622962231841313e+02 7.041616765870506356e+01 6.404443940734309137e+01 5.996291139834846717e+01 5.462629593458680688e+01 9.312548235533731145e+01 5.531241113210287352e+01
4.958304348478050372e+01 9.770001619686686922e+01 5.107028773382755560e+01 8.178823783934218739e+01 2.346399325660158652e+01 8.036468897410409795e+01 6.416641335999555906e+01 8.340678138602001468e+01
8.170997191186172870e+01 7.808210741265719435e+01 3.731073317049155946e+01 1.082548106078950383e+02 5.469778478103396679e+01 1.042080117266588672e+02 3.312758758576869411e+01 1.074720420758041968e+02
4.080924093145195997e+01 1.103855743554039606e+02 5.280412357404556190e+01 7.833137831340972923e+01 4.263887805589070013e+01 7.174605721735507302e+01 7.463939641598857122e+01 7.293089468973401779e+01
2.114850744876585509e+01 1.217214867411591968e+02 7.040692777313459771e+01 6.472627073465700676e+01 6.083181391724347975e+01 5.346910613987893868e+01 9.382805293431336224e+01 5.467340843227248115e+01
6.898277717674830001e+01 8.673943832669679921e+01 5.436948938322797886e+01 8.919105270448078215e+01 1.414551887141343656e+01 9.968841957512732677e+01 5.926809849621685800e+01 9.466702571501903662e+01
4.294875964332809559e+01 1.063632771013193263e+02 5.121997551985931096e+01 7.850698931315496054e+01 3.988990294727827290e+01 7.563761135672669411e+01 7.144546403246900468e+01 7.477473705536716864e+01
5.479293392202377078e+01 1.029313674353428922e+02 6.722949044547246444e+01 6.850499703288015496e+01 1.607188311312444284e+01 8.842762186778817579e+01 7.828010256850321014e+01 8.237213425470453387e+01
1.211284969113735315e+02 2.310520823150552161e+01 6.861075562249934023e+01 1.261942739569072245e+02 8.524320049120136389e+01 1.211425134814306830e+02 3.203091312707755378e+01 1.298069573013460172e+02
8.082813404393756684e+01 7.580513715173775324e+01 3.935627103684546313e+01 1.043913162287184235e+02 4.739571691138332454e+01 1.030873152752975415e+02 3.111099414308608146e+01 1.063725358910650414e+02
5.609845376903010106e+01 9.456440745874785136e+01 3.585472243733894260e+01 9.008028243701116367e+01 4.076486902270840318e+01 8.486072125096679031e+01 5.798501725528493012e+01 8.615096986416669722e+01
8.448352677721024406e+01 6.920815815060750253e+01 4.771681568278673069e+01 1.040820407176458247e+02 3.879123889206418596e+01 1.043683938721096354e+02 3.602568850036825410e+01 1.067906793833405601e+02
7.594495166398959896e+01 8.275442796692821901e+01 3.484391672136594309e+01 1.030352742142681421e+02 4.803758969796612632e+01 1.006032385395415929e+02 3.834005736077642013e+01 1.026765750841979070e+02
