4.231387749353110195e+01 1.264761164970545764e+02 9.909895528679697918e+01 6.574979281996148472e+01 2.563941922517419414e+01 8.547777945482364714e+01 7.763554229207399260e+01 4.697223829180336452e+01
0.000000000000000000e+00 1.215583306623028790e+02 7.635430129564650770e+01 6.703271762047332061e+01 5.895582286993768406e+01 6.004996716648908262e+01 5.488728039581275198e+01 5.560514792520157101e+01
1.664754251338407087e+01 1.210424835421311371e+02 7.186255401879907367e+01 6.010832692872259031e+01 5.528670218671425118e+01 6.524133579829434382e+01 4.571377305360144305e+01 5.440715468507809049e+01
5.541007214559218141e+01 1.202768404445099577e+02 1.037340156028006533e+02 6.817618943913078056e+01 1.529178161144623971e+01 9.429676258728819960e+01 8.655022472273084588e+01 5.068698357962257006e+01
3.421194284604165858e+01 1.282903880602730169e+02 9.785747333177761220e+01 4.344342321652684547e+01 4.295105235778862607e+01 8.245496532539121404e+01 6.955765324780686854e+01 3.299655274802702110e+01
1.954607948372203197e+01 1.218376006147542796e+02 7.741131039242273459e+01 6.050676249901015069e+01 4.836953846474570895e+01 7.028167727057240199e+01 5.371202235582656215e+01 4.766221334748138361e+01
1.466654354763007895e+01 1.188629348460621173e+02 7.349532555924375288e+01 7.306016207302320709e+01 6.381286758958002281e+01 4.965822646091448433e+01 5.137749752457178687e+01 6.417010261829406659e+01
1.734910528002245655e+01 1.149956415344898204e+02 6.229809197317866420e+01 6.912678331433889412e+01 6.397126874759298687e+01 5.523723481021738735e+01 4.134566479513509307e+01 6.403565764592772780e+01
2.823267445161689793e+01 1.109665637245065142e+02 5.773247343367112450e+01 7.940076751424957990e+01 7.174605721735507302e+01 4.247964603795678329e+01 3.806567510520590503e+01 7.293089468973401779e+01
2.615547116814261486e+01 1.276773668974810079e+02 9.446196609681382483e+01 5.131013196753184502e+01 4.666270883157507399e+01 7.564760161290648455e+01 6.887872614606345678e+01 3.862824440602677356e+01
5.560514792520157101e+01 1.293984404374758128e+02 1.041568897084261209e+02 5.058709417864693592e+01 4.844792382087375415e+01 9.831941932787856331e+01 8.163518052701179784e+01 0.000000000000000000e+00
1.842553320411339968e+01 1.156664712560253605e+02 6.539978630034264029e+01 7.667813490518236108e+01 6.723546739907780534e+01 4.755224796876618854e+01 4.422439177695699186e+01 6.764653229503809939e+01
1.383311863399788244e+01 1.222964773036403727e+02 7.364489311372531688e+01 6.148611329277746762e+01 5.551655448385991320e+01 6.565199993231998121e+01 4.754870260014394745e+01 5.270233217172601314e+01
3.518508942007530038e+01 1.244820223213098558e+02 8.737577130784326584e+01 6.257538684237027837e+01 3.575429436405492112e+01 8.062775329441640793e+01 6.228247710706001783e+01 4.833816963027328484e+01
1.434061918166546334e+01 1.201622145186558583e+02 7.141761460504771719e+01 6.260284876373118834e+01 5.946063014871841546e+01 5.845639852959384086e+01 4.678580243104704550e+01 5.960892080706729246e+01
2.646623912008921664e+01 1.200617173972596419e+02 7.278711085828176408e+01 5.355989638526601482e+01 5.440166753794047594e+01 7.293418051006914027e+01 4.344306343232922529e+01 4.916669745549197756e+01
2.456787201016257427e+01 1.141902044592752787e+02 6.249882026538954705e+01 7.168017289704954464e+01 6.717418032535965722e+01 4.859436414366048496e+01 3.894561700012079797e+01 6.890464228984166084e+01
1.286964855827941356e+01 1.227609776908532240e+02 8.337921091195256906e+01 6.805912121120839231e+01 5.766534755289396230e+01 6.155181014729279099e+01 6.259362316554862815e+01 5.355742273094526951e+01
3.284068755806239182e+01 1.268414985744262538e+02 9.365015650811655235e+01 4.641679735754539848e+01 4.218166948377799486e+01 8.139792106571907482e+01 6.555414219515283492e+01 3.498273715311054133e+01
4.066434337290666434e+01 1.086178157758072018e+02 4.932328787799482228e+01 6.981025655783142270e+01 7.903903689259840348e+01 5.330535290420968408e+01 1.940306520792705314e+01 7.410977185396896516e+01
5.373133899248920642e+01 1.203637287306354295e+02 9.584574877220259737e+01 6.558555898234571657e+01 1.971211069629904244e+01 9.561962614178496267e+01 7.792406804894314121e+01 4.609955982037603661e+01
3.699536558641294448e+01 1.072016655289284586e+02 6.269599015205309911e+01 9.009731522018043393e+01 7.854163615075637495e+01 3.257165850047095290e+01 4.897047065366093221e+01 7.958934581488368565e+01
2.012066339716745489e+01 1.208529836419321555e+02 7.601137352825961102e+01 5.836782975754163516e+01 5.004074070510353778e+01 6.749505804737135861e+01 5.055402211002750335e+01 4.998750564817766673e+01
4.275963430174850544e+01 1.180714821587662868e+02 8.532347052793946318e+01 5.709752968814843399e+01 3.300486875789271579e+01 8.458947459227765364e+01 6.139942435907021689e+01 4.447643267780291154e+01
2.817395472674407131e+01 1.275422638709063108e+02 9.161431692640326219e+01 4.890865206759085027e+01 5.362178081578502287e+01 7.387019655297764587e+01 6.336447189330345964e+01 4.378703112549083443e+01
3.499982919468519782e+01 1.044327709865117555e+02 5.447974582017700129e+01 8.618464680223539176e+01 7.901353085340025473e+01 3.457886571553473232e+01 4.141906435161018862e+01 7.943484117004078371e+01
4.224038834020360866e+01 1.222654274812010442e+02 9.273491509301210556e+01 6.228708381541180472e+01 2.812543305668182114e+01 8.694952589083369787e+01 7.028280549875621830e+01 4.427134651538065668e+01
3.885660311201236539e+01 1.270711472329643499e+02 1.006314264949087089e+02 4.054559214445001913e+01 4.076583593974462616e+01 8.606031668256105149e+01 7.592010738124579916e+01 2.845255175359616473e+01
7.733200110791958082e+01 6.909686407470890401e+01 2.357979895901382505e+01 1.084251642366957782e+02 1.027881938693955988e+02 4.349643100498266790e+01 6.192523728196911748e+01 1.080700225866891628e+02
1.471819136134019246e+01 1.193573134652468610e+02 6.953647579069331641e+01 6.977540900355563736e+01 5.989097434546716414e+01 5.498878190293270052e+01 4.628557192461478564e+01 6.194995490958053352e+01
9.621726384597963033e+00 1.218066188417046050e+02 7.662229887999710343e+01 6.600821437730256491e+01 5.346910613987893868e+01 6.110942385037137115e+01 5.400818127110117217e+01 5.467340843227248115e+01
4.324351282854452450e+01 1.212226646911818193e+02 8.842721179078225191e+01 5.625642770545636751e+01 3.175938677138569943e+01 8.622530193404830356e+01 6.407727060789929396e+01 4.353905051899320000e+01
1.413767966332698833e+01 1.171605010526008783e+02 6.699322415067489089e+01 6.889911192901149661e+01 6.209542678830271711e+01 5.525324061882114535e+01 4.617512484760623437e+01 6.301015762247409668e+01
8.514244839029204570e+01 6.457552687525442536e+01 4.445424331177509458e+01 1.160672476828313080e+02 1.111921062484752554e+02 3.510008683970348642e+01 7.801272395952389616e+01 1.151278693992832984e+02
2.189304000485394397e+01 1.268465714646826399e+02 9.237176299587738981e+01 5.758356250155211598e+01 4.763846477183541595e+01 7.197804897999307627e+01 6.843753365378412923e+01 4.279999381874812059e+01
6.004996716648908262e+01 9.014540187396762860e+01 5.228610306624387505e+01 1.052725967162811145e+02 9.727172806113181025e+01 0.000000000000000000e+00 6.062883736827074443e+01 9.831941932787856331e+01
4.263154294853929827e+01 1.245309046882056521e+02 9.324386507388005896e+01 6.286380776946174365e+01 2.629270410950669046e+01 8.823037101761188694e+01 6.962356698290494705e+01 4.562942370079130683e+01
1.928013689542258291e+01 1.264620405132414191e+02 8.747327088210249713e+01 5.981026098953651626e+01 5.096481770589550564e+01 6.871856243553756372e+01 6.317636878774553821e+01 4.623518426802876746e+01
2.632044395956965133e+01 1.283553934702460140e+02 9.500302801618018123e+01 5.356575928154537536e+01 4.639710774605744348e+01 7.854437763325661592e+01 7.034395048340167023e+01 3.682156236004307459e+01
1.318776380666027137e+01 1.216928288515428989e+02 8.098506802717211883e+01 6.335660500749664692e+01 5.593766464928401660e+01 5.831951058360148465e+01 5.823369701186320668e+01 5.537157569911144606e+01
2.365039682010232625e+01 1.258526604910769180e+02 8.547624857117787656e+01 5.129448696424513088e+01 5.641066703009087036e+01 7.058884650315631859e+01 5.657299952538704702e+01 4.615072049279074662e+01
4.193928876955504137e+01 1.287647106248444402e+02 9.675476355116386173e+01 4.003566798740349242e+01 4.161472148170774688e+01 9.181434984271803046e+01 6.731543477429933375e+01 2.597588857739326684e+01
2.009321838788175185e+01 1.230145143722103001e+02 7.873270487502935566e+01 6.412267993171370506e+01 4.904959980008512588e+01 7.161568209610507552e+01 5.729695672465850720e+01 4.497278881404615447e+01
1.058810470784669349e+02 4.421681160492649099e+01 6.230105094082290407e+01 1.223839868157993607e+02 1.176107516470655696e+02 5.898660106716303630e+01 9.275342171680084391e+01 1.241257805989859264e+02
4.280597572125683570e+01 1.190043105549198685e+02 8.767923601396590527e+01 5.579083429445584130e+01 3.137273702746295001e+01 8.513280739766285876e+01 6.437158536303221013e+01 4.054858996684312444e+01
1.003530864666741174e+01 1.218559539794297706e+02 7.438772948132506713e+01 7.083322303835747391e+01 5.960524398416395542e+01 5.596836043958630569e+01 5.175122980311061127e+01 5.922914343079376920e+01
4.940946432474606809e+01 1.214925045019060548e+02 9.362644476909852642e+01 5.756620072983827896e+01 2.453037811163849113e+01 9.256587035633857852e+01 7.220598218222833964e+01 4.296443218428424871e+01
4.643273904025871701e+01 1.203443131931867924e+02 9.896546118258396518e+01 6.360204709789044841e+01 2.199636189017772736e+01 8.794207407872588078e+01 8.088253873837037133e+01 4.403986690795385073e+01
4.291153773724285969e+01 1.015643835736154159e+02 5.862660836793445895e+01 9.449171080490538088e+01 8.209552908484288025e+01 2.679096822730953775e+01 5.021098911997682279e+01 8.473344179845048529e+01
3.990115053434278991e+01 1.216403041817508637e+02 8.609736055930142129e+01 5.812667076738448912e+01 3.286200884629509744e+01 8.360683728137055937e+01 6.093407483169437455e+01 4.459776048286637717e+01
2.520906454847516187e+01 1.285498422585492619e+02 8.925080413025361281e+01 5.401833177429114130e+01 4.886682755351667140e+01 7.742347633424590470e+01 6.168251368014921354e+01 3.930512686808623357e+01
2.753605610915572299e+01 1.260112060843610777e+02 8.909161087336207174e+01 4.662565463346562211e+01 4.702834422981668183e+01 7.687771774633330324e+01 6.012312193424601503e+01 3.830134170488736345e+01
3.832413138459285307e+01 1.019985448665497927e+02 5.610382618743112459e+01 9.000502864941056202e+01 8.118986654030966577e+01 2.994109830533778194e+01 4.572114227569726097e+01 8.189980691579603445e+01
2.070750841444597512e+01 1.167321953043730076e+02 6.419723595931411353e+01 7.720849325745267322e+01 6.633893915567030319e+01 5.285356334565318548e+01 4.569988716681883290e+01 6.522166646602737217e+01
4.470841913545120860e+01 1.241323335436572251e+02 1.024527788067659202e+02 6.709808685932684114e+01 2.261774162573374269e+01 8.499866742828091049e+01 8.257674851744670264e+01 4.914662170200508484e+01
3.739753263949732798e+01 1.243293294415555010e+02 9.574771788272511230e+01 5.835950811776633884e+01 4.649467738856256460e+01 8.701817032281434194e+01 7.705190863101212528e+01 3.666514125394650847e+01
4.510084975271487195e+01 1.163789585373474438e+02 8.508426962204931954e+01 5.523145179723106679e+01 3.106134402897059488e+01 8.752183229369187245e+01 6.242438620736390220e+01 4.235513639465911240e+01
4.719147609647188091e+01 1.225648776990271216e+02 9.443819055199412560e+01 5.434631604884237532e+01 2.651136970402727044e+01 9.046154212144369922e+01 6.956522105884792495e+01 4.179371546108635727e+01
2.078029847743051306e+01 1.172439292244373519e+02 6.956968184687403323e+01 7.576241875992073460e+01 6.662614815653628852e+01 4.662951328427828912e+01 4.631939125565125437e+01 6.649991801926636015e+01
4.946924685471313410e+01 1.248348046412559995e+02 1.002839998735467759e+02 6.270272877644228515e+01 1.913921388064886031e+01 9.386440337076504647e+01 7.915553265978628872e+01 4.480305533804305895e+01
4.044348496875659293e+01 1.252390077553808254e+02 9.216383673641706764e+01 6.375836275136884979e+01 2.722335659114769513e+01 8.589770908599865606e+01 6.867757381553953167e+01 4.601495031894151566e+01
4.617174385815647497e+01 1.223866099807556651e+02 9.421066763613725925e+01 5.392427468952741521e+01 2.743547887042279854e+01 9.088886202594285635e+01 7.063677221129019301e+01 3.975095764274869481e+01
1.702978427817186002e+01 1.220350810195095477e+02 7.998664594055230737e+01 5.532855006869119308e+01 5.103477264500288157e+01 6.948805234008584364e+01 5.570417404664533478e+01 4.630097138621655262e+01
4.156418859604151095e+01 1.282018282564770857e+02 1.056633754399184539e+02 5.668969626424640751e+01 6.322338557792649993e+01 7.687111395429208471e+01 8.859335541597390318e+01 5.639491304984746023e+01
4.397240609985300352e+01 1.277818379025885918e+02 1.054825034053198038e+02 5.645395295384930279e+01 6.176620954393248297e+01 7.820592964947279313e+01 8.918711199484943108e+01 5.580699381214126475e+01
2.332711309968825475e+01 1.244885687180263147e+02 8.743270075224010895e+01 6.657418085848517819e+01 5.879517792858263192e+01 6.617222144400967920e+01 6.611101881654582257e+01 5.451400868806568667e+01
9.769753039174825915e+01 4.760713571580023995e+01 4.428558150622528444e+01 1.208081761990863043e+02 1.145669980737493177e+02 5.857542079735672047e+01 8.231002597318152425e+01 1.232914978018570480e+02
4.721716620445641865e+01 1.036800596229825118e+02 4.667057129056716747e+01 8.817887225368745874e+01 8.622423243260354297e+01 3.667532332225073333e+01 3.657110945757378317e+01 8.507425844996213016e+01
6.472165218181832813e+01 8.663729065527169837e+01 1.641824719818609779e+01 9.336411269328520746e+01 9.945795811852802615e+01 4.251650110920362380e+01 3.657573625973424924e+01 9.613732118289462392e+01
4.466769267276917077e+01 1.267096660247794375e+02 1.045924690260620480e+02 5.637978066177803527e+01 6.104095710944052655e+01 7.823782386228019448e+01 8.898286240757686016e+01 5.547560675885796400e+01
6.862415980702181173e+01 8.189861437797854649e+01 2.133120184665066787e+01 9.908089149920374439e+01 1.018392443234408091e+02 4.149780198758186600e+01 4.873138856807966590e+01 1.012698684834938661e+02
7.600621533248092021e+01 7.310954984370725640e+01 8.959835889303663592e+00 1.049809225324911495e+02 1.033452342194129585e+02 4.785626465805316343e+01 5.393014599967278855e+01 1.053936101439113457e+02
4.792060405845289495e+01 1.082185010323701420e+02 5.013718844587196344e+01 6.607224131531478406e+01 8.193148522231084030e+01 5.815246258622183007e+01 9.684505909853800887e+00 7.687449822625673335e+01
4.201169759447471819e+01 1.304725899808853455e+02 1.035977194135779484e+02 5.444454276996062703e+01 5.176627499128581888e+01 8.864454209714160982e+01 8.208776605539841853e+01 3.335355789076879773e+01
7.008659170471180744e+01 8.114659544890575660e+01 1.311970712961288754e+01 9.671616761752879654e+01 1.008807137997337975e+02 4.979374791383553145e+01 4.046622066860187061e+01 9.915833973419668723e+01
5.227986353963046895e+01 1.001418247660470371e+02 3.644307449224465500e+01 8.037080748443224820e+01 8.794141478540562673e+01 4.474748095934847214e+01 1.986702383428018592e+01 8.467353318045981325e+01
5.606435319892487712e+01 9.636593840921466381e+01 3.260736160919320525e+01 8.222442173803901255e+01 9.221580513295113235e+01 4.584081267462791232e+01 2.175444706466867828e+01 8.750274975193421767e+01
6.898204605887592322e+01 8.192648544112225295e+01 3.154473123784922350e+01 1.059518652325382817e+02 1.014215729698724999e+02 3.232498843985395354e+01 6.029886602495123071e+01 1.044137206393131265e+02
1.198314984213655521e+02 1.926543435508758506e+01 7.375491812412401771e+01 1.287829955991590793e+02 1.227204136269520802e+02 8.132309011380246488e+01 1.038120786134245037e+02 1.305652199806506815e+02
5.615140864284746414e+01 1.275438098474629101e+02 9.612177116627098883e+01 1.608124222162275174e+01 6.416964361935895056e+01 9.815954758552578596e+01 6.015314821789117872e+01 4.753545954085014813e+01
6.426845051924705388e+01 9.182997181459589342e+01 2.541304240069095854e+01 8.610084771552237726e+01 1.005271383546925676e+02 5.019514253289368355e+01 2.570670893891569619e+01 9.237666112952784658e+01
1.156021986224507856e+02 2.376096312101271835e+01 6.700688569042948473e+01 1.275417337888483615e+02 1.216324687546891425e+02 7.424462168515253779e+01 9.933460203822392032e+01 1.298534771432589139e+02
2.115057628652725086e+01 1.255026197441356857e+02 8.001174213249187517e+01 6.556188569671130040e+01 5.923319155049937024e+01 7.111085651570036248e+01 5.439265491147924081e+01 4.911636455923575539e+01
3.887183275368168722e+01 1.248560157175488996e+02 9.117850276096353923e+01 3.384357698067550047e+01 5.891162481506373183e+01 8.307288493098181448e+01 5.308150402952058045e+01 4.351428709435493403e+01
6.119059692057309263e+01 1.297472782037170020e+02 1.019238175405255760e+02 1.037662561249296189e+01 6.315232359888391045e+01 1.008591373454930533e+02 6.862648836564829935e+01 4.546518710604523505e+01
7.215027602973553655e+01 7.569123349203148621e+01 1.216324384030810180e+01 1.026869925630610680e+02 1.013732822702520622e+02 4.385148668039689568e+01 5.091708238887039784e+01 1.037839461269133210e+02
7.165280627300468552e+01 7.869866315713713334e+01 3.080436343605459371e+01 1.055584940598939880e+02 1.027700723411510211e+02 3.453943466106531446e+01 5.997412493147870549e+01 1.058241105355950111e+02
1.214271448894358372e+02 5.762230122163729540e+00 7.532943406591347468e+01 1.295134339858885255e+02 1.221425435156241122e+02 8.971187284088237845e+01 1.063450357102045984e+02 1.297241756333107503e+02
6.983457798469531497e+01 8.212165974208656394e+01 2.595017653468468311e+01 1.029495009153412042e+02 1.022159798245251636e+02 4.222193342441854469e+01 5.574035593396543931e+01 1.031259965546352930e+02
6.714666220996356572e+01 8.536360525977754321e+01 1.460194367085655465e+01 9.369455129438615870e+01 1.009172862555739982e+02 4.576351456655128658e+01 3.671151550993218393e+01 9.663526466932650294e+01
6.066754051159624339e+01 9.586269735800208025e+01 3.115448871760910876e+01 8.120290477420948605e+01 9.773024074271307882e+01 5.063109686300597190e+01 1.921409630803247381e+01 8.882634644684637237e+01
4.008828663730192687e+01 1.260858316127899030e+02 9.788317835146567347e+01 6.133195441490099142e+01 5.860220400713100020e+01 7.206737602802436982e+01 8.045030615950916797e+01 5.996999969666131847e+01
5.066568856023759082e+01 1.257747208504928125e+02 9.039358228213137636e+01 2.234408973797987485e+01 6.880745212379605391e+01 9.124599144763118375e+01 5.173512354936620028e+01 5.452726365873247971e+01
6.120437883418522063e+01 1.268905117027628364e+02 9.704788069017470775e+01 1.011840110833055917e+01 6.579156733758844666e+01 9.985944976305601983e+01 6.227283520286174934e+01 4.948436682682135768e+01
5.531135435231121278e+01 1.269887170279218935e+02 9.543332837507551858e+01 1.543761958389565692e+01 6.622251089222096709e+01 9.646919991272172012e+01 5.787890073372560096e+01 4.976167424368910019e+01
1.183495390728936343e+02 1.583568740558317245e+01 7.045426475160080315e+01 1.278493079756579647e+02 1.212882968064132712e+02 8.191797475939779360e+01 1.022430175318435204e+02 1.285972322055500285e+02
4.989683724166606282e+01 1.260557985552682965e+02 9.347565026776693742e+01 2.183843285751975216e+01 6.510762166666521011e+01 9.161922977339142449e+01 5.547307450281832786e+01 4.722493452994485352e+01
9.189368157795212255e+01 5.568929310125479759e+01 3.788285525102149620e+01 1.174777523845304614e+02 1.122785237737099209e+02 5.305310053033939255e+01 7.662634884709061112e+01 1.196457202796311776e+02
4.655030343023204153e+01 1.258918829886454063e+02 9.290276680984287339e+01 2.520564851465822187e+01 6.160103214769544167e+01 8.850986007657841981e+01 5.531519817384837978e+01 4.718159702017926094e+01
5.691346555042385802e+01 9.388482519026817386e+01 2.796910635522184663e+01 8.765776619766840838e+01 9.290464884988443828e+01 4.066292620933235469e+01 2.931116623643216457e+01 9.019583153165450540e+01
2.329322340200873853e+01 1.285324363247695487e+02 8.996415805506319430e+01 5.873608695542210256e+01 5.808368967465928989e+01 7.401590700539652801e+01 6.436093962635567323e+01 4.425183663996393335e+01
5.399821922410437480e+01 1.258236158450808517e+02 9.443940199576361749e+01 1.787172081937050550e+01 6.491784229149958207e+01 9.438876339621425871e+01 5.749815095742061999e+01 4.754353073594786849e+01
8.406715696854340081e+01 6.538565593466447012e+01 3.000062290539373677e+01 1.127243973657941325e+02 1.089858532732807248e+02 4.631099402474943361e+01 6.927905273668157804e+01 1.141088687068726557e+02
2.474930432462610952e+01 1.262408886721267010e+02 8.773070107805899909e+01 5.612683034781310454e+01 5.912414350922914252e+01 7.385992720301338466e+01 6.002333718093436943e+01 4.226705637448714725e+01
6.027257865543254667e+01 9.603397216149456028e+01 3.122901577147995056e+01 8.749075108391770073e+01 9.487463178849299084e+01 4.267864760450123640e+01 3.377149653805670226e+01 9.106054560037891576e+01
2.116488314091845879e+01 1.262204908496347286e+02 8.489308335019110530e+01 6.920390393772976267e+01 6.444606017948905219e+01 6.127624794257634022e+01 6.243809504102659247e+01 5.983720426622385702e+01
1.195780991776988458e+02 1.610345466685735971e+01 7.397762065476800331e+01 1.283771462670109145e+02 1.222284041561452312e+02 8.368824158886711473e+01 1.035801853126492773e+02 1.296768836599125336e+02
5.970015982364679274e+01 1.279399826335571788e+02 9.881854383131040720e+01 1.036437027253533927e+01 6.465277945172110208e+01 9.989780061228502461e+01 6.405408888168068415e+01 4.642658472851647389e+01
3.390055326434615779e+01 1.278185675513877726e+02 9.624974966761880069e+01 3.809875193414517014e+01 4.986978755660231855e+01 8.441507800412927054e+01 6.408028755874862270e+01 3.219442823088885319e+01
5.115051736929538606e+01 1.267924200776951835e+02 9.522063766561478815e+01 1.893998869583377243e+01 6.146817041220079147e+01 9.402195482323348585e+01 5.889764802534386234e+01 4.304878987641674826e+01
3.342806304416067320e+01 1.258698694622912910e+02 9.409874248616928583e+01 3.823105213482728715e+01 5.170846282656875559e+01 8.089765784221604861e+01 6.256201192430475544e+01 3.489520455576549551e+01
5.563296261838804924e+01 9.310928181581199681e+01 2.624308717723564044e+01 9.056225568148771288e+01 9.212237183837217458e+01 3.784906142377449356e+01 3.300595273116800854e+01 9.118811448057634550e+01
5.073395256294363520e+01 1.256209166939378008e+02 9.575868517121385537e+01 1.963283891278965854e+01 5.994618726636980455e+01 9.145146416665302525e+01 6.038364831127209698e+01 4.456007326402969682e+01
1.076767748406817304e+02 3.989057220870432729e+01 6.320846690872924967e+01 1.267328955498037999e+02 1.222720114620566960e+02 6.211559365735271143e+01 9.590947487270405247e+01 1.300062335509662717e+02
5.342250880302153604e+01 1.266175710906534277e+02 9.117728598746980140e+01 1.923731993931846773e+01 7.214820133905477917e+01 9.470837137803395933e+01 5.153134952782995271e+01 5.504208433808554446e+01
6.703271762047332061e+01 1.294996192263684804e+02 1.018853613057794831e+02 0.000000000000000000e+00 6.749915185889102531e+01 1.052725967162811145e+02 6.633337335645678934e+01 5.058709417864693592e+01
9.451330391186044722e+01 5.363444270085852850e+01 4.460861094652953796e+01 1.199220171138243387e+02 1.148177239959599660e+02 5.361383403613236709e+01 8.168269471959648342e+01 1.220718545117657641e+02
7.385086843432888770e+01 8.146724316874832539e+01 1.545365863535814199e+01 9.930839136795965771e+01 1.062748847080583801e+02 5.099205573174959483e+01 4.901201194436669795e+01 1.030118552979128594e+02
5.736984131205479542e+01 1.266804209237837568e+02 9.532799971838389297e+01 1.340203000463724159e+01 6.622832333348920031e+01 9.790410486043342075e+01 5.890599059087498546e+01 5.027643937144826225e+01
5.803901919394436248e+01 1.289832054320058319e+02 9.897230923261930968e+01 1.256228757107958849e+01 6.369297861192409016e+01 9.874944496831102470e+01 6.347907496632277713e+01 4.514181405324509200e+01
3.813875922547314445e+01 1.275265850536724912e+02 9.927995285397702219e+01 3.761382865783030383e+01 5.303875828887046850e+01 8.355374273475952407e+01 6.936752050116633939e+01 3.472735695330220551e+01
5.004294447309568739e+01 1.263266164256312152e+02 9.682320768445079295e+01 2.022080579184323668e+01 5.897641392033686003e+01 9.261915456389280621e+01 6.147955329623614062e+01 4.147423338888099664e+01
1.215583306623028790e+02 0.000000000000000000e+00 7.627314576326962481e+01 1.294996192263684804e+02 1.214176603727427306e+02 9.014540187396762860e+01 1.063045479615275184e+02 1.293984404374758128e+02
8.344870176834176334e+01 6.601421583980354058e+01 3.043009494872930532e+01 1.123874315271928168e+02 1.087116365215529470e+02 4.565393376596588126e+01 6.895203563765319643e+01 1.139189961413919292e+02
5.275053239164495977e+01 1.257727081086229788e+02 9.419707024291109576e+01 2.437694888863121179e+01 6.349679617097107354e+01 8.975195617240184731e+01 5.969347609683080691e+01 4.818045382002825505e+01
1.879948917558846233e+01 1.244660260335400466e+02 8.443919022077275827e+01 5.998607042756834318e+01 5.925212862576475459e+01 6.776737377055179934e+01 5.964928518312515848e+01 4.732329552175062304e+01
5.848263162804784088e+01 9.671512868383375405e+01 3.361241660522800601e+01 7.915535436660753987e+01 9.483160773592646819e+01 5.408433818577422869e+01 1.762700516575690202e+01 8.726681668226446220e+01
4.831063189028179039e+01 1.009386330425087124e+02 3.860686525171009009e+01 7.879545832194467891e+01 8.286549938234509227e+01 4.641058234950147465e+01 1.954231712090862061e+01 8.235790865994218279e+01
5.624856875377667365e+01 1.019751952193790174e+02 4.040385198464444017e+01 7.412820394910289679e+01 9.226646114218146977e+01 5.375486906991978486e+01 1.104732322675875800e+01 8.407897955755488795e+01
2.416319644273119494e+01 1.267364011187518145e+02 8.947485789706414039e+01 6.653768135286442487e+01 6.389067047367195329e+01 6.345803361023641997e+01 6.833724051252218601e+01 5.994425431844231156e+01
4.250252142751583051e+01 1.164554963515564623e+02 8.827829559082998401e+01 5.711219212852613936e+01 3.073923189883309348e+01 8.410373736150079083e+01 6.713172982994572635e+01 4.493234246326709069e+01
2.348760036345753122e+01 1.177517244771878921e+02 6.635254997662900678e+01 7.071002131581559524e+01 6.230788203316684104e+01 5.293746927059637386e+01 4.186969627408696226e+01 6.396674391551280081e+01
5.895582286993768406e+01 1.214176603727427306e+02 1.059732146519644544e+02 6.749915185889102531e+01 0.000000000000000000e+00 9.727172806113181025e+01 8.992594708846101526e+01 4.844792382087375415e+01
2.639203282205052403e+01 1.273055526825862671e+02 9.706612919236238213e+01 5.697834754043854844e+01 4.655727430866011218e+01 7.413466385664557379e+01 7.439960531826156398e+01 4.130683882846521726e+01
4.096594038248159819e+01 1.310397233510616957e+02 1.050703030848676747e+02 4.540507643355329748e+01 5.206793338180937525e+01 8.912570745961390628e+01 8.129867260291970865e+01 2.679335478096189505e+01
1.696737565769979028e+01 1.275863190403201912e+02 8.602404399854415828e+01 6.010123365934391870e+01 5.188328227858150399e+01 7.113227350995423137e+01 6.082113306925027985e+01 4.550525625539498265e+01
4.297394341219343517e+01 1.168571190822756165e+02 8.927443550852120779e+01 5.694624482463721193e+01 2.719529736229807071e+01 8.486745060536273400e+01 6.756428211086755198e+01 4.236456155449607053e+01
1.575804216127085056e+01 1.219060080914093334e+02 7.119024237663022348e+01 5.997577954840350856e+01 5.839053387569838094e+01 6.398514251672616382e+01 4.323670820882382060e+01 5.631350379633165915e+01
3.415288492569408163e+01 1.273506687122323484e+02 9.819945952953938217e+01 4.552263592137163073e+01 4.334516363051059784e+01 8.057373219492966143e+01 7.155576114723766068e+01 3.294156348076667484e+01
4.299579645657478011e+01 1.231621370977130425e+02 9.216943899973610144e+01 5.653087476691298008e+01 2.872664810709213512e+01 8.896376872808409075e+01 6.755362973817939576e+01 4.002932971118956118e+01
2.030478044528301140e+01 1.268863314672625933e+02 8.482192306519459635e+01 5.744685241816308263e+01 5.753094288561917580e+01 7.203533246522290767e+01 5.792802444930548234e+01 4.491015137081065234e+01
1.099483817837381849e+01 1.189261729905111764e+02 7.345942180939903210e+01 7.261382256530660584e+01 6.162227380247807673e+01 5.200973588145567561e+01 5.341288553893563318e+01 6.256320421118378761e+01
5.049932015004451102e+01 1.210015313703197535e+02 9.460208881925207436e+01 5.731689122001929348e+01 2.415218179937966880e+01 9.443949224797590603e+01 7.409180640054584899e+01 4.191507834123450493e+01
4.022878689673974861e+01 1.008264148864751348e+02 4.666094304768378720e+01 8.937477115353011925e+01 8.232514057446275046e+01 3.273857694379092464e+01 4.116534876447542501e+01 8.291201029711518800e+01
3.474367364560522731e+01 1.205544836897380918e+02 8.519875339593551189e+01 6.186704680493413377e+01 3.583552811470354982e+01 7.546687071546061532e+01 6.141257323343076990e+01 4.795973532139259987e+01
1.488849647998405956e+01 1.231290807054812291e+02 7.318017706071485406e+01 6.359224418113394961e+01 5.629168094172979409e+01 6.083367503288495470e+01 4.620423730359051717e+01 5.681574284429770927e+01
4.361627845915470658e+01 1.184139422265689348e+02 8.836007058091372812e+01 5.691940468228851557e+01 2.924749775669502938e+01 8.568030239261177883e+01 6.553560364954128659e+01 4.304277186397598598e+01
3.666800467691501098e+01 1.233631255431145775e+02 9.155468340141095496e+01 6.394216615606669052e+01 2.837811859077874388e+01 8.198801260376228583e+01 6.706683577582528244e+01 4.818412668341802885e+01
5.364210141221607131e+01 8.911679107670161670e+01 4.137704947060458238e+01 9.523203748294842796e+01 9.021027287839444853e+01 2.189000815667875699e+01 4.798193870393702554e+01 9.188555485831628289e+01
5.975718016135495247e+01 8.710543894167813050e+01 2.375731910366481259e+01 9.602704935804207764e+01 9.420571287633956103e+01 3.407207125309235352e+01 4.318754446742339326e+01 9.472935870010711312e+01
3.589518917932424102e+01 1.047185830718528337e+02 5.315988150977924676e+01 8.712261791369165564e+01 7.982620512957434755e+01 3.366773131036938338e+01 4.150405270199009777e+01 7.981295637549619926e+01
4.691531384125025284e+01 1.022335590587024825e+02 6.250456463639839200e+01 9.475040746078646237e+01 8.518332491363926806e+01 2.039903178363624292e+01 5.362399470321202699e+01 8.576935282837038699e+01
3.549777663179175136e+01 1.197313678109568684e+02 9.087334560573356157e+01 6.135505207079495449e+01 3.353771851483845978e+01 8.288363977944698036e+01 6.947518673472241346e+01 3.698803296504254234e+01
4.261473154244604444e+01 9.633214514213391055e+01 4.558729716256515019e+01 9.119923602857677736e+01 8.338144481402380848e+01 3.184072516118822449e+01 4.387121344626275032e+01 8.457969681171553589e+01
4.522133206976542397e+01 1.202679889578984103e+02 9.346469785235981931e+01 5.788211489021354339e+01 2.416105358632053068e+01 8.879984811857039517e+01 7.292692563181462617e+01 4.177376856865497956e+01
2.881204231059102838e+01 1.289410657274818277e+02 9.138457631665077940e+01 4.713496985470867173e+01 4.805887951470792530e+01 8.283436600324512256e+01 6.051870957940577966e+01 3.588773847796575467e+01
4.208932032878661289e+01 1.197493210823114964e+02 9.672138137265628188e+01 7.269404851275253066e+01 6.988245243048552879e+01 5.574247832939421698e+01 7.771128241900163403e+01 6.611761225888818672e+01
1.881689021166254960e+01 1.157431516663712756e+02 7.235820640173700724e+01 7.923242570259191098e+01 6.726375868926898249e+01 4.802571085888038027e+01 5.532934401150652803e+01 6.758805041118203860e+01
2.078428803705103078e+01 1.263891226332599445e+02 9.064815139194365656e+01 6.124847637498472608e+01 5.191821563341797230e+01 6.871949656840770615e+01 6.788474828513514581e+01 4.759135619412682416e+01
4.693466296115813208e+01 1.261207494829113500e+02 1.005208006365420061e+02 4.586101650452134493e+01 4.238434427981761843e+01 9.144057647242657083e+01 7.953856365798800709e+01 1.997859034638351972e+01
3.463582627117624924e+01 1.286301767763510497e+02 9.766768969832233438e+01 4.103756825676326514e+01 4.729626007960943923e+01 8.464653886867927213e+01 6.785286365305822187e+01 3.076863891444384436e+01
2.490746723518557104e+01 1.282683921942372081e+02 9.099982486590884889e+01 5.226196393966894505e+01 5.095523695508165929e+01 7.467444603900639777e+01 6.283932644479005347e+01 4.532973613973544502e+01
2.050635141347769874e+01 1.284261851568485042e+02 8.968348215316181893e+01 5.708100273237771916e+01 5.065608977190767348e+01 7.210524583583479341e+01 6.410808273116967371e+01 4.372417243942962273e+01
1.707099931193769393e+01 1.217731496844616288e+02 7.769976695799151400e+01 5.738737910858715452e+01 5.164658435871741204e+01 6.615643093827881671e+01 5.185119638762932226e+01 5.084678772067844221e+01
3.700141549273742214e+01 1.285194217068684566e+02 9.514488015179946956e+01 3.978303076378571745e+01 4.794297128278424935e+01 8.679665458385993304e+01 6.174296221761470349e+01 3.301956536272163589e+01
4.863489578170802474e+01 9.979937561509422039e+01 6.023276337996082219e+01 9.495072112265943076e+01 8.755857446788319010e+01 2.097829213089057276e+01 5.485969713963681471e+01 8.695786143972088666e+01
1.398757556175111993e+01 1.211748556717629270e+02 7.460915545916343206e+01 6.379679582091618784e+01 5.156801944940290383e+01 6.375692280982806892e+01 5.153671027439728647e+01 5.348900731523881547e+01
3.985388416118579613e+01 1.016970757240511603e+02 5.153606276551531096e+01 8.849635254747556701e+01 8.246936942047672403e+01 3.115385223796559444e+01 4.298888523502773751e+01 8.238634938868237612e+01
2.172625023938717348e+01 1.271980476011325720e+02 8.778426412719981897e+01 5.360022688653723577e+01 4.847490190004931776e+01 7.332609943508893480e+01 6.060871355477848965e+01 4.341582143985523601e+01
2.269035671179293701e+01 1.243421805305438994e+02 8.354906536908566750e+01 7.281094170846156999e+01 6.479409841541298931e+01 5.288761890243115715e+01 6.218982503171753251e+01 6.461017395366707206e+01
4.774035911652173780e+01 1.304272055631358569e+02 1.049296362958386766e+02 5.698133829004450490e+01 5.629839786859772488e+01 8.910176364612949840e+01 8.578031548288417696e+01 3.102253890315988016e+01
2.457440832997435720e+01 1.264802119720510518e+02 9.398212157961860669e+01 6.206493635889732019e+01 4.993715861807744005e+01 7.266970791592625289e+01 7.175154185775666349e+01 4.559239313656535586e+01
3.993279598185428370e+01 1.227248228266717121e+02 8.887620966850522564e+01 5.980010492720042947e+01 3.132811169976618615e+01 8.391613259367944977e+01 6.373842514807762427e+01 4.539834786245186393e+01
1.039290137316524110e+01 1.201947475168975501e+02 7.539719000351335865e+01 6.512657273317131512e+01 5.462629593458680688e+01 6.071033075833216941e+01 5.470140401215790860e+01 5.531241113210287352e+01
4.800376825438216599e+01 1.191373453479667432e+02 9.136336433675528212e+01 5.876657137402202835e+01 2.574424310297460394e+01 9.060134685319665948e+01 7.080832303617329160e+01 4.366380455598977051e+01
1.075380998372329877e+01 1.248308974690031761e+02 7.838165560321716896e+01 6.607955498445274145e+01 5.679191705269791868e+01 6.313846667369214316e+01 5.344067876713253185e+01 5.392283051994936471e+01
2.525026675611968940e+01 1.280639389195287094e+02 8.889001408736230303e+01 5.182155977549454917e+01 4.940783583432220638e+01 7.469038535968195447e+01 5.994516794654342107e+01 4.389933771172213994e+01
3.524359496869654151e+01 1.237459831489737638e+02 8.626215169756584089e+01 6.231658176371214353e+01 3.602029688235930394e+01 7.949066045532083535e+01 6.005032331374450649e+01 4.954386078374527358e+01
3.840462187457103482e+01 1.022824733052292743e+02 5.374169133822715594e+01 9.062253892228697794e+01 8.122935022675711991e+01 3.024672929705748459e+01 4.471237604652046116e+01 8.222254253849897054e+01
2.844535803437320354e+01 1.239198564346348945e+02 8.160733993794133312e+01 5.106077074043896857e+01 4.596103487709307700e+01 7.721085255406561032e+01 5.262665599246117409e+01 4.145154354567836208e+01
4.027657362536948682e+01 1.193899215477543265e+02 8.535467877162059835e+01 5.288358308992190615e+01 3.520059538301974555e+01 8.367099074444044504e+01 6.006617361524101284e+01 3.940505667577927085e+01
3.329348655633663867e+01 1.087633586167559230e+02 5.625989295093000919e+01 8.253770763275838362e+01 7.473115956848641872e+01 3.935161232126321806e+01 3.961752415844946285e+01 7.558525383700295208e+01
4.523430176397518920e+01 9.542348603301572041e+01 4.514607478677461927e+01 9.217930881001042565e+01 8.486072125096679031e+01 2.838697678976355476e+01 4.408030062606097488e+01 8.615096986416669722e+01
1.222827822517888308e+01 1.198057949725234437e+02 7.657949334022893595e+01 6.227916185429594265e+01 5.261651681713192374e+01 6.514862873116994990e+01 5.583610521164295903e+01 5.038699420535261453e+01
3.030549961237565171e+01 1.285861893906876219e+02 9.875353360602940711e+01 4.701334271943649412e+01 4.607568032595273166e+01 8.075960634402524363e+01 7.303599070864046894e+01 3.313387941276182147e+01
1.620423519802741552e+01 1.145362009959973193e+02 6.398174006221380239e+01 7.196837375710019558e+01 6.440126531506970764e+01 5.422578372026232785e+01 4.552333422053283130e+01 6.541177223566927523e+01
3.558021437489861682e+01 1.295267709914023442e+02 9.708908311139825287e+01 4.105971759149656464e+01 5.096346603119272345e+01 8.678705817890717356e+01 6.443368851924125806e+01 2.932486825888036464e+01
2.656168583810063666e+01 1.106808396801770584e+02 6.000700309172587055e+01 8.134690910271184805e+01 7.307211570491128327e+01 4.113716380487338142e+01 4.221655754161906771e+01 7.335286846273959327e+01
7.660173940332349218e+01 7.060689775575731630e+01 3.912766563814447807e+01 1.129286150275687675e+02 1.065479740518969578e+02 2.736691730455934746e+01 7.186482578752428196e+01 1.102760073835266041e+02
1.481325753189985406e+01 1.184303104317401107e+02 6.686821169711306823e+01 6.726301680733939747e+01 6.125598637197987983e+01 5.856412148281820862e+01 4.507586173876406832e+01 6.048302985502929374e+01
4.557574940434512456e+01 1.008333201373256998e+02 5.848187831062720932e+01 9.598798350003933422e+01 8.399705230034442138e+01 2.424485386930648545e+01 5.382497535603915395e+01 8.607627153569777079e+01
4.179554511796442284e+01 1.222420239165019495e+02 9.112977853051690147e+01 5.593710636964664218e+01 2.985712525120486660e+01 8.620657793763339782e+01 6.545822765379830344e+01 4.172499122300333596e+01
6.997425422428202069e+01 8.430915651201769379e+01 5.070519497071671822e+01 1.089774349815712782e+02 1.037457888734477649e+02 1.536500579486285467e+01 6.916531084595810341e+01 1.038189686126652873e+02
1.568419429729367920e+01 1.182846750377102438e+02 7.531426266091408195e+01 7.186382541870466412e+01 5.828908034507060876e+01 5.995605063236729393e+01 5.578556563356190168e+01 5.747007016504253585e+01
4.586526776308551945e+01 1.280497544166620969e+02 9.808999136656221651e+01 3.647201767669806571e+01 4.152252247493869675e+01 9.164160508414916251e+01 6.839336206254871797e+01 3.016430768113268357e+01
7.249644272818274260e+01 7.523524088837810098e+01 2.300019202719851208e+01 1.060123786055324473e+02 1.013074390475601234e+02 3.851499645286286011e+01 5.917012024918755486e+01 1.049265457647603483e+02
4.841151328773590734e+01 1.184964921548609738e+02 9.368466093424790131e+01 5.897969841444577810e+01 2.128114791343200807e+01 8.701056158985086597e+01 7.217755481739337142e+01 4.918950825928920523e+01
5.089980192795855629e+01 1.234218846221150727e+02 9.665399983078060586e+01 6.138680530706102445e+01 2.315113763576951555e+01 9.459525564733809233e+01 7.625919297338630543e+01 4.449855796514331274e+01
8.840671297649734584e+00 1.222802671101390501e+02 7.684440109143422148e+01 6.533288455358213298e+01 5.455519381861171269e+01 6.071585347020254630e+01 5.527426731789271486e+01 5.517898953177773080e+01
1.773401797417837855e+01 1.180320696111482874e+02 6.770186822760180689e+01 6.741697043617685381e+01 6.013664291390187344e+01 5.535073261313083748e+01 4.341279612714400571e+01 6.254674100528210090e+01
3.719402359627984822e+01 1.031557432980798694e+02 5.558784501834674074e+01 8.832625608745955503e+01 8.105944485280834044e+01 3.202159497325103388e+01 4.441634964880334024e+01 8.083506317075841707e+01
1.872276145827296290e+01 1.233055161342988981e+02 8.015683835676485103e+01 5.480075621134586328e+01 4.861499521511510835e+01 6.954767064034949442e+01 5.229423262651319249e+01 4.764064118003263104e+01
2.368331211625545407e+01 1.279848971155975335e+02 9.137186542473868656e+01 5.260576172991941490e+01 5.027167688986045846e+01 7.419840467338174506e+01 6.490867616268099027e+01 4.158830083893488450e+01
4.641892224901475572e+01 1.232622523967323787e+02 9.752826668746236294e+01 6.516612235801842701e+01 2.392224611106850318e+01 8.866570908673259055e+01 7.630265444771070804e+01 4.476556223737748752e+01
3.257341782424617094e+01 1.295348440599669857e+02 9.818926270894824881e+01 4.464769871214887331e+01 5.035555105706050227e+01 8.180618676988467541e+01 6.821557537800464388e+01 3.400116779300295633e+01
2.690569357835509479e+01 1.258963087071289237e+02 9.245241183019548714e+01 5.047646335610942714e+01 4.581019911344311168e+01 7.576102297138899644e+01 6.752989286806258917e+01 3.713328749600307077e+01
1.248964425433656267e+01 1.218424930099029808e+02 7.330129260508411448e+01 6.512143889482463521e+01 5.689537451745960084e+01 5.840188920576038356e+01 4.849867514676293467e+01 5.789619446033898953e+01
4.067594177178454373e+01 1.200125697850408528e+02 9.014399761028850833e+01 6.440963935208179691e+01 2.634232409459551505e+01 8.263855038236548012e+01 6.825779915218534200e+01 4.951659865184968368e+01
3.678554238758648864e+01 1.034558320870240209e+02 5.011105846885519099e+01 8.470604888237248531e+01 8.087834613983909549e+01 3.601547679328028551e+01 3.978430806765651084e+01 8.007276419851309868e+01
4.947107477861540303e+01 1.220744211777729049e+02 9.450742138449236052e+01 5.451977407312411117e+01 2.656987536589296184e+01 9.379094898270584224e+01 7.242293150598038665e+01 3.881491805094546521e+01
2.104341159863020039e+01 1.170727214651743395e+02 7.167351072885378471e+01 7.882580212744544212e+01 6.628220159377235632e+01 4.816137448188754888e+01 5.431750529242811609e+01 6.784992255010146778e+01
3.166969392062507538e+01 1.071787803324512964e+02 5.317886031178822748e+01 7.984836618174043110e+01 7.563761135672669411e+01 4.235471793295012333e+01 3.687624871562837825e+01 7.477473705536716864e+01
3.766239025262241569e+01 1.233748164509069341e+02 9.024818444642222914e+01 6.118207917708225096e+01 3.151385924539353667e+01 8.222542248725346781e+01 6.511297994782137266e+01 4.752665364821058347e+01
4.714156129256605254e+01 1.198479236967551174e+02 9.151548013946558058e+01 6.326183962639385783e+01 2.446085557332562743e+01 8.493151722717362873e+01 7.025865698117318914e+01 5.125230846774527294e+01
4.524828878841820057e+01 1.209208643006000017e+02 9.939001485384889634e+01 6.308824644255309977e+01 2.023505064140818988e+01 8.563714209599153548e+01 8.054940613952872752e+01 4.669941020039503599e+01
2.748351036090069144e+01 1.283773614924433559e+02 9.203889707320631430e+01 4.901965711614699472e+01 4.912050443955655510e+01 8.093625347702176498e+01 6.294481526550956829e+01 3.550244219029812598e+01
4.070942667204847965e+01 1.298615888136652075e+02 1.021368488214770451e+02 3.788887329222588107e+01 4.599289236925408630e+01 9.020772205570317226e+01 7.487212841421676046e+01 2.262002458039837194e+01
4.100649478414370463e+01 1.183588079193211655e+02 8.569743852906917425e+01 5.661724137274308788e+01 3.251512348244343542e+01 8.480241036800225629e+01 6.122142254014419649e+01 4.046101850073583961e+01
6.292204188122264696e+01 8.255408688997702882e+01 3.920681656130727077e+01 1.057497093786331988e+02 9.737592197021649554e+01 1.786425192462874989e+01 5.973412441625217895e+01 1.009057201457393802e+02
4.646621565732822035e+01 1.194113010490298308e+02 8.970617482226626294e+01 5.651150586887749938e+01 2.794510501440633377e+01 8.838140268659708454e+01 6.871531698469796368e+01 4.051298797197092227e+01
4.034821917859662221e+01 1.236467887722380681e+02 9.185934817051435175e+01 6.512256849448478135e+01 2.887673451465423113e+01 8.300161149148567574e+01 6.933227109751999251e+01 4.872081433971920461e+01
4.294508429374067049e+01 1.185151239030810473e+02 9.594841865102719680e+01 5.921241964236693178e+01 2.696657409592386045e+01 8.500716451649985572e+01 7.785884055196066811e+01 3.485457566817049013e+01
1.096877141704388237e+01 1.202603731179998903e+02 7.282729599194188097e+01 6.888228399770747501e+01 5.956769014801932371e+01 5.423162771884690869e+01 4.965340916321612497e+01 6.115607270321669375e+01
4.043873296414422924e+01 1.226700910222730982e+02 8.938483809916704104e+01 5.343851758913999106e+01 3.370335103423423107e+01 8.363074519572957399e+01 6.295796480583442900e+01 4.097972951695817301e+01
3.311177104431813945e+01 1.142966086282948481e+02 5.571630434699149959e+01 6.740873713940213463e+01 7.438314442204638510e+01 5.863440895823062249e+01 2.764447195194772178e+01 6.766704650124617615e+01
2.430512179876706469e+01 1.222245646850535223e+02 9.151822729912966281e+01 6.795004375399793162e+01 5.744485051207821869e+01 6.367082464434417233e+01 7.475167898236604458e+01 5.719131118020158056e+01
3.171099183150658973e+01 1.284320448948568014e+02 9.746297156969993125e+01 4.705550927131952932e+01 4.644877012806350081e+01 8.108373813611441960e+01 7.067212648615368664e+01 3.022916859411727586e+01
3.890986735786302120e+01 1.052597961454831506e+02 4.615830647048135660e+01 7.523298464759477611e+01 7.787229664351194458e+01 5.075725018094981777e+01 2.512530597159581092e+01 7.614735249448993670e+01
1.365420196513366236e+01 1.192810567792373462e+02 6.951024056379309002e+01 6.378380353795046176e+01 5.929503241391267210e+01 5.996431248565686190e+01 4.703069812360626401e+01 5.892286408337178472e+01
3.873822742682914111e+01 1.236033395659242728e+02 8.951183272062208118e+01 6.191217387958158014e+01 3.144380547974180473e+01 8.309726714202346898e+01 6.453568209044841808e+01 4.420227903774206624e+01
4.270040561424870873e+01 1.219980316611449780e+02 9.122483551118550338e+01 5.496295744128390481e+01 2.848021890657094701e+01 8.629373104965908681e+01 6.714481065698603857e+01 4.202099918934428047e+01
4.467107361757720696e+01 1.196481672134467402e+02 8.732139709121283033e+01 5.160708691603488063e+01 3.349816494175055226e+01 8.738874061260904114e+01 6.181202146153184884e+01 4.143587666481239040e+01
1.840529341383521711e+01 1.280989129858948843e+02 8.826767380185906120e+01 5.687906650464800862e+01 5.386139361485683708e+01 6.924797007708031060e+01 6.284718813560649409e+01 4.751943747215056391e+01
4.515923937196367177e+01 1.220697848570395223e+02 9.177224232842762319e+01 5.721287776192582442e+01 2.928801764042849243e+01 8.936719863891573823e+01 6.741647178770291760e+01 4.340876425505861391e+01
3.867531381812144531e+01 1.210191785416032673e+02 8.451789955071460270e+01 5.978932081335491233e+01 3.578713361333557685e+01 8.009475570491653684e+01 5.943424586418689870e+01 4.805189570231691931e+01
1.529552153747143173e+01 1.216984972218263721e+02 7.177516136450549311e+01 6.307657845663350571e+01 5.504665927309560658e+01 6.214197225655038892e+01 4.606773141046359399e+01 5.615242391983198900e+01
4.685677068191446182e+01 1.026560809068469524e+02 6.164911011627148696e+01 9.355118367496091025e+01 8.488292074508964902e+01 2.412237257338043861e+01 5.306945527650515970e+01 8.544637018979231868e+01
2.764031292103503645e+01 1.277099572171104001e+02 9.742489169292881002e+01 5.473297940799944428e+01 4.624565035910748634e+01 7.593186316593028096e+01 7.427740905545400096e+01 3.899703380870003144e+01
3.062519651595791004e+01 1.293590385818752964e+02 9.635485315127782258e+01 4.506854421620462858e+01 4.937477097578489094e+01 8.089546750404615238e+01 6.666069610743586793e+01 3.749604057644692290e+01
3.647729608662167777e+01 1.211331762286828422e+02 8.548646019087533432e+01 6.115296640520422500e+01 3.509869267770728385e+01 7.813040280711696539e+01 6.083200027215988115e+01 4.815939697622032156e+01
1.424469803908663046e+01 1.199550634106014684e+02 7.305369302885257810e+01 7.038490848144566314e+01 6.103790854106314612e+01 5.321078867888682140e+01 4.996316102290917627e+01 6.189892083862040550e+01
1.881330412838043387e+01 1.263440678471487928e+02 8.898435999515434958e+01 6.280062933069145714e+01 5.429186557836061411e+01 6.495146915797197096e+01 6.589527137820863345e+01 5.079814642638457656e+01
2.151744724214761106e+01 1.269453979691748060e+02 9.045896027753785518e+01 5.697141347689516522e+01 4.939972412250993727e+01 7.157882416192883568e+01 6.599958293441495982e+01 4.196676952070901478e+01
3.183300698037216492e+01 1.266050401694121916e+02 1.005524523102236429e+02 5.986856010851048637e+01 4.840068756545944240e+01 7.171311258499454766e+01 7.827664638203413006e+01 4.526660221573925469e+01
1.953162198283304818e+01 1.267813633495290446e+02 8.599548915937675986e+01 5.682753212424417200e+01 5.455781813214615283e+01 7.036897237600197741e+01 6.002683582357690284e+01 4.460257651177751370e+01
3.884883161316256661e+01 1.284378636205302371e+02 9.983631900100773748e+01 4.302780926961851549e+01 4.102627184964361362e+01 8.951056995362259272e+01 7.538713093019278233e+01 2.166289822960544953e+01
3.316356505751843287e+01 1.266861949772472826e+02 9.688976838292522586e+01 4.865015994405282385e+01 4.086990597988921081e+01 8.267157329346726158e+01 7.442384505580756127e+01 2.889006437399776317e+01
1.204880222734171902e+01 1.203268895401514413e+02 7.265640641333456529e+01 6.252257119918812123e+01 5.469239414335428506e+01 6.268060582600215014e+01 4.939480492164099701e+01 5.487377788447279414e+01
1.047344174404668316e+01 1.213305387772285258e+02 7.978107302207114060e+01 7.239902678916854484e+01 5.786222609727639110e+01 5.684090426955037145e+01 6.089733102527940645e+01 5.850895698480047713e+01
1.217781729768154442e+01 1.219842018337245690e+02 7.926850053809154417e+01 6.349229025931970227e+01 5.341528849859066241e+01 6.040281274811742662e+01 5.597117736539006927e+01 5.416908624240926429e+01
5.833923856859162527e+01 8.547544313183719566e+01 3.720306722642399677e+01 1.002145713911213676e+02 9.300069588329989756e+01 2.150353978667442689e+01 5.194503416625487802e+01 9.648860000727007957e+01
2.684270192284256140e+01 1.115154778112188723e+02 5.770348756289178027e+01 8.002517750124206941e+01 6.996810124757571714e+01 4.463114455012981807e+01 3.859780395948976661e+01 7.135677636775777444e+01
4.309383954524957971e+01 9.787390282893429116e+01 4.594352557292835115e+01 9.236517666568376228e+01 8.455098133389381587e+01 2.937304419829160196e+01 4.589833826222400148e+01 8.549475709625879460e+01
2.788623279962605750e+01 1.111064962483361711e+02 5.579880399594490825e+01 7.707805040360302939e+01 7.096359242953028001e+01 4.510180862638701882e+01 3.519343184780166922e+01 7.201952095665484421e+01
2.505336491371549812e+01 1.268214764866748112e+02 9.187911763692878253e+01 5.424336683254140468e+01 4.993350058939971348e+01 7.691790860695009258e+01 6.762077825509129525e+01 3.768355249433797383e+01
1.071396080745596890e+01 1.222641443656851976e+02 7.416589767874972949e+01 6.712225752266803624e+01 5.669121988737607865e+01 6.084282681725710518e+01 5.111028971760985229e+01 5.646521213833712949e+01
2.108175138025416118e+01 1.271712563707662014e+02 9.162507209294369659e+01 6.155496444122462663e+01 4.935157198932256506e+01 7.066188256182674365e+01 6.891442481880392279e+01 4.624613205945131256e+01
1.337930151932489586e+01 1.195213555462189419e+02 6.919562778583251372e+01 6.435985216043007995e+01 5.946626349177419968e+01 5.862883489906480605e+01 4.520377431364074994e+01 5.935142682316339346e+01
1.532804221544530066e+01 1.215972321860349865e+02 7.676636408433412839e+01 5.737469185648110681e+01 5.353200536992270742e+01 6.527583346136871967e+01 5.066522456859037504e+01 5.148234222257553938e+01
4.030771619992639643e+01 1.007508075293789602e+02 5.295180888269513986e+01 9.233554636067499644e+01 8.267546955348721838e+01 2.919031419797287441e+01 4.754806766682392549e+01 8.369426251451390897e+01
1.435342815415092410e+01 1.199274202193776802e+02 7.163551797850924174e+01 6.156557213420236252e+01 5.482558361453466489e+01 6.560173595281197834e+01 4.963146352161879094e+01 5.352194282139126358e+01
3.823066445255695811e+01 1.186731136110393550e+02 8.516416403697749615e+01 5.646382227357987915e+01 3.449912210388646372e+01 7.806408131437667919e+01 6.081084242734750234e+01 4.563498643748903305e+01
1.213759770672333360e+01 1.206786263619762281e+02 7.201750043798455181e+01 6.212010682812343276e+01 5.756881879992432260e+01 6.423210861983331199e+01 4.950018087949582224e+01 5.497713144575309485e+01
4.964091512891542379e+01 9.984440683679329709e+01 5.975838422517220039e+01 9.458725996438862182e+01 8.599099501023195558e+01 2.036241561535452504e+01 5.329709720409984897e+01 8.718529882094239269e+01
3.060263815638705154e+01 1.285755929494326040e+02 9.659035458808160968e+01 4.956664717649346841e+01 4.284458928747084627e+01 8.450819806077309693e+01 7.121287126447209914e+01 3.032197257173471172e+01
4.602955026020799068e+01 1.178112036826748295e+02 9.056579812832671905e+01 5.353361828223945906e+01 2.704174344403934782e+01 8.747294232713117879e+01 6.907693692937350249e+01 3.762999453655856996e+01
4.377459438664926950e+01 1.170686216252981637e+02 8.661105933439729654e+01 5.322035178299648095e+01 3.104673226959737420e+01 8.597056887638653677e+01 6.324920036783597510e+01 4.359247220748637375e+01
2.605193720683020331e+01 1.186936087171101804e+02 7.777389227473790356e+01 7.803415333817289934e+01 6.620172410232743232e+01 4.886790514025232568e+01 6.107427069947602405e+01 6.922421059188884840e+01
3.282823260830891599e+01 1.276618667400670404e+02 9.602846028061651396e+01 4.714228286512934574e+01 4.205195220021573022e+01 8.511617707300675306e+01 7.117817584516221530e+01 2.731425009581796459e+01
3.650681885948422689e+01 1.232213059196636920e+02 8.843018382040649783e+01 6.091667225278633424e+01 3.311703699653811128e+01 8.108527431838005839e+01 6.343998059907447384e+01 4.756559805137963792e+01
2.586639012967605922e+01 1.236412351146361317e+02 8.164001238317902676e+01 5.260015442891594972e+01 4.477867002339770153e+01 7.535102487223494450e+01 5.352486747334332051e+01 4.265521065771236664e+01
3.753727030963937494e+01 1.235962864908495078e+02 9.139391730404210534e+01 6.456677794293133843e+01 2.979471679762043124e+01 8.445307057040248822e+01 6.793670989102699309e+01 4.490529751204902453e+01
4.255829518841400727e+01 1.169245484756921769e+02 8.845833987540811449e+01 5.692920223938524771e+01 2.704502423144083068e+01 8.514157701684595736e+01 6.792358055859504873e+01 3.979504711036465636e+01
2.309962052134921962e+01 1.279367257795609589e+02 8.754398681740794075e+01 5.408585707389396191e+01 5.046267710396602268e+01 7.208426034735838073e+01 5.977490434540379027e+01 4.478013781561999451e+01
2.696994437637358288e+01 1.297274473791381411e+02 9.796579932460501539e+01 4.952784866576943301e+01 5.355455452334261679e+01 7.884924867006299110e+01 7.057078948668835494e+01 3.697375724625634064e+01
3.393892129425066173e+01 1.294455707657140806e+02 9.914264344452479349e+01 4.249180985804721900e+01 4.817344645402130254e+01 8.202752539434727908e+01 7.010188116276012238e+01 3.412876384714100908e+01
4.774536690295194319e+01 1.291094009170791708e+02 9.804326176823103367e+01 3.373699761282905030e+01 4.491203793266456046e+01 9.451785404080047215e+01 6.682483252456312073e+01 2.683221153848423768e+01
2.444143334954555868e+01 1.264276887763284236e+02 9.133460279470368448e+01 5.293682133904764697e+01 4.928579118230456402e+01 7.421871233206542229e+01 6.644990878815072222e+01 3.821621826799624699e+01
1.182990044161508436e+01 1.174917544090062194e+02 6.977797507301959001e+01 6.892732931414609254e+01 6.147575402537818690e+01 5.668793413348801380e+01 5.005047615399763572e+01 6.107744674077670055e+01
1.877258978831365965e+01 1.211966166904716857e+02 8.012040579437672250e+01 5.672164027341738546e+01 5.406171547193856952e+01 6.760052262186049177e+01 5.743874950424855541e+01 5.146898230538234031e+01
4.820753534242420812e+01 1.166405418143805406e+02 1.014787389238068016e+02 7.510605025808064283e+01 3.476928372094567976e+01 7.966418381931691783e+01 8.995124945672554873e+01 5.628475216412640236e+01
4.170525278842255545e+01 9.766328800032505342e+01 4.432813973514814165e+01 8.774786496276928460e+01 8.401169682033165031e+01 3.468773805462613069e+01 4.116634135821225016e+01 8.346221004097513685e+01
2.938665832403992795e+01 1.084676626329978149e+02 5.382616045469102062e+01 7.964978112370148722e+01 7.377691091841593618e+01 4.331506089777038682e+01 3.630776754159791864e+01 7.382436127852518837e+01
2.898170796128841786e+01 1.272379664027241972e+02 9.297215671799959580e+01 4.782366300380475366e+01 4.813690090307964908e+01 7.637756928519910105e+01 6.451984386390722648e+01 3.872118524261439632e+01
2.237947753994757605e+01 1.274181531729541064e+02 8.745395626951004431e+01 5.150362373226821688e+01 5.315424107004401577e+01 7.394444402375856384e+01 5.844372455587478754e+01 4.352975477605318133e+01
2.717446659466975944e+01 1.099869668818976578e+02 5.920408593327162805e+01 7.627063014556419773e+01 7.166319485979727233e+01 4.586939353851840906e+01 3.892019926401896157e+01 7.122382425303047171e+01
4.617195390434080338e+01 9.470352465927979324e+01 4.012408897408440822e+01 9.165798780750888852e+01 8.659704320806814337e+01 3.028940035260841412e+01 4.366672674653668906e+01 8.677889641735674786e+01
1.857128324377666218e+01 1.172287324798361823e+02 6.456113470559147061e+01 7.173517420636162001e+01 6.321833121513137854e+01 5.300731951616379689e+01 4.205687618107740633e+01 6.458735924592025412e+01
2.880842503411901134e+01 1.106311842722857790e+02 5.556563781234660127e+01 7.914410086794823940e+01 7.236329910220752026e+01 4.417821082056750015e+01 3.674705378562861569e+01 7.266822309093001309e+01
1.832161261400705143e+01 1.261704344756674203e+02 8.897010822644622863e+01 6.591014033248208648e+01 5.512954175025916470e+01 6.361102455962721081e+01 6.648887724965342727e+01 5.297244579686579158e+01
6.454970994889001190e+01 8.568515650635870884e+01 1.638279447741914652e+01 9.458848011027262714e+01 9.881680974687203900e+01 4.132557201571355421e+01 3.833829471174467329e+01 9.691359802051235306e+01
6.624251050337700519e+01 1.296804305457198723e+02 1.006865802926253082e+02 1.042854052811123644e+01 6.472006976490420982e+01 1.034118272667829501e+02 6.727779427687369207e+01 5.160490114869641332e+01
5.933941729628641326e+01 1.292507367884920768e+02 9.957705633789566946e+01 1.080985403695238922e+01 6.562008093167931122e+01 1.001463002615918185e+02 6.339040466636376436e+01 4.934475423939661454e+01
5.422929665469143146e+01 9.905080374314265157e+01 3.515657497353973326e+01 8.149181238577750719e+01 9.027811156857083574e+01 4.511642701959643631e+01 2.103676564392173276e+01 8.603532568868244823e+01
5.604110461719913161e+01 1.286520023264780548e+02 9.944624724519044889e+01 1.368648537903149531e+01 6.183405750804788426e+01 9.776259651234794035e+01 6.440384706294224770e+01 4.439946922002771856e+01
4.738054958610972989e+01 1.302460421169881215e+02 1.055892294558689315e+02 5.772450803740435532e+01 5.739975854138091194e+01 8.628080695552473856e+01 8.784691339442740343e+01 4.851600343476312815e+01
3.986388818473913176e+01 1.302009104972537159e+02 9.876495060618282196e+01 3.623251773042554902e+01 5.454814642119954726e+01 8.736786813244387417e+01 6.354048906447881961e+01 3.470456713958351003e+01
5.298674572474043742e+01 1.246297044094030184e+02 9.155020656004326440e+01 2.137590853690223369e+01 6.525452155706773283e+01 9.270667112795084108e+01 5.496221582942424533e+01 5.012902996287037638e+01
2.066357865957758477e+01 1.268325075051512840e+02 8.562954174193480128e+01 6.440034398465746790e+01 5.963086753008418128e+01 6.971445263163120387e+01 6.083752347982957787e+01 4.906371959804671690e+01
2.180092202413788272e+01 1.255030380341980134e+02 8.912109794598571000e+01 6.089539467195657352e+01 6.114321067644898022e+01 6.344887028357229042e+01 6.568833006016829756e+01 5.059117010114987067e+01
5.530789374492434263e+01 1.266995894078301319e+02 9.341732031211448373e+01 1.723853710893817848e+01 6.993827064382038827e+01 9.550640577886757399e+01 5.539358056212355308e+01 5.224294570391990788e+01
5.854997453249738726e+01 9.723482538253183804e+01 3.404993350613585790e+01 7.896470265884765638e+01 9.508315956148105386e+01 5.212930153456275661e+01 1.665483455425468406e+01 8.719919181299103172e+01
5.002089781945348790e+01 1.270886209852812812e+02 9.441952894069973468e+01 2.103808686879977685e+01 6.514975521688100457e+01 9.258245668018575714e+01 5.604377670012286217e+01 4.852836046160169303e+01
3.703751478585999735e+01 1.276132736383394928e+02 9.843242908888818476e+01 3.648778432387197768e+01 4.850291378895811079e+01 8.592091557487822229e+01 6.901398951085305100e+01 2.900113083590159846e+01
4.162201907298991443e+01 1.287697937287046557e+02 1.000959177736334453e+02 3.133963924849813765e+01 5.057949155143943898e+01 8.951444262451117595e+01 6.961080294811863212e+01 2.934617980818050853e+01
7.163067122846226198e+01 7.904277662765061052e+01 2.130613214893105933e+01 1.024614996491092711e+02 1.029573096208363552e+02 4.280493343915909321e+01 5.364179364823208118e+01 1.040922841502274565e+02
4.799217955089694243e+01 1.029832521815464617e+02 4.420708542035673361e+01 8.827990601628532374e+01 8.725861922958908679e+01 3.634476982285681856e+01 3.589390684806323151e+01 8.551730409594378557e+01
6.495575350714109675e+01 8.402638765888180217e+01 1.662391828757054313e+01 9.693477911831323013e+01 9.798881535508810714e+01 4.061255352471334135e+01 4.201956049666718940e+01 9.804523194031600042e+01
6.509886936287669812e+01 8.685641884244911637e+01 2.721368694499983931e+01 1.027863525835386298e+02 9.933607994897967330e+01 3.652527756796860103e+01 5.478630175892087095e+01 1.002984482086143885e+02
1.135678107209716927e+02 2.508481458523975505e+01 6.374822149829083173e+01 1.273402118984738962e+02 1.211425134814306830e+02 7.380410595283311181e+01 9.751367720335208844e+01 1.298069573013460172e+02
6.711313992089168323e+01 8.416950804419518306e+01 1.298813389030924093e+01 9.650586719056461504e+01 1.005612183156353154e+02 4.314697486300687501e+01 4.152502756628163638e+01 9.850764870591027034e+01
6.105225517179712824e+01 1.291106686414903209e+02 9.835789184351264680e+01 1.152895016529394212e+01 6.864637445155571527e+01 1.005112243178901963e+02 6.262773484882718122e+01 5.189763080410532581e+01
6.360324179270969580e+01 8.627729224696619781e+01 3.277740627885646774e+01 1.006441891689422192e+02 9.811143596982802251e+01 3.257729923736987132e+01 5.307976932201687958e+01 9.986727753110911010e+01
5.488728039581275198e+01 1.063045479615275184e+02 4.864188098855321840e+01 6.633337335645678934e+01 8.992594708846101526e+01 6.062883736827074443e+01 0.000000000000000000e+00 8.163518052701179784e+01
6.493387356865899562e+01 8.500461744739554604e+01 1.705108698018110402e+01 9.532230549360393468e+01 9.881444851149210251e+01 4.113798138965757545e+01 3.975099529121376207e+01 9.747631296925848687e+01
4.213358695487141148e+01 1.277939722460832144e+02 1.007477495237912706e+02 4.020234947910182655e+01 5.312957422063525570e+01 8.711396283569565924e+01 7.613482186974401600e+01 2.655466757891586127e+01
5.792386535441897877e+01 1.270042856296080629e+02 9.736717508603652504e+01 1.237242062040128587e+01 6.358457178836078327e+01 9.904552512284584509e+01 6.236684718094132052e+01 4.676856342773034925e+01
6.742465468224165193e+01 8.395178603376108128e+01 3.088734897254667544e+01 1.043936995737345654e+02 1.006032385395415929e+02 3.431685658680495266e+01 5.904336781562899006e+01 1.026765750841979070e+02
6.744610519808969684e+01 8.806083549421671819e+01 2.035276006260376391e+01 8.975562601468146795e+01 1.024070310934998673e+02 5.017006568801888022e+01 3.049947577333761828e+01 9.531198624796770957e+01
6.041966817847040261e+01 1.266732821536750606e+02 9.640807905828823721e+01 1.054529672684367192e+01 6.669930685515458890e+01 9.956282346879960699e+01 6.221706686170904277e+01 4.873081039669479253e+01
6.149787612337522802e+01 9.194008918783436002e+01 2.674165718712064077e+01 8.521828485153140775e+01 9.655904284763735745e+01 5.218454067424627851e+01 2.509820328353670149e+01 9.117127914827369750e+01
6.330557653507962357e+01 8.731206040876685393e+01 1.902686653613917045e+01 9.294754535407669493e+01 9.800910462821029512e+01 4.180121747411065769e+01 3.591687230567192302e+01 9.565955901890225732e+01
5.877240669511255078e+01 9.751594538300668091e+01 3.515841441459658512e+01 7.790306615016979208e+01 9.544053620772935176e+01 5.350135509360368502e+01 1.535895101398437390e+01 8.750401731557657570e+01
6.852081412567042662e+01 8.258589807618226075e+01 1.996970628221884070e+01 9.950220331803321017e+01 1.016861087705257063e+02 4.311669686946483893e+01 4.933845297835748056e+01 1.013298148444838063e+02
5.141217307678807202e+01 1.259652549505935610e+02 9.504749676280414405e+01 1.827316315743228259e+01 6.139704282521387313e+01 9.297483594681131081e+01 5.956793703426729536e+01 4.347714991126687778e+01
3.931247798513341962e+01 1.142656288236603075e+02 5.890937443510683380e+01 7.329607366283563863e+01 7.648949166971456748e+01 5.162677979173554377e+01 2.961240535573063326e+01 7.264144066206915795e+01
6.125128157719578326e+01 1.289128439241699766e+02 1.005664781598674296e+02 9.838039532854871538e+00 6.346978997099892439e+01 1.006749967488945430e+02 6.649472014496738836e+01 4.808166109012410061e+01
5.057003470319543226e+01 1.263513090365584759e+02 9.411402219091797861e+01 2.093423798338743680e+01 6.454819297196142713e+01 9.297401504154393592e+01 5.590737529000632833e+01 4.712674756231518813e+01
8.908281304752964047e+01 5.891256324090316099e+01 3.867613856032031094e+01 1.180242000859543197e+02 1.106813920170600198e+02 4.959805333397812177e+01 7.701086064468829306e+01 1.182145565968408505e+02
5.504485945061764340e+01 1.260390811199932273e+02 9.400265617322369849e+01 1.649436649598202820e+01 6.644795203423696250e+01 9.534842099685221228e+01 5.678303841901202986e+01 5.058110392232926955e+01
5.223634509108796919e+01 1.260059339553383921e+02 9.641075161108501845e+01 1.937510930665346365e+01 5.841217384650127542e+01 9.200742056164249050e+01 6.251655742349520750e+01 4.317450637931966639e+01
5.432722230715312861e+01 1.259446973654535640e+02 9.397901765106007588e+01 1.955667033330804472e+01 6.508387833196415784e+01 9.243424492398744974e+01 5.901114015179147998e+01 4.885717167495273117e+01
5.896240650336110889e+01 1.268204476530015512e+02 9.621411263867493346e+01 1.168433731722360314e+01 6.586191829801580866e+01 9.786703538480645648e+01 6.047522262042379282e+01 5.124829201558893743e+01
3.469566424907544189e+01 1.282022566834882582e+02 9.644948193925871749e+01 3.844655833229447239e+01 5.207107305653956786e+01 8.230035809426054527e+01 6.404555905127922699e+01 3.507444815392013737e+01
6.584242011193471455e+01 8.523858835902952080e+01 1.547822476645659151e+01 9.358818795091369225e+01 1.002777566208287965e+02 4.667671490558426228e+01 3.644770503182677146e+01 9.673934559961830359e+01
5.593592989798048620e+01 1.030550406259707756e+02 4.278882883170854257e+01 7.175366107717256625e+01 9.193287944222296915e+01 5.512899426041313689e+01 8.182955671953282106e+00 8.358880270391190948e+01
8.551465079651309509e+01 6.293108133538805049e+01 3.674677265496266187e+01 1.135330968434838468e+02 1.090124495573091110e+02 4.895675969220692991e+01 7.228071563306947667e+01 1.159857177340264087e+02
6.174272120956798915e+01 9.140713054477505750e+01 2.420064554816303826e+01 8.715009323283116771e+01 9.842030112610272852e+01 4.642316687496506944e+01 2.710250109519311223e+01 9.228961998450199644e+01
4.891127194452992910e+01 1.261857632479601250e+02 9.229045166291892599e+01 2.377566692608823473e+01 6.535474592087263090e+01 8.954233836783090794e+01 5.405154029988384679e+01 5.086328205448660356e+01
5.409177900311215126e+01 1.242149079893708006e+02 9.337638941904333478e+01 1.875780548373157330e+01 6.248884763068546988e+01 9.299641239574846452e+01 5.891708756511133771e+01 4.627771418051542440e+01
5.426842308890061162e+01 1.267419349429777782e+02 9.786485932507576990e+01 1.736012262772086245e+01 5.981075128721298029e+01 9.365575608424808252e+01 6.310651242544615513e+01 4.554956743216963133e+01
4.992796851438380656e+01 1.259862372256435208e+02 9.364003257623387810e+01 2.107830826690914350e+01 6.243127825941068210e+01 9.236369022428078779e+01 5.665783251350893579e+01 4.596930222680332889e+01
6.601313981155355748e+01 8.943650769714858484e+01 2.191507581476696132e+01 8.824058241050498452e+01 1.015691727573390750e+02 5.012473790056910872e+01 2.907256595709033320e+01 9.394886924764931280e+01
2.745337430870036854e+01 1.262314229015158986e+02 9.435328422214571731e+01 6.266144154800130650e+01 6.214167289117305870e+01 6.730881839655583576e+01 7.251784207001567495e+01 5.183553369582165260e+01
5.377440188473961769e+01 1.021609408190814747e+02 3.982157514078306093e+01 7.346893850838377205e+01 8.995311512577148960e+01 5.431309520829360338e+01 1.105144241020370721e+01 8.273894641184277532e+01
4.522507564480861220e+01 1.044610738805565830e+02 4.787497698572290261e+01 8.501588240232884175e+01 8.403578655866510871e+01 3.765879831835572844e+01 3.508602801378587799e+01 8.329204654448020051e+01
1.644573042127466778e+01 1.252558299423945982e+02 8.598434544998707452e+01 6.038324518938485141e+01 5.447776691378447111e+01 6.885811877344688980e+01 6.168200617214185399e+01 4.718408168705438044e+01
5.812812485110214311e+01 1.272154039629897966e+02 9.896117309561640241e+01 1.641157523714051436e+01 6.234809552807853095e+01 9.648220215743165795e+01 6.723721579506165824e+01 4.152937119835514324e+01
7.635430129564650770e+01 7.627314576326962481e+01 0.000000000000000000e+00 1.018853613057794831e+02 1.059732146519644544e+02 5.228610306624387505e+01 4.864188098855321840e+01 1.041568897084261209e+02
2.620084719912942361e+01 1.273984071734005852e+02 9.167423812664621607e+01 5.557628402676773760e+01 5.587951270911110413e+01 7.509527616549479490e+01 6.694701369353563791e+01 4.112035822378298633e+01
8.101543935996137691e+01 6.944673741808641410e+01 3.187998956639784254e+01 1.113281638570090735e+02 1.083517066462893013e+02 4.328028265838268140e+01 6.775998019374972614e+01 1.124433698546744012e+02
5.318499622126653037e+01 1.031849768229575801e+02 4.376371724982895728e+01 7.005280798591437019e+01 8.842762186778817579e+01 5.969957902046164833e+01 8.493398334308565722e+00 8.237213425470453387e+01
1.108195593547414433e+02 2.945716297670506734e+01 6.197703885279581471e+01 1.265346501851550585e+02 1.207536298316259717e+02 6.897640200605918892e+01 9.584901502897305647e+01 1.291393320102224891e+02
3.451991604345597153e+01 1.274845273823287215e+02 9.784143985139344579e+01 4.128784435151057863e+01 5.425325911288900471e+01 8.078944207376495967e+01 6.767659301366808222e+01 3.608057179295411743e+01
4.091201534666641493e+01 1.282239838615596170e+02 1.021937002724393295e+02 5.701568680747018192e+01 5.715976619369875067e+01 8.251207357402479659e+01 8.248409694375571632e+01 4.204690480213426440e+01
4.057784770870432567e+01 1.262749165300755578e+02 1.019769927669931633e+02 5.921797888156766021e+01 6.255825671867960125e+01 7.335660451987619979e+01 8.509990836389719959e+01 5.791538602351161558e+01
6.568504774172639316e+01 8.941263533601929225e+01 2.239014236119503920e+01 9.166985786197413688e+01 1.004066202174058873e+02 4.488290044078198804e+01 3.744986976511522414e+01 9.566998367826515448e+01
3.749368279757078426e+01 1.263478510030144122e+02 9.662452743487216367e+01 3.504739992395511905e+01 5.080514439905339685e+01 8.394138011143469669e+01 6.756002725437465983e+01 3.165723050360105972e+01
6.230809956344636902e+01 1.303392659293811562e+02 1.015494292651953856e+02 7.741207855435984442e+00 6.458491724131518197e+01 1.027429194166408308e+02 6.668601016445731489e+01 4.674497491742354782e+01
6.580123463278937379e+01 8.881532980874820282e+01 2.084837781394171685e+01 8.933687256769651697e+01 1.007388497405251400e+02 4.996475537270967493e+01 3.041516165560752327e+01 9.420372499377496922e+01
7.735393181159652443e+01 7.334991426384854663e+01 3.266354052588180679e+01 1.107684958109049518e+02 1.061238258731632698e+02 3.703508302788178952e+01 6.796468689519390693e+01 1.104067305469696691e+02
4.489786426107058759e+01 9.801752010415276573e+01 3.823319204923617320e+01 8.287093515279697442e+01 8.036468897410409795e+01 4.309776673123724322e+01 2.768661241358772429e+01 8.340678138602001468e+01
5.458341530927859964e+01 1.285148072236099779e+02 9.832869983792220125e+01 1.544641235559257453e+01 6.361719176498947803e+01 9.699330826934786387e+01 6.133589357688940424e+01 4.553068602636172812e+01
3.424861600072693335e+01 1.287563359559989351e+02 1.004904416963799036e+02 5.862047408388780667e+01 6.327440991825824312e+01 7.487215841834864705e+01 8.069964960728320591e+01 5.391423532984715905e+01
5.978541199645272286e+01 9.664890695117330210e+01 3.418069313619924543e+01 7.877870281216293336e+01 9.646079116011647159e+01 5.234198391656594396e+01 1.650562292423053634e+01 8.813164660171037212e+01
5.478580577459751311e+01 1.280892864204263901e+02 9.832011010398278472e+01 1.506367921879513894e+01 6.206082328670501624e+01 9.607986969925519816e+01 6.279738593743149977e+01 4.528478272688959549e+01
4.862127308773090562e+01 1.045848797619563442e+02 4.388360048119741208e+01 7.097478604160781401e+01 8.359667132170541493e+01 5.429359683270296699e+01 1.118470239997118654e+01 7.887108951864543371e+01
5.952947616939552233e+01 9.362720004459160350e+01 2.731120596232178599e+01 8.581317613388476673e+01 9.632965052796977545e+01 4.398452889851139957e+01 2.628156030824075273e+01 9.063455541254077730e+01
5.433594384055081150e+01 1.285129767044283540e+02 9.647086540244221453e+01 1.599733073713226972e+01 6.652174298150558229e+01 9.573861211919665948e+01 5.868908993154242637e+01 5.058100393714443044e+01
5.732553265644017415e+01 9.764040754608184614e+01 3.397350515150674255e+01 7.857304998718947786e+01 9.397438288974089460e+01 5.219209427146161318e+01 1.653977637230723730e+01 8.647591442304262443e+01
7.356592830381977421e+01 7.788026378903205682e+01 2.521934449002032252e+01 1.069084749602323967e+02 1.040250998976187020e+02 4.285534306689600470e+01 5.995739003665127598e+01 1.067373161619303517e+02
7.633052431626093437e+01 7.142953686068614161e+01 1.417146981759762880e+01 1.063015529751450146e+02 1.028881452896214626e+02 4.495570556275737317e+01 5.692252251620018200e+01 1.067786325496398661e+02
1.640414141328534470e+01 1.239732797628900585e+02 8.211439354125741374e+01 6.225221605507778122e+01 6.322631434561810693e+01 6.098245717308154923e+01 5.721609654325124694e+01 5.410862208944580232e+01
4.165153258826820348e+01 1.227280144544098306e+02 7.852043938650984956e+01 3.747474273484738916e+01 7.214027642563495135e+01 8.187876104187199644e+01 3.747081097219959389e+01 5.984774181234809021e+01
2.148492896783627515e+01 1.258308747524697679e+02 8.749047425441574433e+01 5.620820363375811013e+01 5.604309966891634076e+01 7.227083236614318196e+01 6.213518951013381297e+01 4.333422105045179507e+01
5.884310589312554640e+01 9.863410107770826585e+01 3.750191754774771624e+01 7.565950964092994013e+01 9.442143632951750476e+01 5.806626307816571142e+01 1.432108109936872253e+01 8.691847070141992049e+01
4.782411672874206232e+01 1.282416728474347281e+02 1.067145353184996850e+02 5.581517963904376245e+01 6.052882432640654287e+01 8.270965255833165486e+01 9.079038569630607469e+01 5.312833093852239585e+01
2.788899784296280515e+01 1.273579212428300167e+02 9.387187128052079288e+01 5.562578657972962048e+01 6.063117578340042968e+01 7.068398031361721223e+01 6.903104627930089521e+01 4.540102253906687224e+01
5.809914369176382820e+01 9.215766593494794279e+01 3.426230918776650469e+01 9.687931643370534118e+01 9.486915154304216458e+01 3.183773980814238413e+01 4.733637658449490004e+01 9.513364561167840350e+01
5.920213583095955556e+01 1.272060929171577044e+02 9.652810259970819118e+01 1.064502411934470949e+01 6.648131033673200818e+01 9.920311153004855953e+01 6.040690702568781489e+01 5.003346036520938611e+01
4.902091213663835134e+01 1.256800724487095806e+02 9.291584932852357781e+01 2.298821780806252590e+01 6.265017910816371938e+01 9.022433618028414060e+01 5.520068728768843158e+01 4.800761824751361928e+01
3.143520237046584853e+01 1.277122631813660831e+02 9.243597983212296754e+01 4.229519083558894010e+01 5.372462160110666929e+01 8.194855957764092125e+01 5.942373881670176416e+01 3.678227440269192527e+01
5.985594051535851889e+01 9.385698486629317472e+01 2.719020685086385214e+01 8.466867278814551412e+01 9.672966065159720017e+01 4.651500125186216650e+01 2.416902178449479877e+01 9.033935806432518234e+01
2.249445753613543175e+01 1.254976695887946647e+02 8.618709461849225306e+01 5.325631833494158229e+01 5.332675247564114329e+01 7.493175410463422281e+01 5.791932623417129378e+01 4.255393715169357449e+01
4.871725348298715375e+01 1.253379423522572012e+02 9.232837130259656533e+01 2.466540167182051846e+01 6.372498826725379217e+01 9.079258961027608166e+01 5.400097506467408692e+01 4.663548435295413697e+01
4.250925693577062958e+01 1.243589535321031860e+02 8.936394414168795208e+01 3.105863975697360146e+01 6.251077510260753201e+01 8.436457292006502939e+01 5.057810272055105827e+01 4.906757725556519745e+01
9.754328570679551547e+01 4.972726461085870397e+01 4.096638829704101425e+01 1.193814232831873738e+02 1.144937225478235661e+02 6.267430870516493968e+01 7.963848249734913054e+01 1.221746466161036011e+02
6.314587857490389666e+01 8.958754826764570112e+01 2.299647201320237144e+01 8.892297624790204225e+01 9.921258186009406188e+01 4.398089005262100670e+01 3.003205290049375975e+01 9.376950184038388159e+01
4.260962230784656413e+01 1.280179636237770637e+02 1.055183732758611512e+02 5.623718601419596297e+01 6.223197389295373938e+01 7.782552531203097601e+01 8.909970898504757031e+01 5.572843980731674662e+01
5.232106203951576617e+01 1.273983532157520528e+02 9.750360991538127564e+01 1.883902734639588061e+01 5.960111129116502582e+01 9.406677476215647005e+01 6.271454601373280013e+01 4.155247765601517784e+01
6.331865450367465087e+01 9.096113714526467220e+01 2.395247747611671230e+01 8.694137499317214690e+01 9.948782478674414165e+01 4.742336477853780252e+01 2.661627897761287898e+01 9.236427173383121669e+01
8.304452129058471144e+01 6.570258432484797595e+01 2.270925727682346462e+01 1.108037912680939456e+02 1.079070861286349157e+02 5.032004665077943173e+01 6.464258011932683701e+01 1.121580396042221537e+02
6.393134491859724733e+01 8.798182994909780064e+01 1.891911842456880422e+01 9.130506814797793425e+01 9.925983727061382922e+01 4.482975268132574342e+01 3.303349346583584634e+01 9.483561851183222302e+01
1.137492152566847921e+02 3.395984475634800503e+01 6.742402850899955524e+01 1.267957706620663885e+02 1.223783671091881473e+02 6.857898496845362502e+01 9.813164537304190560e+01 1.296612203616450927e+02
7.322557156804579392e+01 7.489540914464559762e+01 1.098697067235641001e+01 1.023754188621061729e+02 1.014023946207311582e+02 4.901506195670601329e+01 4.951713551596261453e+01 1.030873455562086036e+02
4.604122588430119123e+01 1.036928413452503293e+02 4.708610770993417560e+01 9.083447767745057888e+01 8.605488625208562325e+01 3.348470270055437936e+01 3.913614238311627247e+01 8.548439548686320677e+01
5.455767777793518292e+01 1.268333994503113900e+02 9.632385929821651871e+01 1.593111448584600787e+01 6.350568528947471236e+01 9.587596828342361732e+01 6.012613614073519841e+01 4.539174690379586963e+01
7.315507403914072881e+01 7.725830102310071368e+01 2.700010555815708102e+01 1.062133049229957606e+02 1.030873152752975415e+02 3.950468175656113345e+01 6.016628022821001309e+01 1.063725358910650414e+02
2.288869921559716758e+01 1.274105356238817990e+02 9.159420525041535655e+01 6.061976117472087822e+01 6.300535940832487114e+01 6.401814808361550035e+01 6.742153598510701329e+01 5.317805817086586728e+01
5.665640093715152403e+01 1.022213768594275223e+02 4.269200137940174500e+01 7.163638679614025762e+01 9.283177909850718379e+01 5.799657420248371409e+01 7.293639960890247131e+00 8.469918482837263696e+01
3.116825502976616136e+01 1.269269743624944908e+02 9.502395546532144976e+01 6.059561615733057494e+01 5.672073641624189833e+01 7.345101250030496942e+01 7.366221646515199950e+01 4.719760538078438117e+01
4.896823601400615900e+01 1.259487989769192069e+02 9.461515560600767571e+01 2.292422439375117804e+01 6.171899901176485059e+01 9.180429828515346458e+01 5.698817210734713967e+01 4.479495945630071674e+01
5.504135166474964080e+01 1.270926550354605951e+02 9.655952910561623526e+01 1.507203292273934814e+01 6.462483310010061643e+01 9.580616305921442688e+01 6.002506406813353124e+01 4.844766126492997671e+01
4.894339646033472491e+01 1.043908127949214588e+02 4.578303079312559021e+01 8.378742929664269923e+01 8.582022679071182836e+01 3.952575497628044587e+01 3.336803339329193818e+01 8.365783837196030959e+01
5.617991979375472766e+01 9.962663773396832312e+01 3.738224874108961160e+01 7.549014799488082872e+01 9.251952077141790198e+01 5.491580243967433717e+01 1.349277615156372256e+01 8.520318553170882581e+01
4.441700301272459228e+01 1.303102950888415137e+02 9.979681132379552366e+01 3.191534792648025842e+01 4.985711457563182591e+01 9.330031653428103766e+01 6.637593516928612303e+01 2.704414036968183055e+01
6.044971334850301048e+01 9.265087228830402921e+01 2.535697678096383711e+01 8.776064102140807677e+01 9.707925783541486453e+01 4.234798940984930482e+01 2.847216221278282333e+01 9.181292485066828135e+01
7.829816736080299222e+01 7.190416605408323392e+01 7.952112361357886350e+00 1.049847140298716113e+02 1.052540181163075204e+02 5.261534718604958272e+01 5.335246404900302508e+01 1.060713367617231597e+02
6.179739341859099966e+01 9.339197652109214687e+01 2.639842834162681129e+01 8.485088643625218197e+01 9.925337641769917241e+01 4.562512261301025518e+01 2.526659521286749310e+01 9.104234686100342344e+01
1.008704918451936123e+02 4.354554411232616928e+01 4.962466942258278380e+01 1.234932671548413481e+02 1.168801618385149084e+02 6.041520296447768601e+01 8.684288813867952683e+01 1.256954846331962159e+02
4.965448721840816404e+01 1.267123909871105383e+02 9.481467544536843661e+01 2.024810739419803340e+01 6.254253646507399367e+01 9.220826429468894503e+01 5.743170799930646098e+01 4.641255652511154750e+01
5.600568913444427466e+01 1.284596556027605061e+02 9.904328853923678366e+01 1.489262397730063014e+01 6.180218930799050980e+01 9.722607136272013406e+01 6.483336804809938769e+01 4.308886598763015030e+01
6.091377003551242098e+01 9.527754374489802558e+01 3.178675272547975794e+01 8.136784473011850594e+01 9.606204113651966736e+01 5.470725006018851388e+01 1.990136783486000382e+01 8.916221489104862030e+01
5.976713142731767903e+01 8.971617410860996245e+01 2.155741825477281282e+01 9.208700414009935287e+01 9.486913290447783709e+01 4.065326871824460397e+01 3.505929660358781774e+01 9.347974664403393774e+01
6.594626102272655999e+01 8.729791077013921097e+01 1.759125285373656311e+01 9.185093849826141366e+01 1.009670407638671321e+02 4.668022581902279455e+01 3.377575394379012153e+01 9.607383283831779863e+01
6.002345388700717166e+01 9.109885254889503869e+01 3.446076731676536298e+01 9.871880403134004212e+01 9.599513255400478329e+01 3.230246028195351471e+01 4.900652613066715446e+01 9.670409664494806634e+01
6.705252770118919159e+01 8.795422814098257902e+01 1.986639640106095683e+01 9.036210480429878089e+01 1.016854482472983250e+02 4.890228685026432487e+01 3.174202251730863722e+01 9.535202551266282001e+01
6.593237965431875125e+01 1.283653681597402283e+02 9.994161700155497385e+01 5.549881262454746889e+00 6.880052319951414574e+01 1.036118093502548589e+02 6.594169788782090791e+01 4.955856037724188212e+01
4.431721283751976159e+01 1.274458346555873334e+02 1.036050604675586868e+02 5.792871158096171769e+01 6.366838698775840300e+01 7.557171366757404485e+01 8.733894050461360337e+01 5.953667628506954657e+01
5.878763237804867003e+01 9.733669242640836217e+01 3.319940804312768279e+01 7.964528257968888170e+01 9.553294554696337570e+01 5.048214458005556082e+01 1.739029071318736186e+01 8.739263741039412992e+01
4.234048306881179258e+01 1.288059764168672814e+02 1.002964655337587487e+02 3.143663265603393597e+01 4.997498026120648262e+01 8.780614893266222509e+01 6.784384214994233275e+01 3.468478610669211548e+01
5.341108993823763740e+01 1.277652803428286603e+02 9.740194281311892155e+01 1.695691971666370179e+01 6.126238684860092576e+01 9.543988022801960369e+01 6.194091526430196382e+01 4.286463143961751854e+01
2.475231246868880675e+01 1.248508720062100394e+02 8.377011750298193249e+01 5.542967393955339617e+01 5.666347203979474756e+01 7.427767671972718233e+01 5.556065541219879123e+01 4.325716376134830199e+01
2.281319372938501644e+01 1.248539790450500817e+02 8.741910152210613205e+01 6.664622350231228154e+01 6.037417799986894806e+01 6.490213878209604559e+01 6.544660980870669675e+01 5.492066385075319346e+01
3.206736300071597867e+01 1.279919833472017956e+02 9.554670054868819307e+01 4.068839337470591744e+01 5.331981222932807896e+01 8.101154113444773941e+01 6.388289682574500716e+01 3.581316961166663049e+01
5.041553677461624972e+01 1.250866631237963844e+02 9.415305669548781964e+01 2.176676628150773496e+01 6.032326456142989457e+01 9.165783088288537783e+01 5.904464034979948650e+01 4.337434214339610605e+01
3.921350862271878412e+01 1.305186906981649031e+02 1.018875949883698269e+02 3.877795428891271712e+01 4.862589525333017804e+01 8.979816399079004441e+01 7.062488542740756259e+01 2.830521466837876332e+01
7.342339653205408467e+01 7.954879116579218135e+01 3.332360517526879562e+01 1.097619043815299875e+02 1.042080117266588672e+02 3.679487343726172810e+01 6.621670167471455670e+01 1.074720420758041968e+02
3.593370123925866011e+01 1.263189853011057977e+02 9.744852164503193137e+01 6.020504564789996493e+01 6.298839501181190315e+01 7.495631265961573320e+01 7.688953914169783843e+01 5.016481274549386171e+01
2.750976297116000424e+01 1.256946477825228783e+02 8.909640707179508468e+01 4.556411448468738712e+01 5.428791323335907038e+01 7.628639144863105059e+01 5.750462095299089071e+01 4.089132544008269576e+01
5.859967682479516071e+01 1.306308143989257360e+02 1.020065412947916172e+02 1.268979194656739118e+01 6.070767353053183513e+01 1.006602320771687289e+02 6.729998838610751477e+01 4.283694951606659629e+01
2.939721924156786415e+01 1.254500406500385878e+02 9.012626865192025605e+01 4.700514482667995253e+01 5.302985396294858589e+01 7.901016215447489799e+01 6.061792040753663713e+01 3.784380508858459535e+01
6.708453700020973542e+01 8.417801305189360050e+01 2.733406851586329012e+01 1.049361037100074299e+02 1.000060291681648437e+02 3.620158836280214842e+01 5.774524189511104311e+01 1.022996076159427759e+02
4.389374097724659407e+01 1.273555001515404115e+02 1.048869161495445752e+02 5.633228128126485501e+01 6.154096447886515620e+01 7.838855098881607830e+01 8.833805198604849807e+01 5.465318814530979097e+01
5.082033771284244494e+01 1.265321493806178381e+02 9.461063808989180757e+01 2.114260532104903945e+01 6.471620133628282190e+01 9.214561515364273703e+01 5.670872436490346757e+01 4.888726522569097455e+01
3.040650281292960244e+01 1.269547810561231103e+02 9.542923233060091093e+01 5.903885098590947678e+01 5.675744291833842681e+01 7.525793237951721437e+01 7.293139595294219646e+01 4.355824214525210181e+01
5.434503334056449120e+01 9.743644217247346262e+01 4.072512587157486763e+01 9.556158293981046370e+01 9.213221946271579554e+01 2.993123090974708589e+01 4.537684494349888098e+01 9.137352740868170997e+01
6.534327558317994544e+01 8.738482342582085494e+01 1.912993972312082391e+01 9.105623499921361486e+01 9.968841957512732677e+01 4.916186885719677946e+01 3.252891070263526530e+01 9.466702571501903662e+01
5.665608391687790402e+01 1.004041429142862398e+02 3.957483468812862526e+01 7.416013059915921701e+01 9.175832082597618466e+01 5.890481030760636116e+01 1.296027671946209381e+01 8.514776206424009786e+01
4.311595453488903473e+01 1.270691533434151523e+02 1.020197810168436092e+02 6.046099674306693572e+01 6.514050504030925026e+01 7.405936745437627167e+01 8.550870091728859279e+01 6.109583421745472975e+01
6.209473932608248958e+01 1.281568804097971395e+02 9.798695672468720375e+01 8.273405276901467431e+00 6.511624221276113644e+01 1.019139613795871639e+02 6.325628182097208452e+01 4.915308170527247000e+01
1.154961243216082067e+02 2.936903619295151557e+01 6.789483826643628106e+01 1.277607818180675849e+02 1.225775297836413529e+02 7.188971990071716789e+01 9.924717286832083118e+01 1.305309496088821959e+02
3.126339855633795395e+01 1.275143937332334332e+02 9.915023699797453105e+01 6.331327013422263406e+01 6.372028638516468391e+01 6.895791109969057686e+01 7.808785177658936050e+01 5.439450097160332831e+01
7.799674234496160352e+01 7.048718728050957338e+01 1.179519608744694281e+01 1.058658817497797884e+02 1.043683938721096354e+02 4.979032487610445656e+01 5.551550845135300705e+01 1.067906793833405601e+02
6.868342519248852795e+01 8.109625457729447362e+01 2.024383269088903248e+01 1.002775156315261853e+02 1.013473262521104346e+02 4.142051062063126210e+01 4.968406742783579944e+01 1.018393066381905356e+02
3.499673596800008823e+01 1.271948627610515388e+02 9.546452033003225779e+01 4.074910085352095734e+01 5.020269863218344142e+01 8.480628793222706463e+01 6.544713742425902581e+01 2.956727177243474358e+01
