7.492087573193947492e+01 1.273402118984738962e+02 2.508481458523975505e+01 1.149173367052209187e+02 1.211284969113735315e+02 3.161226483451199698e+01 1.298069573013460172e+02 9.751367720335208844e+01
0.000000000000000000e+00 9.687931643370534118e+01 9.215766593494794279e+01 8.836027584915612465e+01 6.519354165338238261e+01 5.345062021079239400e+01 9.513364561167840350e+01 4.733637658449490004e+01
7.362076229330396870e+01 1.267957706620663885e+02 3.395984475634800503e+01 1.150130967291692770e+02 1.210594296478462724e+02 3.666788168021162875e+01 1.296612203616450927e+02 9.813164537304190560e+01
7.415002450064301343e+01 5.557628402676773760e+01 1.273984071734005852e+02 5.030702662537910186e+01 1.947488343230279639e+01 1.113221440737991514e+02 4.112035822378298633e+01 6.694701369353563791e+01
8.000887053752600764e+01 4.344342321652684547e+01 1.282903880602730169e+02 4.215418153206132956e+01 3.531515406590482087e+01 1.137572749985036751e+02 3.299655274802702110e+01 6.955765324780686854e+01
3.431163238309535046e+01 7.964978112370148722e+01 1.084676626329978149e+02 6.715378975489127811e+01 4.123550000830688589e+01 7.533055190016310121e+01 7.382436127852518837e+01 3.630776754159791864e+01
3.449812882324919627e+01 7.940076751424957990e+01 1.109665637245065142e+02 6.425107923032604162e+01 4.080924093145195997e+01 7.804393380834457616e+01 7.293089468973401779e+01 3.806567510520590503e+01
7.553010987428126555e+01 5.131013196753184502e+01 1.276773668974810079e+02 4.006130754529689852e+01 2.911724584774522739e+01 1.121592452759875300e+02 3.862824440602677356e+01 6.887872614606345678e+01
3.817217424472583076e+01 1.089774349815712782e+02 8.430915651201769379e+01 8.780331945394851800e+01 8.042759008113702635e+01 5.932541674626845918e+01 1.038189686126652873e+02 6.916531084595810341e+01
8.295218221159905170e+01 4.956664717649346841e+01 1.285755929494326040e+02 4.230685599263264152e+01 2.524858659565567720e+01 1.147375710452949420e+02 3.032197257173471172e+01 7.121287126447209914e+01
2.071736688169660567e+01 9.523203748294842796e+01 8.911679107670161670e+01 8.094401337353696135e+01 6.338843434398442156e+01 5.454302719776606523e+01 9.188555485831628289e+01 4.798193870393702554e+01
7.182556457947148942e+01 6.266144154800130650e+01 1.262314229015158986e+02 4.703472503835256191e+01 2.913609905750176310e+01 1.105986782253621499e+02 5.183553369582165260e+01 7.251784207001567495e+01
7.154143053348312264e+01 5.620820363375811013e+01 1.258308747524697679e+02 4.969771578833453418e+01 1.791132144150809680e+01 1.098445785725519244e+02 4.333422105045179507e+01 6.213518951013381297e+01
2.857242487357530081e+01 1.107684958109049518e+02 7.334991426384854663e+01 9.634402945760676573e+01 8.675774787951414169e+01 3.299154893737180316e+01 1.104067305469696691e+02 6.796468689519390693e+01
7.694922184279154465e+01 4.641679735754539848e+01 1.268414985744262538e+02 4.274915785179599936e+01 3.115825651742888880e+01 1.111349153241184524e+02 3.498273715311054133e+01 6.555414219515283492e+01
3.858543624567782615e+01 6.981025655783142270e+01 1.086178157758072018e+02 7.888553727057373521e+01 4.617278766510513321e+01 7.732737045700220335e+01 7.410977185396896516e+01 1.940306520792705314e+01
6.519354165338238261e+01 6.556188569671130040e+01 1.255026197441356857e+02 5.719277770735077127e+01 0.000000000000000000e+00 1.044318586885634659e+02 4.911636455923575539e+01 5.439265491147924081e+01
3.897296332398138929e+01 9.009731522018043393e+01 1.072016655289284586e+02 6.576273347097543365e+01 4.720005275379431708e+01 7.768524177644339090e+01 7.958934581488368565e+01 4.897047065366093221e+01
3.921858288641276502e+00 9.871880403134004212e+01 9.109885254889503869e+01 8.933144493162745903e+01 6.655329135299042775e+01 5.293937547046481740e+01 9.670409664494806634e+01 4.900652613066715446e+01
8.427548688050995906e+01 3.648778432387197768e+01 1.276132736383394928e+02 4.793242101877776662e+01 3.407939776873356408e+01 1.152880726915588525e+02 2.900113083590159846e+01 6.901398951085305100e+01
8.275021916754344886e+01 4.714228286512934574e+01 1.276618667400670404e+02 4.183780705003409395e+01 2.780649216386117928e+01 1.138108056431513546e+02 2.731425009581796459e+01 7.117817584516221530e+01
4.394162780848758132e+01 6.740873713940213463e+01 1.142966086282948481e+02 7.282320464240525837e+01 4.235929335076418312e+01 8.422510659233354602e+01 6.766704650124617615e+01 2.764447195194772178e+01
6.804597978951539972e+01 6.089539467195657352e+01 1.255030380341980134e+02 4.798124614847239400e+01 2.524252205295341511e+01 1.079784474413501414e+02 5.059117010114987067e+01 6.568833006016829756e+01
7.369577615962910500e+01 5.293682133904764697e+01 1.264276887763284236e+02 4.239563036658733353e+01 2.487091334548815524e+01 1.106169403603031753e+02 3.821621826799624699e+01 6.644990878815072222e+01
1.114186462989771620e+01 1.006441891689422192e+02 8.627729224696619781e+01 9.095123935861546727e+01 7.265323484238615492e+01 4.654412914559156889e+01 9.986727753110911010e+01 5.307976932201687958e+01
2.899926565602588724e+01 8.712261791369165564e+01 1.047185830718528337e+02 6.619758665896955563e+01 4.752852367885906659e+01 7.200794534308687389e+01 7.981295637549619926e+01 4.150405270199009777e+01
3.791965431249734308e+01 7.523298464759477611e+01 1.052597961454831506e+02 7.635211650983009690e+01 4.670219170659418495e+01 7.344829468865530941e+01 7.614735249448993670e+01 2.512530597159581092e+01
8.161787300196230888e+01 3.504739992395511905e+01 1.263478510030144122e+02 4.841426927539949077e+01 3.907785341879592522e+01 1.134440548681657646e+02 3.165723050360105972e+01 6.756002725437465983e+01
5.832863639766096497e+01 1.234932671548413481e+02 4.354554411232616928e+01 1.084656029991078157e+02 1.094911498801526761e+02 1.296205230743671954e+01 1.256954846331962159e+02 8.684288813867952683e+01
4.423432582011578518e+01 1.160672476828313080e+02 6.457552687525442536e+01 9.690738899380197324e+01 9.624596084568889864e+01 3.755519033769556358e+01 1.151278693992832984e+02 7.801272395952389616e+01
7.381744707714604203e+01 5.758356250155211598e+01 1.268465714646826399e+02 3.943378143107911171e+01 2.281016898827872552e+01 1.106821623549482609e+02 4.279999381874812059e+01 6.843753365378412923e+01
3.183773980814238413e+01 1.052725967162811145e+02 9.014540187396762860e+01 7.966418381931691783e+01 7.111085651570036248e+01 6.267430870516493968e+01 9.831941932787856331e+01 6.062883736827074443e+01
8.025688089427639227e+01 6.133195441490099142e+01 1.260858316127899030e+02 4.631556796656253994e+01 3.340181572350650896e+01 1.104818924710522623e+02 5.996999969666131847e+01 8.045030615950916797e+01
6.845951395163550046e+01 5.981026098953651626e+01 1.264620405132414191e+02 4.317655376128242750e+01 1.807888303513948713e+01 1.077253213629757767e+02 4.623518426802876746e+01 6.317636878774553821e+01
7.830388514509444065e+01 5.356575928154537536e+01 1.283553934702460140e+02 4.108504027204051567e+01 2.429656057265039593e+01 1.133374655512944571e+02 3.682156236004307459e+01 7.034395048340167023e+01
3.699122253044729547e+01 9.598798350003933422e+01 1.008333201373256998e+02 7.040676179250775135e+01 5.583234608889940631e+01 7.166752061565767917e+01 8.607627153569777079e+01 5.382497535603915395e+01
6.733734171866194629e+01 5.129448696424513088e+01 1.258526604910769180e+02 5.111110674855678582e+01 2.457603662771618858e+01 1.074494275092098832e+02 4.615072049279074662e+01 5.657299952538704702e+01
6.877611056202461270e+01 5.744685241816308263e+01 1.268863314672625933e+02 5.258786412236106855e+01 1.325706412654262856e+01 1.084659245564587593e+02 4.491015137081065234e+01 5.792802444930548234e+01
8.563829166676363513e+01 4.003566798740349242e+01 1.287647106248444402e+02 4.751084259775673502e+01 3.833523405499892078e+01 1.155600526075069752e+02 2.597588857739326684e+01 6.731543477429933375e+01
2.563791884557505796e+01 9.236517666568376228e+01 9.787390282893429116e+01 7.281150285290213731e+01 5.566875895586477441e+01 6.322372188824075323e+01 8.549475709625879460e+01 4.589833826222400148e+01
1.874835964910184671e+01 1.059518652325382817e+02 8.192648544112225295e+01 9.241896853445096838e+01 7.755742441274557564e+01 4.215012784542191326e+01 1.044137206393131265e+02 6.029886602495123071e+01
6.598233898843596990e+01 1.223839868157993607e+02 4.421681160492649099e+01 1.105162412051492282e+02 1.127836477726047804e+02 3.386803205051386811e+01 1.241257805989859264e+02 9.275342171680084391e+01
8.431899184834482242e+01 3.143663265603393597e+01 1.288059764168672814e+02 5.031091602409290431e+01 4.422552963145574267e+01 1.163302153126372076e+02 3.468478610669211548e+01 6.784384214994233275e+01
3.444844304728625417e+01 1.129286150275687675e+02 7.060689775575731630e+01 9.058602561958214494e+01 8.844713331775415099e+01 4.154969206178378727e+01 1.102760073835266041e+02 7.186482578752428196e+01
7.689443443173884418e+01 4.229519083558894010e+01 1.277122631813660831e+02 5.424650488866176090e+01 2.845421158340901613e+01 1.125437484291528563e+02 3.678227440269192527e+01 5.942373881670176416e+01
6.892483009528940840e+01 6.038324518938485141e+01 1.252558299423945982e+02 4.541419231279427748e+01 1.739725429480493801e+01 1.073145043838295010e+02 4.718408168705438044e+01 6.168200617214185399e+01
3.675081433322660018e+01 9.449171080490538088e+01 1.015643835736154159e+02 7.053942916572572130e+01 5.312292836903909432e+01 7.199213246612576711e+01 8.473344179845048529e+01 5.021098911997682279e+01
7.278426664228521759e+01 5.401833177429114130e+01 1.285498422585492619e+02 4.803866891087496072e+01 2.008833856994773726e+01 1.114696764228335155e+02 3.930512686808623357e+01 6.168251368014921354e+01
7.278186545880147662e+01 4.662565463346562211e+01 1.260112060843610777e+02 4.637882154104773491e+01 2.782923231116886953e+01 1.092505942028578545e+02 3.830134170488736345e+01 6.012312193424601503e+01
3.362931150133623248e+01 9.000502864941056202e+01 1.019985448665497927e+02 6.840041848137795455e+01 5.038274520888791130e+01 7.067304457688119612e+01 8.189980691579603445e+01 4.572114227569726097e+01
4.604583130721795214e+01 7.720849325745267322e+01 1.167321953043730076e+02 5.689696560855346519e+01 3.110956865696891782e+01 8.599666619438879422e+01 6.522166646602737217e+01 4.569988716681883290e+01
6.659583093021598188e+01 6.664622350231228154e+01 1.248539790450500817e+02 4.828469840641311350e+01 1.971156352659887645e+01 1.057099996479507524e+02 5.492066385075319346e+01 6.544660980870669675e+01
7.852080102447605725e+01 4.506854421620462858e+01 1.293590385818752964e+02 4.709443717266738361e+01 3.164757191288240179e+01 1.154718950735047116e+02 3.749604057644692290e+01 6.666069610743586793e+01
4.062575068926172861e+01 7.168017289704954464e+01 1.141902044592752787e+02 6.217296932135339205e+01 3.820889721033189090e+01 8.282257428650079589e+01 6.890464228984166084e+01 3.894561700012079797e+01
6.779087748648791489e+01 6.440034398465746790e+01 1.268325075051512840e+02 5.255894980908719560e+01 1.206760323940852153e+01 1.075963985937488445e+02 4.906371959804671690e+01 6.083752347982957787e+01
9.001867342120615945e+01 5.772450803740435532e+01 1.302460421169881215e+02 4.662429819756962956e+01 3.893044531472774850e+01 1.171393608117844707e+02 4.851600343476312815e+01 8.784691339442740343e+01
7.558167817617304252e+01 6.059561615733057494e+01 1.269269743624944908e+02 4.539700004725189331e+01 2.646943342418342837e+01 1.117125328330962333e+02 4.719760538078438117e+01 7.366221646515199950e+01
1.669269584624143832e+01 1.029495009153412042e+02 8.212165974208656394e+01 9.773543717078830184e+01 7.544352458421727192e+01 4.049854570559565303e+01 1.031259965546352930e+02 5.574035593396543931e+01
2.985258804432006485e+01 8.618464680223539176e+01 1.044327709865117555e+02 6.808306293749812710e+01 4.698390608588516670e+01 7.192896786361980332e+01 7.943484117004078371e+01 4.141906435161018862e+01
6.119760496615425183e+01 6.225221605507778122e+01 1.239732797628900585e+02 5.166914764359999879e+01 2.020867557068489617e+01 1.021525974925811084e+02 5.410862208944580232e+01 5.721609654325124694e+01
5.072824789449992267e+01 7.923242570259191098e+01 1.157431516663712756e+02 5.490511111585729509e+01 3.534619727082230867e+01 8.843890161449948550e+01 6.758805041118203860e+01 5.532934401150652803e+01
8.080567940972923680e+01 5.876657137402202835e+01 1.191373453479667432e+02 3.372222771889300930e+01 4.159820461710397410e+01 1.079660822551124966e+02 4.366380455598977051e+01 7.080832303617329160e+01
7.780911471746377117e+01 6.135505207079495449e+01 1.197313678109568684e+02 3.606971483819772573e+01 3.837427538481831846e+01 1.050713343127428914e+02 3.698803296504254234e+01 6.947518673472241346e+01
4.332124333096579960e+01 7.667813490518236108e+01 1.156664712560253605e+02 5.601242962988553842e+01 3.402200650846406660e+01 8.586766429759941843e+01 6.764653229503809939e+01 4.422439177695699186e+01
6.942439052868397198e+01 5.646382227357987915e+01 1.186731136110393550e+02 4.330509015931712469e+01 3.683855290126513182e+01 1.027136522166830872e+02 4.563498643748903305e+01 6.081084242734750234e+01
3.357980838172564120e+01 1.023754188621061729e+02 7.489540914464559762e+01 9.698978411351491502e+01 7.850211184755885085e+01 4.041802382103517743e+01 1.030873455562086036e+02 4.951713551596261453e+01
8.248454650388906373e+01 5.921241964236693178e+01 1.185151239030810473e+02 3.717904634929095664e+01 4.566363970401444305e+01 1.075933046930865373e+02 3.485457566817049013e+01 7.785884055196066811e+01
8.514815725699705240e+01 1.923731993931846773e+01 1.266175710906534277e+02 7.678965694138086917e+01 5.071033649243611308e+01 1.128019331992795600e+02 5.504208433808554446e+01 5.153134952782995271e+01
5.522688550456641110e+01 6.359224418113394961e+01 1.231290807054812291e+02 5.391738846673431595e+01 2.489450705424170351e+01 9.566828859265922347e+01 5.681574284429770927e+01 4.620423730359051717e+01
4.961710711414290387e+01 7.306016207302320709e+01 1.188629348460621173e+02 5.270036225187496370e+01 3.055013895690678893e+01 9.130574073244862632e+01 6.417010261829406659e+01 5.137749752457178687e+01
8.437988953997644614e+01 5.731689122001929348e+01 1.210015313703197535e+02 3.109477915502372269e+01 4.487938874074330897e+01 1.106244574862124637e+02 4.191507834123450493e+01 7.409180640054584899e+01
7.341852089904325851e+01 5.812667076738448912e+01 1.216403041817508637e+02 4.236730833822831244e+01 3.659446325861567573e+01 1.071576581095559533e+02 4.459776048286637717e+01 6.093407483169437455e+01
7.710423814308441592e+01 5.694624482463721193e+01 1.168571190822756165e+02 3.943408526071515041e+01 4.582863709727519108e+01 1.038317599079603895e+02 4.236456155449607053e+01 6.756428211086755198e+01
3.480595871942323072e+01 9.671616761752879654e+01 8.114659544890575660e+01 9.698164074368231979e+01 7.407760666583359921e+01 4.960678698452210256e+01 9.915833973419668723e+01 4.046622066860187061e+01
2.976090314583136021e+01 8.037080748443224820e+01 1.001418247660470371e+02 8.747566684267319204e+01 5.546650612837795080e+01 6.666537133005971327e+01 8.467353318045981325e+01 1.986702383428018592e+01
2.878413836509973223e+01 8.222442173803901255e+01 9.636593840921466381e+01 9.129052126730995553e+01 5.936937515761672302e+01 6.335425336176335520e+01 8.750274975193421767e+01 2.175444706466867828e+01
2.855113899721116155e+01 8.715009323283116771e+01 9.140713054477505750e+01 9.568146603572279218e+01 6.502227088575689606e+01 5.885444362754324032e+01 9.228961998450199644e+01 2.710250109519311223e+01
7.589138436326146575e+01 5.579083429445584130e+01 1.190043105549198685e+02 3.924511813554869377e+01 3.803553010707541659e+01 1.056895466208943617e+02 4.054858996684312444e+01 6.437158536303221013e+01
5.189996021699129614e+01 7.261382256530660584e+01 1.189261729905111764e+02 5.015841141504093770e+01 2.991626023290430680e+01 9.171297998471995072e+01 6.256320421118378761e+01 5.341288553893563318e+01
9.041303251964016852e+01 1.608124222162275174e+01 1.275438098474629101e+02 6.953231537676472840e+01 5.569871606522004726e+01 1.156322763317674429e+02 4.753545954085014813e+01 6.015314821789117872e+01
5.660567465087647321e+01 6.712225752266803624e+01 1.222641443656851976e+02 4.822974532973319128e+01 2.341735638981629819e+01 9.539760736725612844e+01 5.646521213833712949e+01 5.111028971760985229e+01
6.931180907364392851e+01 6.115296640520422500e+01 1.211331762286828422e+02 4.255102078109410257e+01 3.575597086255022816e+01 1.035684060659620229e+02 4.815939697622032156e+01 6.083200027215988115e+01
5.952751804677637182e+01 5.737469185648110681e+01 1.215972321860349865e+02 5.122784098267140251e+01 2.700757484210086545e+01 9.823833418762647796e+01 5.148234222257553938e+01 5.066522456859037504e+01
7.592576832329305603e+01 5.625642770545636751e+01 1.212226646911818193e+02 3.877875999151274300e+01 3.783567287319085182e+01 1.077335755522444458e+02 4.353905051899320000e+01 6.407727060789929396e+01
7.135584884205852063e+01 6.257538684237027837e+01 1.244820223213098558e+02 4.236467995814717824e+01 3.138008422169290057e+01 1.070106561512789227e+02 4.833816963027328484e+01 6.228247710706001783e+01
9.393363554115687464e+01 1.037662561249296189e+01 1.297472782037170020e+02 6.904416991542144899e+01 6.163220480299315795e+01 1.186044449387397890e+02 4.546518710604523505e+01 6.862648836564829935e+01
2.656007996428761686e+01 1.026869925630610680e+02 7.569123349203148621e+01 9.811475435935170708e+01 7.872649044876331459e+01 3.588890264566700239e+01 1.037839461269133210e+02 5.091708238887039784e+01
5.741678589782862474e+01 6.212010682812343276e+01 1.206786263619762281e+02 5.324846210541889491e+01 2.671743735455005364e+01 9.509014120855535168e+01 5.497713144575309485e+01 4.950018087949582224e+01
6.798268251831214570e+01 5.260015442891594972e+01 1.236412351146361317e+02 4.853466328714273459e+01 3.012371992293627088e+01 1.034508571633189007e+02 4.265521065771236664e+01 5.352486747334332051e+01
5.963367717925570588e+01 6.335660500749664692e+01 1.216928288515428989e+02 4.841034098836288990e+01 2.325219607312714842e+01 9.954295843650653808e+01 5.537157569911144606e+01 5.823369701186320668e+01
2.976012651976623147e+01 9.369455129438615870e+01 8.536360525977754321e+01 9.747756179473007876e+01 7.102236465114425812e+01 5.226806215900752761e+01 9.663526466932650294e+01 3.671151550993218393e+01
3.320465161974904333e+01 8.120290477420948605e+01 9.586269735800208025e+01 9.515772241426961386e+01 6.339789167864576314e+01 6.548553371411446733e+01 8.882634644684637237e+01 1.921409630803247381e+01
8.295468653530706149e+01 2.298821780806252590e+01 1.256800724487095806e+02 6.689435163159897968e+01 4.897363578477801838e+01 1.111512418361600822e+02 4.800761824751361928e+01 5.520068728768843158e+01
7.049330980401960289e+01 6.231658176371214353e+01 1.237459831489737638e+02 4.401293503298454368e+01 3.404929121361409727e+01 1.055382987201561775e+02 4.954386078374527358e+01 6.005032331374450649e+01
8.869192925360603397e+01 1.543761958389565692e+01 1.269887170279218935e+02 7.152276154642918016e+01 5.412980172721407257e+01 1.143364522011424214e+02 4.976167424368910019e+01 5.787890073372560096e+01
6.445197333439291754e+01 5.672164027341738546e+01 1.211966166904716857e+02 5.162087472070246719e+01 2.936794818227265935e+01 1.006198810266752020e+02 5.146898230538234031e+01 5.743874950424855541e+01
7.417492143752670586e+01 5.661724137274308788e+01 1.183588079193211655e+02 4.021384112480492234e+01 3.887189081368578769e+01 1.053000694752704192e+02 4.046101850073583961e+01 6.122142254014419649e+01
4.860295746168070963e+01 6.741697043617685381e+01 1.180320696111482874e+02 5.559698071791978435e+01 3.194105980313204540e+01 8.884169884085744684e+01 6.254674100528210090e+01 4.341279612714400571e+01
8.481850053291466907e+01 2.107830826690914350e+01 1.259862372256435208e+02 6.633076545072370322e+01 4.986171663204186189e+01 1.120626646644410584e+02 4.596930222680332889e+01 5.665783251350893579e+01
8.099667544900707128e+01 2.520564851465822187e+01 1.258918829886454063e+02 6.524232724089642943e+01 4.755070508363825610e+01 1.109621653819084059e+02 4.718159702017926094e+01 5.531519817384837978e+01
2.192496668064958243e+01 8.765776619766840838e+01 9.388482519026817386e+01 9.180063560337868012e+01 6.134569487586408343e+01 5.785194830225265861e+01 9.019583153165450540e+01 2.931116623643216457e+01
5.797574714698282605e+01 6.533288455358213298e+01 1.222802671101390501e+02 4.911179486409384509e+01 2.342112899863816011e+01 9.670344345464647517e+01 5.517898953177773080e+01 5.527426731789271486e+01
8.634667932664726209e+01 1.787172081937050550e+01 1.258236158450808517e+02 6.939384435804839768e+01 5.295513186765674618e+01 1.125367013891281971e+02 4.754353073594786849e+01 5.749815095742061999e+01
7.272558867568275787e+01 6.091667225278633424e+01 1.232213059196636920e+02 4.067202513280862064e+01 3.558008177558479446e+01 1.064606108671552249e+02 4.756559805137963792e+01 6.343998059907447384e+01
4.617752510656863052e+01 6.607224131531478406e+01 1.082185010323701420e+02 8.375085517113680567e+01 4.827283751261641243e+01 7.984420967917536416e+01 7.687449822625673335e+01 9.684505909853800887e+00
5.729099909281023884e+01 7.803415333817289934e+01 1.186936087171101804e+02 5.413006175254601260e+01 3.359825237313427948e+01 9.239958679536007935e+01 6.922421059188884840e+01 6.107427069947602405e+01
7.680413976166869361e+01 3.105863975697360146e+01 1.243589535321031860e+02 6.573771728344138410e+01 4.231856438506798668e+01 1.088287838752782761e+02 4.906757725556519745e+01 5.057810272055105827e+01
8.671039526262239860e+01 1.893998869583377243e+01 1.267924200776951835e+02 6.627347714987119787e+01 4.938655042861292088e+01 1.138710662749516302e+02 4.304878987641674826e+01 5.889764802534386234e+01
5.956703893694355401e+01 6.607955498445274145e+01 1.248308974690031761e+02 4.925406981764774628e+01 1.782111655314590948e+01 9.977775402717207953e+01 5.392283051994936471e+01 5.344067876713253185e+01
5.816670116460826279e+01 6.379679582091618784e+01 1.211748556717629270e+02 4.771747437198327901e+01 2.472415823994600004e+01 9.564033137462963907e+01 5.348900731523881547e+01 5.153671027439728647e+01
4.962748994733253483e+01 6.977540900355563736e+01 1.193573134652468610e+02 5.369783951427491786e+01 2.691956119469624653e+01 9.033602221980999047e+01 6.194995490958053352e+01 4.628557192461478564e+01
2.019373571582345406e+01 9.056225568148771288e+01 9.310928181581199681e+01 8.969209921014390829e+01 6.003112154122403865e+01 5.568542537559655869e+01 9.118811448057634550e+01 3.300595273116800854e+01
3.344545342605075433e+01 8.610084771552237726e+01 9.182997181459589342e+01 9.694428545493678939e+01 6.662431186191946608e+01 6.107118831892523048e+01 9.237666112952784658e+01 2.570670893891569619e+01
8.936443560758056037e+01 1.168433731722360314e+01 1.268204476530015512e+02 7.175376809737757355e+01 5.940935885792143978e+01 1.142264327624204867e+02 5.124829201558893743e+01 6.047522262042379282e+01
5.667297765657487929e+01 6.252257119918812123e+01 1.203268895401514413e+02 5.122786377950276915e+01 2.562825044636744565e+01 9.504605312950383222e+01 5.487377788447279414e+01 4.939480492164099701e+01
7.971188203896821278e+01 6.286380776946174365e+01 1.245309046882056521e+02 3.898184751860564035e+01 3.883818175398210570e+01 1.112063484052116138e+02 4.562942370079130683e+01 6.962356698290494705e+01
2.953473616881939989e+01 1.063015529751450146e+02 7.142953686068614161e+01 9.881923071132756320e+01 8.350204885274013122e+01 2.975723589965548044e+01 1.067786325496398661e+02 5.692252251620018200e+01
9.687931643370534118e+01 0.000000000000000000e+00 1.294996192263684804e+02 7.510605025808064283e+01 6.556188569671130040e+01 1.193814232831873738e+02 5.058709417864693592e+01 6.633337335645678934e+01
5.344364949803668452e+01 7.083322303835747391e+01 1.218559539794297706e+02 5.114283666604268319e+01 2.310440664547346756e+01 9.424725718499797722e+01 5.922914343079376920e+01 5.175122980311061127e+01
8.385669743486975847e+01 5.835950811776633884e+01 1.243293294415555010e+02 3.964359005135381153e+01 3.969375335949732886e+01 1.104865637397757183e+02 3.666514125394650847e+01 7.705190863101212528e+01
8.962224639131353854e+01 1.340203000463724159e+01 1.266804209237837568e+02 7.127424785915725636e+01 5.737737593846878070e+01 1.142811869414256307e+02 5.027643937144826225e+01 5.890599059087498546e+01
9.102146950985112994e+01 1.256228757107958849e+01 1.289832054320058319e+02 6.946941008497974224e+01 5.503263617206693681e+01 1.169407612995683081e+02 4.514181405324509200e+01 6.347907496632277713e+01
7.469967514240441631e+01 5.343851758913999106e+01 1.226700910222730982e+02 4.265959484757937048e+01 3.623041075943955747e+01 1.076777739875706033e+02 4.097972951695817301e+01 6.295796480583442900e+01
9.187348140549475772e+01 1.036437027253533927e+01 1.279399826335571788e+02 7.028038821818049087e+01 5.867013782170108982e+01 1.165695683009410288e+02 4.642658472851647389e+01 6.405408888168068415e+01
8.606208891126544813e+01 1.723853710893817848e+01 1.266995894078301319e+02 7.436855826742868203e+01 5.251003195473285956e+01 1.131542934396484839e+02 5.224294570391990788e+01 5.539358056212355308e+01
7.703102188838978748e+01 5.496295744128390481e+01 1.219980316611449780e+02 3.819231965109992188e+01 3.850318492670765380e+01 1.084113120996537418e+02 4.202099918934428047e+01 6.714481065698603857e+01
5.903402266266776621e+01 6.349229025931970227e+01 1.219842018337245690e+02 4.838375441535507804e+01 2.364487556009311220e+01 9.755350628389075496e+01 5.416908624240926429e+01 5.597117736539006927e+01
4.473381341445039538e+01 7.005280798591437019e+01 1.031849768229575801e+02 8.825065895050741460e+01 5.479293392202377078e+01 7.605443837328877521e+01 8.237213425470453387e+01 8.493398334308565722e+00
7.548530192981966991e+01 6.440963935208179691e+01 1.200125697850408528e+02 3.398491215364530404e+01 4.188897760444896079e+01 1.043788999713082148e+02 4.951659865184968368e+01 6.825779915218534200e+01
3.674382002171582684e+01 7.915535436660753987e+01 9.671512868383375405e+01 9.241855338132519648e+01 6.085968718756932816e+01 6.749424943246127384e+01 8.726681668226446220e+01 1.762700516575690202e+01
3.130980131936158273e+01 7.879545832194467891e+01 1.009386330425087124e+02 8.300059431271611743e+01 5.259700565806399197e+01 6.756087345158417179e+01 8.235790865994218279e+01 1.954231712090862061e+01
7.808901076435485322e+01 5.697834754043854844e+01 1.273055526825862671e+02 3.645575639978297744e+01 2.982537966655462114e+01 1.132355448469596126e+02 4.130683882846521726e+01 7.439960531826156398e+01
8.923079054022844048e+01 4.540507643355329748e+01 1.310397233510616957e+02 4.781955927357429204e+01 3.854015798524888936e+01 1.193051660760844328e+02 2.679335478096189505e+01 8.129867260291970865e+01
6.870631613992982523e+01 6.010123365934391870e+01 1.275863190403201912e+02 4.731954799607209594e+01 1.327911272697688538e+01 1.079911472673324511e+02 4.550525625539498265e+01 6.082113306925027985e+01
8.571540030307104985e+01 4.020234947910182655e+01 1.277939722460832144e+02 5.027505471363118517e+01 4.434849758247197826e+01 1.164323173390021537e+02 2.655466757891586127e+01 7.613482186974401600e+01
4.306300522741889836e+01 1.180242000859543197e+02 5.891256324090316099e+01 1.025170821524207980e+02 9.830708014760851654e+01 1.853628546281788658e+01 1.182145565968408505e+02 7.701086064468829306e+01
3.675854950630706242e+01 9.458725996438862182e+01 9.984440683679329709e+01 7.406495636431554885e+01 5.817305147372780283e+01 7.185514347961613169e+01 8.718529882094239269e+01 5.329709720409984897e+01
7.513668259763977630e+01 4.700514482667995253e+01 1.254500406500385878e+02 5.162246685939610558e+01 2.489475480796392759e+01 1.102136615311973742e+02 3.784380508858459535e+01 6.061792040753663713e+01
9.122742521009951133e+01 1.295134339858885255e+02 5.762230122163729540e+00 1.173689582607020725e+02 1.257223979385901771e+02 4.752785708322981861e+01 1.297241756333107503e+02 1.063450357102045984e+02
8.677552762745233395e+01 4.302780926961851549e+01 1.284378636205302371e+02 4.253133358486063997e+01 3.742134852799960498e+01 1.172114927319481694e+02 2.166289822960544953e+01 7.538713093019278233e+01
9.215766593494794279e+01 1.294996192263684804e+02 0.000000000000000000e+00 1.166405418143805406e+02 1.255026197441356857e+02 4.972726461085870397e+01 1.293984404374758128e+02 1.063045479615275184e+02
8.843950493351627529e+01 5.645395295384930279e+01 1.277818379025885918e+02 4.757609369552829293e+01 4.148226499354002783e+01 1.157163172401054396e+02 5.580699381214126475e+01 8.918711199484943108e+01
1.180627451217632284e+01 1.027863525835386298e+02 8.685641884244911637e+01 9.295324022345275239e+01 7.184079114805108190e+01 4.557573186092552220e+01 1.002984482086143885e+02 5.478630175892087095e+01
6.997513846857056308e+01 5.542967393955339617e+01 1.248508720062100394e+02 5.455788444665741110e+01 1.501935439348610934e+01 1.080480695983929564e+02 4.325716376134830199e+01 5.556065541219879123e+01
8.859358044879725469e+01 3.788887329222588107e+01 1.298615888136652075e+02 4.705676321448691368e+01 3.912762917196899082e+01 1.188952436702516593e+02 2.262002458039837194e+01 7.487212841421676046e+01
1.329358926188984569e+01 1.049361037100074299e+02 8.417801305189360050e+01 9.243774516558660537e+01 7.486237417723904741e+01 4.265584998896672886e+01 1.022996076159427759e+02 5.774524189511104311e+01
1.714654748737252277e+01 9.602704935804207764e+01 8.710543894167813050e+01 9.051800768995634883e+01 6.663161544115828860e+01 4.849763044141293733e+01 9.472935870010711312e+01 4.318754446742339326e+01
3.887538399789282551e+01 9.475040746078646237e+01 1.022335590587024825e+02 7.173799822726802233e+01 5.587140231343982322e+01 7.471205627294411045e+01 8.576935282837038699e+01 5.362399470321202699e+01
7.864269026080219760e+01 5.473297940799944428e+01 1.277099572171104001e+02 3.596741472222672797e+01 2.985836584248727377e+01 1.132363866125273404e+02 3.899703380870003144e+01 7.427740905545400096e+01
2.842224762937299687e+01 9.119923602857677736e+01 9.633214514213391055e+01 7.338220465867424025e+01 5.491667899254192520e+01 6.285883797244629534e+01 8.457969681171553589e+01 4.387121344626275032e+01
3.811829633979552057e+01 7.329607366283563863e+01 1.142656288236603075e+02 7.266288252102658873e+01 3.764587321683286802e+01 8.433535419486011619e+01 7.264144066206915795e+01 2.961240535573063326e+01
7.686585669262079534e+01 4.713496985470867173e+01 1.289410657274818277e+02 5.126820972755793804e+01 2.399019016810186145e+01 1.131490569869304608e+02 3.588773847796575467e+01 6.051870957940577966e+01
7.141599728471932451e+01 7.269404851275253066e+01 1.197493210823114964e+02 5.630902850731582987e+01 4.573125242050057437e+01 1.054451419747727670e+02 6.611761225888818672e+01 7.771128241900163403e+01
7.096574331406615954e+01 6.124847637498472608e+01 1.263891226332599445e+02 4.014701988014507350e+01 2.224765510730843232e+01 1.097307875546688649e+02 4.759135619412682416e+01 6.788474828513514581e+01
8.171382896836772147e+01 4.103756825676326514e+01 1.286301767763510497e+02 4.594948891361018894e+01 3.289744314148457960e+01 1.149791187781175807e+02 3.076863891444384436e+01 6.785286365305822187e+01
2.046618660052003946e+01 1.062133049229957606e+02 7.725830102310071368e+01 9.722358806189384950e+01 8.082813404393756684e+01 3.582672597075059429e+01 1.063725358910650414e+02 6.016628022821001309e+01
7.124501305116758942e+01 5.708100273237771916e+01 1.284261851568485042e+02 4.393947581383480383e+01 2.116827509812209840e+01 1.104857560029412014e+02 4.372417243942962273e+01 6.410808273116967371e+01
1.874741987690019229e+01 8.749075108391770073e+01 9.603397216149456028e+01 9.521874979862660382e+01 6.251709324106266763e+01 5.866679805517256341e+01 9.106054560037891576e+01 3.377149653805670226e+01
8.894072155392686341e+01 5.637978066177803527e+01 1.267096660247794375e+02 4.656359695541956967e+01 4.305620973588097655e+01 1.148141867427131757e+02 5.547560675885796400e+01 8.898286240757686016e+01
8.859059957577397881e+01 5.623718601419596297e+01 1.280179636237770637e+02 4.698273590876690520e+01 4.335159609776194856e+01 1.160423900028530397e+02 5.572843980731674662e+01 8.909970898504757031e+01
7.070345392782792260e+01 1.265346501851550585e+02 2.945716297670506734e+01 1.132742284883202331e+02 1.198388443299531474e+02 2.950513527786348078e+01 1.291393320102224891e+02 9.584901502897305647e+01
2.728124833969940966e+01 8.849635254747556701e+01 1.016970757240511603e+02 7.041981592487347541e+01 5.008524215939088720e+01 6.906662271994235880e+01 8.238634938868237612e+01 4.298888523502773751e+01
2.477347195436350447e+01 1.060123786055324473e+02 7.523524088837810098e+01 9.525815480311540284e+01 8.048739739217678846e+01 3.372286954420564342e+01 1.049265457647603483e+02 5.917012024918755486e+01
1.872966973442104077e+01 8.827990601628532374e+01 1.029832521815464617e+02 8.124095631261050698e+01 5.057765307901254204e+01 6.851228478763023588e+01 8.551730409594378557e+01 3.589390684806323151e+01
7.003157324856240962e+01 5.360022688653723577e+01 1.271980476011325720e+02 4.545740266323847578e+01 2.044306886776737997e+01 1.087472052258660113e+02 4.341582143985523601e+01 6.060871355477848965e+01
6.072405629981314235e+01 7.281094170846156999e+01 1.243421805305438994e+02 4.670030873984477893e+01 3.272791933086774918e+01 1.001996531831955792e+02 6.461017395366707206e+01 6.218982503171753251e+01
8.290562165016861229e+01 4.105971759149656464e+01 1.295267709914023442e+02 5.328431475067321088e+01 3.092858294726011437e+01 1.164831210059433744e+02 2.932486825888036464e+01 6.443368851924125806e+01
7.250312067265140570e+01 6.155496444122462663e+01 1.271712563707662014e+02 3.890846287658562375e+01 2.249740621892275172e+01 1.104998754682064401e+02 4.624613205945131256e+01 6.891442481880392279e+01
8.638203201113590524e+01 3.647201767669806571e+01 1.280497544166620969e+02 4.898811466643689982e+01 4.524113932399039584e+01 1.152082874490539268e+02 3.016430768113268357e+01 6.839336206254871797e+01
7.084643226707540009e+01 5.325631833494158229e+01 1.254976695887946647e+02 5.054058385658594688e+01 1.854572314552164158e+01 1.086373262149404297e+02 4.255393715169357449e+01 5.791932623417129378e+01
7.059844737564296224e+01 5.182155977549454917e+01 1.280639389195287094e+02 4.711186640155160887e+01 2.371368373955798603e+01 1.099865512745930545e+02 4.389933771172213994e+01 5.994516794654342107e+01
3.040781924473830244e+01 9.062253892228697794e+01 1.022824733052292743e+02 6.864068503548035949e+01 4.932345324385283192e+01 6.974961837236159568e+01 8.222254253849897054e+01 4.471237604652046116e+01
7.633667553136115203e+01 5.903885098590947678e+01 1.269547810561231103e+02 4.656928340787678167e+01 2.412658795366678532e+01 1.120767167177682069e+02 4.355824214525210181e+01 7.293139595294219646e+01
5.420886333556602921e+01 1.208081761990863043e+02 4.760713571580023995e+01 1.077990357148356964e+02 1.059875951119478827e+02 8.548195383802607239e+00 1.232914978018570480e+02 8.231002597318152425e+01
8.209564969687171754e+01 3.761382865783030383e+01 1.275265850536724912e+02 4.814902608510021764e+01 3.840774056587169838e+01 1.142197075719604555e+02 3.472735695330220551e+01 6.936752050116633939e+01
3.067023586834351434e+01 8.253770763275838362e+01 1.087633586167559230e+02 6.685925413249044880e+01 4.499737721939141011e+01 7.594408442801091041e+01 7.558525383700295208e+01 3.961752415844946285e+01
3.696698347111797034e+01 9.355118367496091025e+01 1.026560809068469524e+02 7.314340769031753098e+01 5.515751501696882997e+01 7.423040156849468474e+01 8.544637018979231868e+01 5.306945527650515970e+01
2.498384707123548765e+01 9.217930881001042565e+01 9.542348603301572041e+01 7.551280039470240979e+01 5.609845376903010106e+01 6.142555784729902513e+01 8.615096986416669722e+01 4.408030062606097488e+01
7.936372069442003863e+01 4.552263592137163073e+01 1.273506687122323484e+02 3.950198072853714848e+01 3.653851624353931982e+01 1.136220421355644987e+02 3.294156348076667484e+01 7.155576114723766068e+01
3.619853442565280233e+01 8.002517750124206941e+01 1.115154778112188723e+02 6.311597911030202823e+01 3.859221016446683450e+01 7.890808662746215418e+01 7.135677636775777444e+01 3.859780395948976661e+01
8.861924028902180339e+01 5.633228128126485501e+01 1.273555001515404115e+02 4.758716540776187287e+01 4.116136922231241613e+01 1.154096598977813528e+02 5.465318814530979097e+01 8.833805198604849807e+01
9.513364561167840350e+01 5.058709417864693592e+01 1.293984404374758128e+02 5.628475216412640236e+01 4.911636455923575539e+01 1.221746466161036011e+02 0.000000000000000000e+00 8.163518052701179784e+01
1.960652360109448722e+01 1.055584940598939880e+02 7.869866315713713334e+01 9.524115427950803792e+01 8.000404827483473014e+01 3.776538461334809682e+01 1.058241105355950111e+02 5.997412493147870549e+01
6.787852858284038859e+01 6.653768135286442487e+01 1.267364011187518145e+02 4.965397512316582151e+01 2.450344847790892544e+01 1.056104254166919958e+02 5.994425431844231156e+01 6.833724051252218601e+01
3.653808507717626242e+01 8.134690910271184805e+01 1.106808396801770584e+02 6.122099431954487159e+01 4.134126798822001803e+01 7.879248913825958311e+01 7.335286846273959327e+01 4.221655754161906771e+01
8.120070750834786111e+01 3.978303076378571745e+01 1.285194217068684566e+02 5.108848143420866705e+01 3.424355401780611885e+01 1.143750844950691175e+02 3.301956536272163589e+01 6.174296221761470349e+01
6.349210327023874356e+01 6.920390393772976267e+01 1.262204908496347286e+02 5.087994459449924278e+01 2.119758688875510799e+01 1.032583800435176613e+02 5.983720426622385702e+01 6.243809504102659247e+01
3.440791344204892255e+01 1.123874315271928168e+02 6.601421583980354058e+01 1.017591684931801552e+02 9.098591215162926460e+01 2.345572458396364723e+01 1.139189961413919292e+02 6.895203563765319643e+01
8.448538546210986055e+01 4.054559214445001913e+01 1.270711472329643499e+02 3.935939199165909486e+01 4.371692603219383244e+01 1.161764655493096825e+02 2.845255175359616473e+01 7.592010738124579916e+01
8.157790838765396302e+01 5.862047408388780667e+01 1.287563359559989351e+02 4.828114141293055184e+01 3.349642842526642994e+01 1.151073156971014413e+02 5.391423532984715905e+01 8.069964960728320591e+01
2.149879414092851704e+01 8.378742929664269923e+01 1.043908127949214588e+02 8.299849946812646806e+01 5.006378006159819449e+01 7.001014846383009171e+01 8.365783837196030959e+01 3.336803339329193818e+01
8.067951705576419386e+01 4.249180985804721900e+01 1.294455707657140806e+02 4.438706615135701838e+01 3.558157082679674943e+01 1.160565554838685358e+02 3.412876384714100908e+01 7.010188116276012238e+01
3.101013603815364306e+01 1.113281638570090735e+02 6.944673741808641410e+01 1.010598887523394609e+02 8.863202230620812827e+01 2.664476560784344272e+01 1.124433698546744012e+02 6.775998019374972614e+01
8.018894742537793263e+01 4.464769871214887331e+01 1.295348440599669857e+02 4.689732090752780636e+01 3.360414568079796993e+01 1.162183828561606305e+02 3.400116779300295633e+01 6.821557537800464388e+01
7.659010811484805004e+01 1.275417337888483615e+02 2.376096312101271835e+01 1.157935622334210279e+02 1.223743560981032914e+02 3.611119463624199000e+01 1.298534771432589139e+02 9.933460203822392032e+01
7.446685127835502271e+01 5.047646335610942714e+01 1.258963087071289237e+02 4.000949252997940420e+01 2.785699814536581087e+01 1.100245465313872018e+02 3.713328749600307077e+01 6.752989286806258917e+01
2.718823895269934710e+01 8.470604888237248531e+01 1.034558320870240209e+02 7.169165447286216875e+01 4.854213556291267651e+01 6.966200221852231778e+01 8.007276419851309868e+01 3.978430806765651084e+01
2.351871969159450515e+01 9.165798780750888852e+01 9.470352465927979324e+01 7.736788207854095845e+01 5.696149857021722340e+01 5.915923546159326918e+01 8.677889641735674786e+01 4.366672674653668906e+01
8.716745880702303850e+01 5.792871158096171769e+01 1.274458346555873334e+02 4.908491249965289427e+01 4.041154700178546477e+01 1.146696448441394409e+02 5.953667628506954657e+01 8.733894050461360337e+01
6.869641355355062728e+01 6.061976117472087822e+01 1.274105356238817990e+02 4.949702068838251279e+01 2.648188567371320445e+01 1.094328162272209681e+02 5.317805817086586728e+01 6.742153598510701329e+01
8.979526845799244938e+01 5.444454276996062703e+01 1.304725899808853455e+02 4.513077737941520695e+01 3.262561760135812250e+01 1.193888717581992154e+02 3.335355789076879773e+01 8.208776605539841853e+01
4.540903168602835649e+01 7.071002131581559524e+01 1.177517244771878921e+02 5.988336947151123013e+01 3.234691958240544096e+01 8.729306987344972413e+01 6.396674391551280081e+01 4.186969627408696226e+01
8.297217329598565527e+01 3.623251773042554902e+01 1.302009104972537159e+02 5.597226939098502640e+01 3.545130362318656836e+01 1.163803505767739068e+02 3.470456713958351003e+01 6.354048906447881961e+01
7.720476357074096541e+01 4.901965711614699472e+01 1.283773614924433559e+02 4.892839916495874064e+01 2.249926881614780427e+01 1.132024335869068352e+02 3.550244219029812598e+01 6.294481526550956829e+01
5.096058742180170498e+01 7.038490848144566314e+01 1.199550634106014684e+02 5.140566380879474195e+01 2.814864224028031359e+01 9.189592448915455236e+01 6.189892083862040550e+01 4.996316102290917627e+01
8.558941313090882375e+01 3.133963924849813765e+01 1.287697937287046557e+02 5.158789927875452008e+01 4.121319470969259413e+01 1.168158358377112052e+02 2.934617980818050853e+01 6.961080294811863212e+01
2.330818982062543654e+01 1.057497093786331988e+02 8.255408688997702882e+01 8.267297766322992914e+01 7.465288880992046927e+01 4.903678144437527919e+01 1.009057201457393802e+02 5.973412441625217895e+01
2.694827910359899548e+01 8.817699653292697803e+01 1.032800580266742259e+02 7.005494998783373717e+01 4.986345540885434247e+01 6.977269265650559760e+01 8.134125452550235025e+01 4.410281018191069080e+01
7.304104926229356920e+01 5.873608695542210256e+01 1.285324363247695487e+02 5.111215998847019648e+01 1.513074254817134801e+01 1.121131326830615649e+02 4.425183663996393335e+01 6.436093962635567323e+01
8.445137248548326170e+01 5.701568680747018192e+01 1.282239838615596170e+02 4.521370756089924470e+01 3.270285019058589171e+01 1.155678651751066326e+02 4.204690480213426440e+01 8.248409694375571632e+01
7.964002552843155058e+01 3.844655833229447239e+01 1.282022566834882582e+02 5.102505307343611918e+01 3.467037631797509079e+01 1.143546746411486907e+02 3.507444815392013737e+01 6.404555905127922699e+01
8.471476661878068626e+01 1.278493079756579647e+02 1.583568740558317245e+01 1.164184540232999581e+02 1.240594153876217973e+02 4.303441842106911963e+01 1.285972322055500285e+02 1.022430175318435204e+02
8.208730662482449247e+01 4.074910085352095734e+01 1.271948627610515388e+02 5.057032062575594011e+01 2.862673898233625280e+01 1.141425156780042016e+02 2.956727177243474358e+01 6.544713742425902581e+01
7.210426464577120953e+01 4.890865206759085027e+01 1.275422638709063108e+02 4.719115453873139643e+01 3.122404696988553852e+01 1.117053902803815362e+02 4.378703112549083443e+01 6.336447189330345964e+01
7.256548320468871793e+01 4.556411448468738712e+01 1.256946477825228783e+02 5.234661235060843154e+01 2.744645667766060981e+01 1.099856246859138622e+02 4.089132544008269576e+01 5.750462095299089071e+01
8.021424796199138996e+01 4.705550927131952932e+01 1.284320448948568014e+02 4.288945519716893529e+01 3.187864793291135967e+01 1.144016348277759647e+02 3.022916859411727586e+01 7.067212648615368664e+01
7.053074011824114109e+01 5.150362373226821688e+01 1.274181531729541064e+02 4.972973203159512678e+01 2.261036410244918926e+01 1.098803769001696082e+02 4.352975477605318133e+01 5.844372455587478754e+01
8.003045557525757658e+01 4.128784435151057863e+01 1.274845273823287215e+02 4.923523627124699686e+01 3.317637070672691380e+01 1.135487955147025332e+02 3.608057179295411743e+01 6.767659301366808222e+01
8.766511909372472644e+01 3.191534792648025842e+01 1.303102950888415137e+02 5.590366260390168662e+01 3.918108752306089571e+01 1.183439665725593954e+02 2.704414036968183055e+01 6.637593516928612303e+01
2.019187329201033521e+01 8.817887225368745874e+01 1.036800596229825118e+02 7.987668282377087792e+01 4.982318295505847772e+01 6.954813655444844755e+01 8.507425844996213016e+01 3.657110945757378317e+01
7.481894648475268639e+01 4.782366300380475366e+01 1.272379664027241972e+02 4.375266114344712065e+01 3.230162643433275349e+01 1.119646795798908130e+02 3.872118524261439632e+01 6.451984386390722648e+01
6.640451369639509949e+01 1.267328955498037999e+02 3.989057220870432729e+01 1.117113456864210974e+02 1.170228099777867783e+02 2.816049895932129132e+01 1.300062335509662717e+02 9.590947487270405247e+01
4.912493245759530680e+01 1.199220171138243387e+02 5.363444270085852850e+01 1.060894983827751759e+02 1.031408676921232228e+02 1.261085903984773005e+01 1.220718545117657641e+02 8.168269471959648342e+01
1.847140593836241607e+01 9.908089149920374439e+01 8.189861437797854649e+01 9.952991941027143241e+01 7.409996693131506618e+01 4.106254288102853423e+01 1.012698684834938661e+02 4.873138856807966590e+01
3.822572323121752902e+01 7.627063014556419773e+01 1.099869668818976578e+02 6.554235020499876896e+01 3.915625064511112186e+01 7.863711310853673808e+01 7.122382425303047171e+01 3.892019926401896157e+01
1.828549092336789172e+01 9.950220331803321017e+01 8.258589807618226075e+01 9.953398278628851870e+01 7.377443106583845633e+01 4.121997232356299179e+01 1.013298148444838063e+02 4.933845297835748056e+01
8.546649721140373401e+01 6.046099674306693572e+01 1.270691533434151523e+02 5.105473567030396964e+01 3.885197397404179753e+01 1.133748172806613184e+02 6.109583421745472975e+01 8.550870091728859279e+01
6.820243380914875786e+01 6.280062933069145714e+01 1.263440678471487928e+02 3.964289611928991519e+01 2.221251980485242328e+01 1.079419098085985667e+02 5.079814642638457656e+01 6.589527137820863345e+01
7.182565601503452513e+01 5.697141347689516522e+01 1.269453979691748060e+02 4.129436553795037668e+01 2.202363372721654855e+01 1.103541328139089615e+02 4.196676952070901478e+01 6.599958293441495982e+01
1.898504896082521043e+01 9.083447767745057888e+01 1.036928413452503293e+02 7.722159281106057449e+01 5.077048995283033150e+01 6.871056719513185840e+01 8.548439548686320677e+01 3.913614238311627247e+01
1.574240305711907872e+01 1.043936995737345654e+02 8.395178603376108128e+01 9.249370845141929465e+01 7.594495166398959896e+01 4.277811375099467028e+01 1.026765750841979070e+02 5.904336781562899006e+01
7.974344588735550587e+01 5.986856010851048637e+01 1.266050401694121916e+02 3.299310562321052487e+01 3.630398895334179343e+01 1.149077694417859590e+02 4.526660221573925469e+01 7.827664638203413006e+01
6.884039583548845087e+01 5.682753212424417200e+01 1.267813633495290446e+02 4.752602497753521504e+01 1.832280161371255645e+01 1.083045230634314322e+02 4.460257651177751370e+01 6.002683582357690284e+01
8.190585994594641761e+01 4.865015994405282385e+01 1.266861949772472826e+02 3.631084599059741436e+01 3.145554974118758906e+01 1.130318382958461569e+02 2.889006437399776317e+01 7.442384505580756127e+01
8.416172636128737850e+01 1.287829955991590793e+02 1.926543435508758506e+01 1.183843045187388014e+02 1.247047571615086952e+02 4.517590489918246988e+01 1.305652199806506815e+02 1.038120786134245037e+02
8.654806418417557268e+01 1.283771462670109145e+02 1.610345466685735971e+01 1.169042354047924874e+02 1.240569508736999325e+02 4.677734322789218169e+01 1.296768836599125336e+02 1.035801853126492773e+02
4.618544835199217857e+01 1.174777523845304614e+02 5.568929310125479759e+01 1.054453664836214273e+02 9.967643568293905787e+01 1.411240664405124434e+01 1.196457202796311776e+02 7.662634884709061112e+01
1.776524086026912030e+01 1.002145713911213676e+02 8.547544313183719566e+01 8.285131720042541303e+01 6.903160682738020171e+01 4.872220224798874710e+01 9.648860000727007957e+01 5.194503416625487802e+01
7.844065782251651342e+01 4.068839337470591744e+01 1.279919833472017956e+02 5.132905042933998629e+01 3.069209004154305376e+01 1.138586181062998719e+02 3.581316961166663049e+01 6.388289682574500716e+01
3.441777999987289860e+01 1.108037912680939456e+02 6.570258432484797595e+01 1.035125958477651835e+02 8.914335378071031357e+01 2.277977353154754425e+01 1.121580396042221537e+02 6.464258011932683701e+01
3.526643345056014311e+01 1.127243973657941325e+02 6.538565593466447012e+01 1.022784450195107269e+02 9.139939833049479034e+01 2.181825213791489304e+01 1.141088687068726557e+02 6.927905273668157804e+01
7.655228023209602384e+01 5.424336683254140468e+01 1.268214764866748112e+02 4.495306092268179299e+01 2.047775742268841270e+01 1.117323158469144886e+02 3.768355249433797383e+01 6.762077825509129525e+01
1.908165813311494574e+01 9.166985786197413688e+01 8.941263533601929225e+01 9.964308431284868561e+01 7.009798755155836147e+01 5.196794366784946817e+01 9.566998367826515448e+01 3.744986976511522414e+01
3.092861465779902730e+01 1.084251642366957782e+02 6.909686407470890401e+01 9.833156298444095000e+01 8.611460019915676867e+01 2.771941917331326621e+01 1.080700225866891628e+02 6.192523728196911748e+01
6.760853923964843659e+01 6.591014033248208648e+01 1.261704344756674203e+02 3.886495017916635675e+01 2.354444299778017680e+01 1.071911085545651190e+02 5.297244579686579158e+01 6.648887724965342727e+01
7.500051881241461160e+01 1.277607818180675849e+02 2.936903619295151557e+01 1.159674036377322324e+02 1.220348956044772137e+02 3.666084178206118338e+01 1.305309496088821959e+02 9.924717286832083118e+01
2.985040017992264438e+01 9.233554636067499644e+01 1.007508075293789602e+02 7.073105008142721317e+01 5.217845074532444727e+01 6.783704629092360960e+01 8.369426251451390897e+01 4.754806766682392549e+01
2.478447027712407547e+01 8.937477115353011925e+01 1.008264148864751348e+02 7.212309707883851218e+01 5.093563918556390036e+01 6.634872185381667009e+01 8.291201029711518800e+01 4.116534876447542501e+01
7.820205501264001668e+01 3.823105213482728715e+01 1.258698694622912910e+02 4.983083973622774465e+01 3.585501400804380268e+01 1.120634944297533337e+02 3.489520455576549551e+01 6.256201192430475544e+01
2.102886895670237521e+01 1.069084749602323967e+02 7.788026378903205682e+01 9.815316662276325133e+01 8.023241795013201738e+01 3.693286681342208055e+01 1.067373161619303517e+02 5.995739003665127598e+01
7.338270479120649270e+01 5.562578657972962048e+01 1.273579212428300167e+02 4.878101450548805929e+01 2.539828863879515453e+01 1.122653179593908277e+02 4.540102253906687224e+01 6.903104627930089521e+01
7.876165269805647995e+01 6.020504564789996493e+01 1.263189853011057977e+02 5.009590432768322188e+01 2.895831733019886656e+01 1.128078517894624895e+02 5.016481274549386171e+01 7.688953914169783843e+01
6.876798418998647833e+01 5.687906650464800862e+01 1.280989129858948843e+02 4.476961658729307203e+01 2.192740832500361137e+01 1.091156776528767125e+02 4.751943747215056391e+01 6.284718813560649409e+01
9.189346170246832912e+01 5.581517963904376245e+01 1.282416728474347281e+02 4.879066412836429834e+01 4.317483753893358056e+01 1.171477729838879753e+02 5.312833093852239585e+01 9.079038569630607469e+01
7.667762037502224359e+01 6.331327013422263406e+01 1.275143937332334332e+02 4.625777044392561521e+01 3.427753678187495012e+01 1.142443747584731000e+02 5.439450097160332831e+01 7.808785177658936050e+01
3.558446634956457899e+01 7.707805040360302939e+01 1.111064962483361711e+02 6.508890210433195023e+01 3.987409855733539388e+01 7.807860824570477121e+01 7.201952095665484421e+01 3.519343184780166922e+01
3.630430360614968777e+01 9.495072112265943076e+01 9.979937561509422039e+01 7.461567888951104521e+01 5.854499732877547302e+01 7.237342393178241196e+01 8.695786143972088666e+01 5.485969713963681471e+01
5.345062021079239400e+01 1.193814232831873738e+02 4.972726461085870397e+01 1.102469859888167321e+02 1.044318586885634659e+02 0.000000000000000000e+00 1.221746466161036011e+02 7.963848249734913054e+01
2.617913562738330313e+01 9.930839136795965771e+01 8.146724316874832539e+01 1.048635657660043705e+02 7.620926744048553303e+01 4.164351380255273938e+01 1.030118552979128594e+02 4.901201194436669795e+01
8.521665079773619311e+01 5.921797888156766021e+01 1.262749165300755578e+02 4.732921173166068485e+01 3.982329425141919899e+01 1.135726946446220182e+02 5.791538602351161558e+01 8.509990836389719959e+01
2.001699987204132114e+01 1.024614996491092711e+02 7.904277662765061052e+01 9.942933668141429848e+01 7.711683294534526567e+01 3.741470154198393061e+01 1.040922841502274565e+02 5.364179364823208118e+01
7.204459908104381327e+01 5.226196393966894505e+01 1.282683921942372081e+02 4.643398957269994298e+01 2.540065129898184182e+01 1.115621375287303891e+02 4.532973613973544502e+01 6.283932644479005347e+01
6.716563902708993794e+01 5.998607042756834318e+01 1.244660260335400466e+02 5.062874677143091873e+01 1.485356298377862139e+01 1.064699494425108668e+02 4.732329552175062304e+01 5.964928518312515848e+01
1.106650905670438867e+01 9.556158293981046370e+01 9.743644217247346262e+01 8.392496548267351386e+01 5.923457377954845526e+01 6.117285175653501739e+01 9.137352740868170997e+01 4.537684494349888098e+01
6.736531129007605045e+01 6.657418085848517819e+01 1.244885687180263147e+02 4.708163623043836310e+01 2.092628991798863680e+01 1.057165630519212556e+02 5.451400868806568667e+01 6.611101881654582257e+01
6.858300825192397099e+01 5.408585707389396191e+01 1.279367257795609589e+02 4.661882083148052658e+01 2.306357005876071042e+01 1.086283594676290249e+02 4.478013781561999451e+01 5.977490434540379027e+01
7.996513322714770311e+01 4.952784866576943301e+01 1.297274473791381411e+02 4.741251907640667440e+01 2.883362156138853649e+01 1.164946829864591251e+02 3.697375724625634064e+01 7.057078948668835494e+01
7.261703892090160650e+01 5.260576172991941490e+01 1.279848971155975335e+02 4.413569367067691473e+01 2.469693134106269738e+01 1.115350830527068098e+02 4.158830083893488450e+01 6.490867616268099027e+01
3.231582809610733165e+01 8.832625608745955503e+01 1.031557432980798694e+02 6.719940761672044971e+01 4.899454147521134217e+01 7.142309050359972389e+01 8.083506317075841707e+01 4.441634964880334024e+01
8.815177435190879862e+01 5.698133829004450490e+01 1.304272055631358569e+02 4.743977737915242443e+01 4.654033428820856244e+01 1.173721252491651796e+02 3.102253890315988016e+01 8.578031548288417696e+01
2.123930623002430096e+01 8.501588240232884175e+01 1.044610738805565830e+02 7.848848770195485258e+01 4.853558961018924123e+01 7.061189765335596746e+01 8.329204654448020051e+01 3.508602801378587799e+01
8.724790347529724954e+01 5.668969626424640751e+01 1.282018282564770857e+02 4.766033924608940708e+01 4.217769326718042322e+01 1.162160384318212749e+02 5.639491304984746023e+01 8.859335541597390318e+01
3.849642899994162093e+01 1.135330968434838468e+02 6.293108133538805049e+01 1.034047490654567696e+02 9.304599096480374953e+01 2.016438289087095725e+01 1.159857177340264087e+02 7.228071563306947667e+01
2.633687615057520404e+01 8.774786496276928460e+01 9.766328800032505342e+01 7.582977968554475012e+01 5.325013778561131517e+01 6.321007900417117042e+01 8.346221004097513685e+01 4.116634135821225016e+01
7.250817875566136195e+01 5.612683034781310454e+01 1.262408886721267010e+02 5.241286020145366820e+01 1.688432718046772507e+01 1.104389560130309462e+02 4.226705637448714725e+01 6.002333718093436943e+01
8.165271528440655402e+01 4.701334271943649412e+01 1.285861893906876219e+02 4.054932852932157772e+01 3.125638596893100285e+01 1.157165965487263435e+02 3.313387941276182147e+01 7.303599070864046894e+01
8.106647492201712168e+01 3.809875193414517014e+01 1.278185675513877726e+02 5.048753390648276707e+01 3.189463505503692176e+01 1.143620583967783091e+02 3.219442823088885319e+01 6.408028755874862270e+01
8.785960035123835610e+01 3.373699761282905030e+01 1.291094009170791708e+02 5.184145237462048783e+01 4.376663826061419371e+01 1.173714592691314635e+02 2.683221153848423768e+01 6.682483252456312073e+01
3.482301339271919005e+01 7.914410086794823940e+01 1.106311842722857790e+02 6.631302960869155072e+01 3.904104326231426114e+01 7.760698350638823229e+01 7.266822309093001309e+01 3.674705378562861569e+01
8.930186227558513679e+01 4.586101650452134493e+01 1.261207494829113500e+02 4.773700319508352408e+01 4.685313836267921772e+01 1.179918231321835833e+02 1.997859034638351972e+01 7.953856365798800709e+01
7.562929526382269785e+01 6.206493635889732019e+01 1.264802119720510518e+02 3.552675485028867541e+01 2.565460497779229954e+01 1.111685403108939170e+02 4.559239313656535586e+01 7.175154185775666349e+01
3.855937872264662047e+01 7.412820394910289679e+01 1.019751952193790174e+02 9.150800877184937576e+01 5.689995151790088812e+01 7.265045532158977437e+01 8.407897955755488795e+01 1.104732322675875800e+01
2.491050860003639400e+01 9.336411269328520746e+01 8.663729065527169837e+01 9.708710574009870697e+01 6.909485541608346182e+01 5.082341691847297938e+01 9.613732118289462392e+01 3.657573625973424924e+01
7.553333263345739113e+01 3.384357698067550047e+01 1.248560157175488996e+02 6.077656196214214646e+01 3.894288550467192778e+01 1.098114935247755852e+02 4.351428709435493403e+01 5.308150402952058045e+01
7.563047933507537834e+01 5.691940468228851557e+01 1.184139422265689348e+02 3.641188238968254609e+01 4.015997473110561344e+01 1.053329341218515793e+02 4.304277186397598598e+01 6.553560364954128659e+01
7.561816389273693062e+01 6.394216615606669052e+01 1.233631255431145775e+02 3.905204280667588534e+01 3.769710981361995294e+01 1.066308400934857019e+02 4.818412668341802885e+01 6.706683577582528244e+01
5.812506509669587729e+01 6.148611329277746762e+01 1.222964773036403727e+02 5.125239534037123690e+01 2.356810448331498264e+01 9.720352894984375780e+01 5.270233217172601314e+01 4.754870260014394745e+01
5.867994920782921042e+01 7.239902678916854484e+01 1.213305387772285258e+02 4.785047402579201758e+01 2.469045019616631009e+01 9.697568109134627434e+01 5.850895698480047713e+01 6.089733102527940645e+01
9.031115415187397844e+01 1.368648537903149531e+01 1.286520023264780548e+02 6.676547146045227521e+01 5.457345581296152659e+01 1.163656359280959265e+02 4.439946922002771856e+01 6.440384706294224770e+01
7.493979726252797491e+01 5.288358308992190615e+01 1.193899215477543265e+02 4.482544512981443319e+01 3.495659761181561720e+01 1.060026689408665987e+02 3.940505667577927085e+01 6.006617361524101284e+01
2.881228965195190739e+01 8.149181238577750719e+01 9.905080374314265157e+01 8.973763237891780875e+01 5.733535048062317685e+01 6.540951867383186880e+01 8.603532568868244823e+01 2.103676564392173276e+01
8.783885024304289857e+01 1.593111448584600787e+01 1.268333994503113900e+02 6.858159892562025561e+01 5.258119111770533038e+01 1.143653069665803486e+02 4.539174690379586963e+01 6.012613614073519841e+01
7.677990784145309533e+01 6.456677794293133843e+01 1.235962864908495078e+02 3.591606814205010778e+01 3.651028376261474051e+01 1.074078655106196010e+02 4.490529751204902453e+01 6.793670989102699309e+01
8.498212422322490056e+01 2.137590853690223369e+01 1.246297044094030184e+02 6.957525482964332753e+01 5.277120995716139618e+01 1.111739969873899270e+02 5.012902996287037638e+01 5.496221582942424533e+01
7.663056453906719412e+01 5.692920223938524771e+01 1.169245484756921769e+02 3.703452851192665918e+01 4.217811027097948084e+01 1.039559072169629843e+02 3.979504711036465636e+01 6.792358055859504873e+01
2.408426009359852671e+01 8.776064102140807677e+01 9.265087228830402921e+01 9.526567919796353578e+01 6.403738446415414387e+01 5.806353172920456984e+01 9.181292485066828135e+01 2.847216221278282333e+01
8.900402124277817961e+01 1.506367921879513894e+01 1.280892864204263901e+02 6.674889375927854474e+01 5.442675993406722768e+01 1.150715862529308708e+02 4.528478272688959549e+01 6.279738593743149977e+01
8.129040705614441720e+01 5.434631604884237532e+01 1.225648776990271216e+02 3.644635168572948913e+01 4.214748046078178589e+01 1.107840687146173906e+02 4.179371546108635727e+01 6.956522105884792495e+01
4.527903593195404142e+01 7.173517420636162001e+01 1.172287324798361823e+02 5.853649546708668083e+01 3.086225081473914500e+01 8.648494161116973089e+01 6.458735924592025412e+01 4.205687618107740633e+01
6.923412945702483512e+01 5.978932081335491233e+01 1.210191785416032673e+02 4.155617024262561188e+01 3.592319871810877885e+01 1.043392370513283680e+02 4.805189570231691931e+01 5.943424586418689870e+01
4.093081883569371371e+01 7.097478604160781401e+01 1.045848797619563442e+02 8.382107574575844922e+01 5.127433821514147638e+01 7.474544956807231699e+01 7.887108951864543371e+01 1.118470239997118654e+01
9.434908915088878700e+01 1.042854052811123644e+01 1.296804305457198723e+02 7.099979822532944240e+01 6.339008329304147082e+01 1.176751333206566557e+02 5.160490114869641332e+01 6.727779427687369207e+01
2.181024897868531909e+01 9.693477911831323013e+01 8.402638765888180217e+01 9.543012305941817885e+01 6.994401970788476319e+01 4.603519540549637412e+01 9.804523194031600042e+01 4.201956049666718940e+01
4.908178849540465905e+01 6.889911192901149661e+01 1.171605010526008783e+02 5.544311604483800693e+01 3.193971153070917879e+01 8.887491543450695985e+01 6.301015762247409668e+01 4.617512484760623437e+01
8.200251351322792459e+01 5.413530459368956116e+01 1.204328418982832289e+02 3.629127484915644430e+01 4.314135439623536428e+01 1.100713850091851498e+02 3.946821497567842130e+01 6.856081305316523355e+01
8.374850707599219390e+01 6.360204709789044841e+01 1.203443131931867924e+02 1.952190465754055992e+01 4.603677964040852544e+01 1.103963415010957618e+02 4.403986690795385073e+01 8.088253873837037133e+01
2.319371747169973119e+01 9.650586719056461504e+01 8.416950804419518306e+01 9.767375467637897657e+01 7.102841311614250230e+01 4.659429600957743389e+01 9.850764870591027034e+01 4.152502756628163638e+01
6.117072345652452015e+01 5.738737910858715452e+01 1.217731496844616288e+02 5.036637384102628090e+01 2.440889338099832173e+01 9.945850557580442342e+01 5.084678772067844221e+01 5.185119638762932226e+01
9.203811490986956301e+01 1.152895016529394212e+01 1.291106686414903209e+02 7.351743219002933927e+01 5.980780850888034195e+01 1.164327354229249778e+02 5.189763080410532581e+01 6.262773484882718122e+01
6.212446946020025962e+01 5.430108426916121545e+01 1.227219173015265454e+02 5.207201732757551582e+01 2.667161341903856098e+01 1.002384509627553655e+02 4.860475670209159205e+01 4.815201611027706718e+01
4.733637658449490004e+01 6.633337335645678934e+01 1.063045479615275184e+02 8.995124945672554873e+01 5.439265491147924081e+01 7.963848249734913054e+01 8.163518052701179784e+01 0.000000000000000000e+00
2.215173870906880182e+01 9.532230549360393468e+01 8.500461744739554604e+01 9.659339100764854891e+01 6.912085406599680937e+01 4.744933340144341827e+01 9.747631296925848687e+01 3.975099529121376207e+01
9.238456284247284600e+01 6.817618943913078056e+01 1.202768404445099577e+02 2.862998861678503104e+01 5.815986197755012199e+01 1.126270076222387928e+02 5.068698357962257006e+01 8.655022472273084588e+01
9.113290494414866316e+01 1.237242062040128587e+01 1.270042856296080629e+02 6.894964694168061214e+01 5.740308253183362552e+01 1.154534172492636657e+02 4.676856342773034925e+01 6.236684718094132052e+01
3.367538218966461727e+01 8.975562601468146795e+01 8.806083549421671819e+01 9.891441778528124473e+01 7.042522830479643403e+01 5.688675633736114179e+01 9.531198624796770957e+01 3.049947577333761828e+01
3.452528708992146278e+01 8.521828485153140775e+01 9.194008918783436002e+01 9.445853779850391163e+01 6.485734897295482426e+01 6.194148310470893648e+01 9.117127914827369750e+01 2.509820328353670149e+01
2.359000915227926143e+01 9.294754535407669493e+01 8.731206040876685393e+01 9.592951646232913276e+01 6.706371765880315650e+01 5.141609510633666957e+01 9.565955901890225732e+01 3.591687230567192302e+01
6.389408951787833502e+01 5.480075621134586328e+01 1.233055161342988981e+02 4.960317152050443923e+01 2.451086228778834197e+01 1.018905200730464600e+02 4.764064118003263104e+01 5.229423262651319249e+01
3.645352809440883846e+01 7.790306615016979208e+01 9.751594538300668091e+01 9.378319427676728992e+01 6.086468704574595989e+01 6.818410205065143259e+01 8.750401731557657570e+01 1.535895101398437390e+01
8.349326546697840001e+01 6.308824644255309977e+01 1.209208643006000017e+02 2.656761234474880240e+01 4.687364204999427386e+01 1.096475774118916604e+02 4.669941020039503599e+01 8.054940613952872752e+01
5.304855096377827550e+01 6.260284876373118834e+01 1.201622145186558583e+02 5.536901926668373619e+01 2.969740018326177378e+01 9.304627618218449925e+01 5.960892080706729246e+01 4.678580243104704550e+01
4.523709858800180683e+01 7.576241875992073460e+01 1.172439292244373519e+02 5.558400198117512758e+01 3.083645822112902124e+01 8.866396674339512174e+01 6.649991801926636015e+01 4.631939125565125437e+01
8.591579618640599847e+01 1.827316315743228259e+01 1.259652549505935610e+02 6.534703938326313732e+01 5.108065159090533314e+01 1.127606605013053382e+02 4.347714991126687778e+01 5.956793703426729536e+01
5.202122363696232554e+01 6.435985216043007995e+01 1.195213555462189419e+02 5.457722238208133803e+01 2.939062771379421335e+01 9.164025571383261592e+01 5.935142682316339346e+01 4.520377431364074994e+01
8.547374676440831820e+01 2.093423798338743680e+01 1.263513090365584759e+02 6.891283620877514693e+01 4.905803227472247841e+01 1.131111753323355913e+02 4.712674756231518813e+01 5.590737529000632833e+01
7.763431595404748009e+01 6.375836275136884979e+01 1.252390077553808254e+02 4.301431906252800985e+01 3.722318153813819208e+01 1.109184236215374852e+02 4.601495031894151566e+01 6.867757381553953167e+01
8.544866446312883568e+01 1.937510930665346365e+01 1.260059339553383921e+02 6.251276609098899684e+01 5.418675830111396152e+01 1.123995078554805929e+02 4.317450637931966639e+01 6.251655742349520750e+01
3.487606254744671475e+01 7.877870281216293336e+01 9.664890695117330210e+01 9.485203891433985746e+01 6.183634152755812607e+01 6.698925516779215172e+01 8.813164660171037212e+01 1.650562292423053634e+01
8.475438538013909806e+01 1.955667033330804472e+01 1.259446973654535640e+02 6.768320757614206684e+01 5.422595687713564416e+01 1.106752879303186745e+02 4.885717167495273117e+01 5.901114015179147998e+01
7.408226101527966989e+01 6.118207917708225096e+01 1.233748164509069341e+02 3.757139278938449678e+01 3.656585539577579169e+01 1.068258815625739260e+02 4.752665364821058347e+01 6.511297994782137266e+01
3.032755454878540746e+01 9.358818795091369225e+01 8.523858835902952080e+01 9.620232329874474431e+01 6.943854897508292368e+01 5.178051812115548813e+01 9.673934559961830359e+01 3.644770503182677146e+01
4.060939979648937737e+01 7.175366107717256625e+01 1.030550406259707756e+02 9.164977652543413456e+01 5.673471388303987339e+01 7.449798474416907368e+01 8.358880270391190948e+01 8.182955671953282106e+00
8.996285958827445484e+01 1.489262397730063014e+01 1.284596556027605061e+02 6.726079838008227796e+01 5.516027271641495133e+01 1.162689807966565780e+02 4.308886598763015030e+01 6.483336804809938769e+01
2.810104281506477619e+01 8.287093515279697442e+01 9.801752010415276573e+01 7.749214524549846317e+01 4.958304348478050372e+01 6.460946667210477301e+01 8.340678138602001468e+01 2.768661241358772429e+01
5.011020957414047672e+01 7.882580212744544212e+01 1.170727214651743395e+02 5.639061856557597707e+01 3.394901543467582883e+01 8.814953881438590599e+01 6.784992255010146778e+01 5.431750529242811609e+01
8.190184885436941897e+01 2.377566692608823473e+01 1.261857632479601250e+02 7.025461164084269683e+01 4.778778055269736313e+01 1.110653232616638633e+02 5.086328205448660356e+01 5.405154029988384679e+01
8.486865975591523181e+01 1.875780548373157330e+01 1.242149079893708006e+02 6.687472030388896371e+01 5.504537798827453088e+01 1.106948103055925969e+02 4.627771418051542440e+01 5.891708756511133771e+01
8.688472780806182527e+01 1.736012262772086245e+01 1.267419349429777782e+02 6.454176071884135979e+01 5.509414829959298743e+01 1.134450809359982628e+02 4.554956743216963133e+01 6.310651242544615513e+01
8.229822420042778219e+01 2.234408973797987485e+01 1.257747208504928125e+02 7.377825506073992301e+01 4.980669056087438662e+01 1.111978019729382083e+02 5.452726365873247971e+01 5.173512354936620028e+01
5.314375533983415067e+01 6.892732931414609254e+01 1.174917544090062194e+02 5.396530597972280674e+01 2.770365274877204342e+01 9.134288910097630776e+01 6.107744674077670055e+01 5.005047615399763572e+01
3.418903113133391258e+01 8.824058241050498452e+01 8.943650769714858484e+01 9.780087949103729272e+01 6.961001515440209175e+01 5.817147738124822354e+01 9.394886924764931280e+01 2.907256595709033320e+01
6.121489517715303919e+01 6.227916185429594265e+01 1.198057949725234437e+02 4.851951875161686445e+01 2.099626396222944891e+01 9.853200710849964139e+01 5.038699420535261453e+01 5.583610521164295903e+01
5.181042666725483059e+01 6.888228399770747501e+01 1.202603731179998903e+02 5.091733213160782157e+01 2.787268726178927025e+01 9.243040717426819697e+01 6.115607270321669375e+01 4.965340916321612497e+01
5.107629787519631748e+01 6.726301680733939747e+01 1.184303104317401107e+02 5.541214231786512556e+01 3.095047043181862634e+01 8.958058581826733757e+01 6.048302985502929374e+01 4.507586173876406832e+01
3.139366295808912000e+01 1.049809225324911495e+02 7.310954984370725640e+01 9.920619678238058725e+01 8.189497696311795494e+01 3.500947072688539663e+01 1.053936101439113457e+02 5.393014599967278855e+01
8.731124539208536817e+01 1.649436649598202820e+01 1.260390811199932273e+02 7.116052273603523304e+01 5.512799415028364791e+01 1.128669365409801770e+02 5.058110392232926955e+01 5.678303841901202986e+01
4.315486785260271319e+01 7.163638679614025762e+01 1.022213768594275223e+02 9.168673826352051037e+01 5.776518216807326667e+01 7.472037500900943030e+01 8.469918482837263696e+01 7.293639960890247131e+00
3.426230918776650469e+01 1.018853613057794831e+02 7.627314576326962481e+01 1.014787389238068016e+02 8.001174213249187517e+01 4.096638829704101425e+01 1.041568897084261209e+02 4.864188098855321840e+01
5.809914369176382820e+01 6.703271762047332061e+01 1.215583306623028790e+02 4.820753534242420812e+01 2.115057628652725086e+01 9.754328570679551547e+01 5.560514792520157101e+01 5.488728039581275198e+01
8.380063067145192690e+01 6.709808685932684114e+01 1.241323335436572251e+02 2.840231030798961243e+01 4.617076806039349179e+01 1.133653932706653507e+02 4.914662170200508484e+01 8.257674851744670264e+01
8.593065467520024470e+01 6.138680530706102445e+01 1.234218846221150727e+02 3.871783005872975281e+01 4.451608322010688568e+01 1.130259228810360668e+02 4.449855796514331274e+01 7.625919297338630543e+01
5.566567130141717712e+01 7.186382541870466412e+01 1.182846750377102438e+02 4.778598084344186958e+01 2.487722800478695717e+01 9.501081369615008043e+01 5.747007016504253585e+01 5.578556563356190168e+01
7.991365267690875385e+01 5.721287776192582442e+01 1.220697848570395223e+02 3.733499989262893592e+01 3.848978582825407102e+01 1.102787390034018671e+02 4.340876425505861391e+01 6.741647178770291760e+01
2.284639805739545437e+01 9.208700414009935287e+01 8.971617410860996245e+01 9.268274871065308673e+01 6.354064809571232786e+01 5.334012812508764512e+01 9.347974664403393774e+01 3.505929660358781774e+01
3.361973404207685689e+01 7.964528257968888170e+01 9.733669242640836217e+01 9.375075529749655345e+01 6.150550451520293649e+01 6.702992666954671108e+01 8.739263741039412992e+01 1.739029071318736186e+01
8.652785886519779979e+01 6.558555898234571657e+01 1.203637287306354295e+02 3.602018782504844552e+01 4.768976224789982865e+01 1.106007397179954381e+02 4.609955982037603661e+01 7.792406804894314121e+01
4.266592620610289543e+01 7.416013059915921701e+01 1.004041429142862398e+02 8.980925005534555794e+01 5.966737420825563731e+01 7.318304688069841291e+01 8.514776206424009786e+01 1.296027671946209381e+01
3.525710568437042980e+01 7.896470265884765638e+01 9.723482538253183804e+01 9.344071778293620412e+01 6.137002973040763720e+01 6.758401602523052532e+01 8.719919181299103172e+01 1.665483455425468406e+01
8.494626949652671044e+01 1.963283891278965854e+01 1.256209166939378008e+02 6.380809975276427082e+01 5.088462075481017166e+01 1.118415499026125985e+02 4.456007326402969682e+01 6.038364831127209698e+01
8.369471126394407179e+01 2.183843285751975216e+01 1.260557985552682965e+02 6.900997991541886734e+01 4.785314726412804021e+01 1.118664478201571910e+02 4.722493452994485352e+01 5.547307450281832786e+01
9.491103144986782070e+01 7.741207855435984442e+00 1.303392659293811562e+02 7.228718494453673316e+01 6.057359886164632456e+01 1.197478819740542946e+02 4.674497491742354782e+01 6.668601016445731489e+01
3.367836648246339593e+01 8.933687256769651697e+01 8.881532980874820282e+01 9.726836951335371850e+01 6.901968818348936452e+01 5.765596231692897078e+01 9.420372499377496922e+01 3.041516165560752327e+01
7.366581445626441393e+01 5.709752968814843399e+01 1.180714821587662868e+02 3.989162530844664900e+01 4.099457225721401699e+01 1.049754765863942367e+02 4.447643267780291154e+01 6.139942435907021689e+01
6.865355638044157160e+01 5.106077074043896857e+01 1.239198564346348945e+02 4.972241684668851036e+01 2.993871756909100412e+01 1.043697414241256496e+02 4.145154354567836208e+01 5.262665599246117409e+01
8.815859046979622349e+01 6.270272877644228515e+01 1.248348046412559995e+02 3.475542946577430570e+01 4.492986184629818780e+01 1.136632697432175547e+02 4.480305533804305895e+01 7.915553265978628872e+01
8.955297125704923644e+01 1.544641235559257453e+01 1.285148072236099779e+02 6.925579679487050555e+01 5.290466661991935382e+01 1.163492843437282431e+02 4.553068602636172812e+01 6.133589357688940424e+01
8.255628763165816508e+01 6.516612235801842701e+01 1.232622523967323787e+02 3.114225529506341772e+01 4.176246956573270097e+01 1.116785055433406058e+02 4.476556223737748752e+01 7.630265444771070804e+01
4.032280143447046328e+01 7.346893850838377205e+01 1.021609408190814747e+02 8.874933657889664573e+01 5.565531396931585562e+01 7.348875108446915760e+01 8.273894641184277532e+01 1.105144241020370721e+01
2.590215389874658669e+01 8.892297624790204225e+01 8.958754826764570112e+01 9.751124542376985005e+01 6.691481560802432682e+01 5.593656848384951985e+01 9.376950184038388159e+01 3.003205290049375975e+01
2.288323562049842153e+01 9.458848011027262714e+01 8.568515650635870884e+01 9.644005309150486482e+01 6.863530470710091436e+01 4.892056079278188463e+01 9.691359802051235306e+01 3.833829471174467329e+01
2.583474742173902428e+01 8.581317613388476673e+01 9.362720004459160350e+01 9.440546067507460748e+01 6.309529476920004498e+01 5.987043650532106653e+01 9.063455541254077730e+01 2.628156030824075273e+01
3.535956843838445707e+01 7.857304998718947786e+01 9.764040754608184614e+01 9.218225256381967370e+01 6.041110603352291264e+01 6.778416812933375013e+01 8.647591442304262443e+01 1.653977637230723730e+01
5.455316021383315928e+01 6.512143889482463521e+01 1.218424930099029808e+02 5.184388751972264942e+01 2.659549917353605153e+01 9.428253001119072962e+01 5.789619446033898953e+01 4.849867514676293467e+01
7.918505102229644876e+01 5.353361828223945906e+01 1.178112036826748295e+02 4.010591308133171395e+01 4.627722600598345082e+01 1.059175458361564353e+02 3.762999453655856996e+01 6.907693692937350249e+01
8.976525377998115118e+01 1.641157523714051436e+01 1.272154039629897966e+02 6.695572527349391123e+01 5.892915914729756111e+01 1.155331575416509509e+02 4.152937119835514324e+01 6.723721579506165824e+01
7.284519261453843342e+01 3.747474273484738916e+01 1.227280144544098306e+02 7.599789485758746821e+01 3.782299498936336590e+01 1.043418970225629749e+02 5.984774181234809021e+01 3.747081097219959389e+01
5.311937681381414933e+01 6.378380353795046176e+01 1.192810567792373462e+02 5.489839094491819083e+01 2.985758868924878939e+01 9.187777058958218390e+01 5.892286408337178472e+01 4.703069812360626401e+01
8.760400920704576322e+01 1.599733073713226972e+01 1.285129767044283540e+02 7.178328716620438854e+01 5.394840845756414183e+01 1.150104383049210384e+02 5.058100393714443044e+01 5.868908993154242637e+01
7.454656895529248573e+01 6.191217387958158014e+01 1.236033395659242728e+02 3.975901278889453039e+01 3.420848717701685615e+01 1.077928064072297900e+02 4.420227903774206624e+01 6.453568209044841808e+01
6.017855868171109535e+01 5.836782975754163516e+01 1.208529836419321555e+02 5.017961484252792559e+01 2.564349892405346409e+01 9.809243821895319115e+01 4.998750564817766673e+01 5.055402211002750335e+01
6.115405826192064609e+01 5.355989638526601482e+01 1.200617173972596419e+02 5.594158592997357005e+01 3.174464664454540497e+01 9.807559898900679229e+01 4.916669745549197756e+01 4.344306343232922529e+01
9.328412343378657567e+01 9.838039532854871538e+00 1.289128439241699766e+02 6.902597386365296472e+01 6.229557402538110011e+01 1.174530857973480096e+02 4.808166109012410061e+01 6.649472014496738836e+01
9.319724625732914092e+01 8.273405276901467431e+00 1.281568804097971395e+02 7.246766740644073934e+01 6.175284317063407258e+01 1.168531708075079081e+02 4.915308170527247000e+01 6.325628182097208452e+01
9.081872399722057310e+01 1.064502411934470949e+01 1.272060929171577044e+02 7.180334044695008799e+01 5.786130203060035626e+01 1.152243913233179029e+02 5.003346036520938611e+01 6.040690702568781489e+01
7.431741738913909501e+01 5.980010492720042947e+01 1.227248228266717121e+02 3.853720725484575382e+01 3.551584492029764561e+01 1.075476921771719390e+02 4.539834786245186393e+01 6.373842514807762427e+01
7.585241256129879162e+01 5.711219212852613936e+01 1.164554963515564623e+02 4.019949552277725502e+01 4.628645723440561710e+01 1.029376880915486936e+02 4.493234246326709069e+01 6.713172982994572635e+01
2.869465241885799855e+01 8.466867278814551412e+01 9.385698486629317472e+01 9.425384960212845442e+01 6.302939092273234678e+01 6.142458543894692724e+01 9.033935806432518234e+01 2.416902178449479877e+01
8.471802140003872239e+01 5.451977407312411117e+01 1.220744211777729049e+02 3.126944072625597926e+01 4.317718042821304181e+01 1.117445689232762476e+02 3.881491805094546521e+01 7.242293150598038665e+01
6.364816546198583325e+01 5.298089903100601106e+01 1.225593783385711362e+02 5.284559711025337947e+01 3.176519659100799586e+01 1.003054876147570980e+02 4.717374272298052063e+01 4.952308986115536271e+01
8.268601582695218610e+01 2.466540167182051846e+01 1.253379423522572012e+02 6.814317653745368375e+01 4.643685195427924839e+01 1.112451402325938545e+02 4.663548435295413697e+01 5.400097506467408692e+01
9.486915154304216458e+01 6.749915185889102531e+01 1.214176603727427306e+02 3.476928372094567976e+01 5.923319155049937024e+01 1.144937225478235661e+02 4.844792382087375415e+01 8.992594708846101526e+01
8.206030505244251572e+01 2.437694888863121179e+01 1.257727081086229788e+02 6.392016425369958199e+01 5.161922561092345063e+01 1.097945639639368380e+02 4.818045382002825505e+01 5.969347609683080691e+01
8.255200158392946719e+01 5.392427468952741521e+01 1.223866099807556651e+02 3.711430315354071752e+01 4.188908332169055626e+01 1.114493607843467942e+02 3.975095764274869481e+01 7.063677221129019301e+01
8.752390301543681517e+01 1.883902734639588061e+01 1.273983532157520528e+02 6.324510382478453607e+01 5.220564185061011386e+01 1.148669693501064870e+02 4.155247765601517784e+01 6.271454601373280013e+01
3.052412923124765598e+01 8.694137499317214690e+01 9.096113714526467220e+01 9.646523264557163202e+01 6.640513218269720142e+01 5.965875382634722968e+01 9.236427173383121669e+01 2.661627897761287898e+01
6.275433400543108320e+01 6.050676249901015069e+01 1.218376006147542796e+02 4.826326021101323960e+01 2.568648684597597054e+01 9.931515823126021303e+01 4.766221334748138361e+01 5.371202235582656215e+01
7.700286170323609269e+01 5.160708691603488063e+01 1.196481672134467402e+02 4.378241516445716286e+01 4.110893308968197601e+01 1.079270168461378461e+02 4.143587666481239040e+01 6.181202146153184884e+01
2.744476845326687098e+01 9.130506814797793425e+01 8.798182994909780064e+01 9.642557703831698745e+01 6.752902723636455562e+01 5.447485832688415286e+01 9.483561851183222302e+01 3.303349346583584634e+01
3.886788062933568710e+01 7.549014799488082872e+01 9.962663773396832312e+01 9.122636148083164187e+01 5.893882735834363018e+01 7.070654947424947068e+01 8.520318553170882581e+01 1.349277615156372256e+01
5.626378134803020714e+01 6.010832692872259031e+01 1.210424835421311371e+02 5.507245504764797062e+01 2.848371520710105642e+01 9.487853846436114225e+01 5.440715468507809049e+01 4.571377305360144305e+01
7.653862233500819912e+01 6.326183962639385783e+01 1.198479236967551174e+02 3.786646266232303759e+01 4.624720351036749122e+01 1.051497973827345902e+02 5.125230846774527294e+01 7.025865698117318914e+01
4.745586367874183509e+01 7.196837375710019558e+01 1.145362009959973193e+02 5.737087765814352736e+01 3.306312049543659981e+01 8.566293583676177548e+01 6.541177223566927523e+01 4.552333422053283130e+01
8.495326796305444361e+01 2.292422439375117804e+01 1.259487989769192069e+02 6.572185006248393790e+01 4.721131880275986958e+01 1.127139983819526918e+02 4.479495945630071674e+01 5.698817210734713967e+01
8.836027584915612465e+01 7.510605025808064283e+01 1.166405418143805406e+02 0.000000000000000000e+00 5.719277770735077127e+01 1.102469859888167321e+02 5.628475216412640236e+01 8.995124945672554873e+01
7.860389139636755829e+01 6.228708381541180472e+01 1.222654274812010442e+02 3.393924997119926701e+01 3.685112494433953145e+01 1.088614689232011727e+02 4.427134651538065668e+01 7.028280549875621830e+01
6.229397826363154422e+01 6.805912121120839231e+01 1.227609776908532240e+02 4.761137659782171028e+01 2.145097698882344872e+01 1.020404515749341954e+02 5.355742273094526951e+01 6.259362316554862815e+01
8.829614463377249933e+01 1.507203292273934814e+01 1.270926550354605951e+02 6.937450174018661642e+01 5.522108595354357874e+01 1.142149179922449633e+02 4.844766126492997671e+01 6.002506406813353124e+01
9.546900942692776937e+01 5.549881262454746889e+00 1.283653681597402283e+02 7.462565317082130889e+01 6.631679384331822291e+01 1.178840757701751443e+02 4.955856037724188212e+01 6.594169788782090791e+01
6.832410481187162077e+01 6.186704680493413377e+01 1.205544836897380918e+02 4.180746043495431508e+01 3.506312565604417841e+01 1.020395572486228843e+02 4.795973532139259987e+01 6.141257323343076990e+01
8.321149815883187273e+01 5.756620072983827896e+01 1.214925045019060548e+02 3.774616637136428920e+01 4.401906793781864735e+01 1.105193664053320504e+02 4.296443218428424871e+01 7.220598218222833964e+01
3.713874021453099772e+01 1.049847140298716113e+02 7.190416605408323392e+01 1.004669347102371262e+02 8.323874632237860283e+01 3.653375786096249556e+01 1.060713367617231597e+02 5.335246404900302508e+01
2.839119762691151649e+01 8.485088643625218197e+01 9.339197652109214687e+01 9.673963972317233129e+01 6.572413744801640689e+01 6.081621373604081526e+01 9.104234686100342344e+01 2.526659521286749310e+01
5.810258099903769846e+01 6.600821437730256491e+01 1.218066188417046050e+02 4.713123620038926731e+01 2.114850744876585509e+01 9.654384847227794353e+01 5.467340843227248115e+01 5.400818127110117217e+01
8.494302841773519219e+01 2.024810739419803340e+01 1.267123909871105383e+02 6.715257807792850997e+01 4.896411298671746692e+01 1.127376289088705050e+02 4.641255652511154750e+01 5.743170799930646098e+01
7.717360079639979631e+01 5.593710636964664218e+01 1.222420239165019495e+02 3.834871888800139317e+01 3.856960282878517177e+01 1.083224272265845656e+02 4.172499122300333596e+01 6.545822765379830344e+01
3.223706133273390151e+01 9.036210480429878089e+01 8.795422814098257902e+01 9.874784357154777581e+01 7.073490988305694316e+01 5.619305472368962739e+01 9.535202551266282001e+01 3.174202251730863722e+01
2.819245555488748423e+01 9.185093849826141366e+01 8.729791077013921097e+01 9.801027546291504677e+01 6.948918114830679826e+01 5.374476121882531032e+01 9.607383283831779863e+01 3.377575394379012153e+01
5.522482239076979482e+01 6.307657845663350571e+01 1.216984972218263721e+02 5.411226428036948732e+01 2.542062502468357721e+01 9.411609469025988517e+01 5.615242391983198900e+01 4.606773141046359399e+01
8.426512620983749002e+01 2.176676628150773496e+01 1.250866631237963844e+02 6.341121891581510539e+01 5.072091821773276621e+01 1.117023496704912588e+02 4.337434214339610605e+01 5.904464034979948650e+01
8.513837882664418544e+01 2.022080579184323668e+01 1.263266164256312152e+02 6.291137510214523587e+01 4.858742415903948597e+01 1.137103919143339539e+02 4.147423338888099664e+01 6.147955329623614062e+01
8.787820653412700267e+01 1.695691971666370179e+01 1.277652803428286603e+02 6.639604880220197458e+01 5.111492133502227375e+01 1.150583423095563660e+02 4.286463143961751854e+01 6.194091526430196382e+01
7.871316241055764351e+01 5.651150586887749938e+01 1.194113010490298308e+02 3.331661311144486604e+01 3.952506804955888953e+01 1.069308996443888589e+02 4.051298797197092227e+01 6.871531698469796368e+01
4.682913588396040439e+01 6.912678331433889412e+01 1.149956415344898204e+02 5.798981546877541859e+01 3.170264275338301729e+01 8.664628938432413463e+01 6.403565764592772780e+01 4.134566479513509307e+01
8.468890006373888468e+01 2.103808686879977685e+01 1.270886209852812812e+02 6.999133770743402749e+01 4.839471574380466734e+01 1.132466768274267963e+02 4.852836046160169303e+01 5.604377670012286217e+01
9.096649916666943625e+01 1.054529672684367192e+01 1.266732821536750606e+02 7.127334116986277479e+01 6.068613976486030026e+01 1.149383941477536126e+02 4.873081039669479253e+01 6.221706686170904277e+01
3.764309052451004334e+01 8.136784473011850594e+01 9.527754374489802558e+01 9.362986556710626473e+01 6.342883921041722317e+01 6.663611323091727456e+01 8.916221489104862030e+01 1.990136783486000382e+01
9.280914807767443619e+01 1.080985403695238922e+01 1.292507367884920768e+02 7.117092493451697521e+01 5.929421475827916765e+01 1.175944510761725326e+02 4.934475423939661454e+01 6.339040466636376436e+01
5.737219798974089002e+01 6.512657273317131512e+01 1.201947475168975501e+02 4.909829886960253020e+01 2.305119176803819059e+01 9.556453369993481317e+01 5.531241113210287352e+01 5.470140401215790860e+01
7.989294792151778779e+01 5.897969841444577810e+01 1.184964921548609738e+02 3.670591900342576963e+01 5.029060857965207276e+01 1.049956146430609323e+02 4.918950825928920523e+01 7.217755481739337142e+01
9.139654226975704887e+01 1.011840110833055917e+01 1.268905117027628364e+02 7.087687435112864875e+01 6.160432519154383613e+01 1.150156185509450353e+02 4.948436682682135768e+01 6.227283520286174934e+01
9.383270683778242471e+01 1.268979194656739118e+01 1.306308143989257360e+02 6.720279171491770853e+01 5.778975256442735287e+01 1.196611543976615195e+02 4.283694951606659629e+01 6.729998838610751477e+01
5.793772426312332158e+01 6.156557213420236252e+01 1.199274202193776802e+02 5.278497846898005719e+01 2.750936177007902117e+01 9.481626078254132040e+01 5.352194282139126358e+01 4.963146352161879094e+01
6.483258852390025595e+01 5.532855006869119308e+01 1.220350810195095477e+02 4.817639890775387101e+01 2.743013840049570007e+01 1.017808518716713877e+02 4.630097138621655262e+01 5.570417404664533478e+01
7.647912642258830829e+01 6.512256849448478135e+01 1.236467887722380681e+02 3.792041998731551189e+01 3.637436079713121018e+01 1.082259734811625691e+02 4.872081433971920461e+01 6.933227109751999251e+01
8.397973123769048698e+01 2.114260532104903945e+01 1.265321493806178381e+02 6.970776280136037428e+01 4.891035455016649536e+01 1.125992841798478565e+02 4.888726522569097455e+01 5.670872436490346757e+01
4.108913887638791351e+01 7.565950964092994013e+01 9.863410107770826585e+01 9.210248348276641650e+01 6.065301970200424364e+01 7.088719086909853218e+01 8.691847070141992049e+01 1.432108109936872253e+01
3.310726016651000236e+01 9.105623499921361486e+01 8.738482342582085494e+01 9.610417099425595211e+01 6.898277717674830001e+01 5.610878177438441128e+01 9.466702571501903662e+01 3.252891070263526530e+01
8.235260928818921400e+01 6.574979281996148472e+01 1.264761164970545764e+02 3.687209162868271051e+01 3.976913298134119401e+01 1.127835392265286316e+02 4.697223829180336452e+01 7.763554229207399260e+01
7.908742965231216715e+01 5.653087476691298008e+01 1.231621370977130425e+02 3.710545897767305945e+01 3.805768527709941651e+01 1.106028168329240629e+02 4.002932971118956118e+01 6.755362973817939576e+01
7.248010766522165227e+01 6.795004375399793162e+01 1.222245646850535223e+02 4.487499174392792867e+01 3.189921385105412455e+01 1.057497776405558625e+02 5.719131118020158056e+01 7.475167898236604458e+01
7.558848676043805881e+01 5.322035178299648095e+01 1.170686216252981637e+02 3.944222602848015669e+01 4.633584051660412939e+01 1.033495154160278844e+02 4.359247220748637375e+01 6.324920036783597510e+01
5.475845942840721392e+01 5.997577954840350856e+01 1.219060080914093334e+02 5.617072811168382174e+01 2.973827894310577591e+01 9.467159696626609389e+01 5.631350379633165915e+01 4.323670820882382060e+01
8.102798980362953785e+01 5.788211489021354339e+01 1.202679889578984103e+02 2.971461654152808052e+01 4.112684748763378906e+01 1.076291496848651690e+02 4.177376856865497956e+01 7.292692563181462617e+01
3.459295052180042518e+01 1.058658817497797884e+02 7.048718728050957338e+01 1.003338564688658039e+02 8.448352677721024406e+01 3.241605818727282440e+01 1.067906793833405601e+02 5.551550845135300705e+01
6.492724354282002253e+01 6.412267993171370506e+01 1.230145143722103001e+02 4.558532285355634173e+01 2.321011399087672444e+01 1.005256948656899709e+02 4.497278881404615447e+01 5.729695672465850720e+01
7.541033636160821629e+01 5.523145179723106679e+01 1.163789585373474438e+02 3.994027789152758601e+01 4.406506777607299341e+01 1.050242874538399036e+02 4.235513639465911240e+01 6.242438620736390220e+01
