1.476329284879991519e+02 4.420535957659373594e+02 3.782336959159377443e+02 4.144944924555633179e+02 3.098216054663055843e+02 2.804669897797538169e+02 3.633116559613841332e+02 3.138516627371550953e+02
0.000000000000000000e+00 5.067494610932047863e+02 4.329154060225430385e+02 4.346455411714889010e+02 3.594800621238926510e+02 3.553807718653852703e+02 3.608408873006627573e+02 3.579434752321798214e+02
2.194117970959108561e+02 3.897338644720294951e+02 3.732668986293238618e+02 4.321992950491942906e+02 2.161461362183426616e+02 2.745331912186319983e+02 3.570383591901871796e+02 3.709731948261269281e+02
5.067494610932047863e+02 0.000000000000000000e+00 3.819566487477348460e+02 3.815683381300121937e+02 3.578879956764872645e+02 3.430555952509552071e+02 3.337779833983483968e+02 3.751489246951796872e+02
3.608408873006627573e+02 3.337779833983483968e+02 4.149283772334122773e+02 3.350643169573867226e+02 4.368700291015524044e+02 3.731483759435573120e+02 0.000000000000000000e+00 3.789582493754478492e+02
5.064791410812995309e+02 2.039102398739785826e+02 4.072124535098663500e+02 3.781868072139847072e+02 3.655381788522865349e+02 3.566443435270091413e+02 2.950659712937430754e+02 3.866299734881479253e+02
1.828674447901722431e+02 4.325282639949890040e+02 4.095631637569287591e+02 3.835596253408685357e+02 3.531743778541226106e+02 3.698387929182442235e+02 2.504650906927462870e+02 3.332643436849785417e+02
3.689233199342900775e+02 3.235008415329768923e+02 3.845274933939240327e+02 4.020690855970662483e+02 2.264433044180363197e+02 3.355324084775120923e+02 3.912417075534253286e+02 4.027971692780021726e+02
4.406958874809463396e+02 1.767151849720865187e+02 3.615826894010326100e+02 3.580309582181442920e+02 3.078524808819490772e+02 3.734850006027683094e+02 3.032357134394274567e+02 3.563210411048582955e+02
3.235024781231701354e+02 3.624405218766028156e+02 4.223992285933133530e+02 3.838895663783333134e+02 4.681407401462894313e+02 3.988130534062918287e+02 1.916663301086964566e+02 3.483209333684752096e+02
1.847664690220883870e+02 4.377777053784276404e+02 3.928551961984272225e+02 3.891025655101833536e+02 3.821085196243238897e+02 3.713340466473591164e+02 2.440161081894581798e+02 3.501348876197353661e+02
3.935008426156010728e+02 2.387316544555654616e+02 3.567491814301058071e+02 3.549224498780945396e+02 3.223090412946190213e+02 3.606660810856807302e+02 2.326674576823478162e+02 3.322501319509831319e+02
3.000438839869098615e+02 3.340893735106241138e+02 3.793021918610517673e+02 3.765317577777908582e+02 3.133531218582739939e+02 3.721851211269494115e+02 2.568584180833168489e+02 3.452485032277231767e+02
3.999391959829126790e+02 3.227168571303950557e+02 4.047995403073098259e+02 3.176341481348362663e+02 4.224696308450733682e+02 3.893899223530898439e+02 1.254168944655902038e+02 4.088983106517837882e+02
2.822164916578679481e+02 3.669672248945207116e+02 3.748792728607440949e+02 3.866370022740779291e+02 2.732020937475429605e+02 2.416439831168944465e+02 3.933685344299576059e+02 3.363233976059353836e+02
1.035854649205157898e+02 4.890724245743842289e+02 4.140938201464332451e+02 4.207895824805507345e+02 3.622671298819471417e+02 3.444001561942930607e+02 3.726085086119012431e+02 3.359790143268825204e+02
2.181489982758334634e+02 4.353514433409968660e+02 3.753841412353689861e+02 3.916685074772495909e+02 2.136588662153419023e+02 3.105907626764369525e+02 3.857494941761422069e+02 3.702150964132120521e+02
4.346455411714889010e+02 3.815683381300121937e+02 3.877800074424825993e+02 0.000000000000000000e+00 3.957597319340191575e+02 3.840654656983265909e+02 3.350643169573867226e+02 3.176728220896883954e+02
1.224276761337520725e+02 4.978320065018402829e+02 4.530271100561454318e+02 4.379094517064770002e+02 4.155540765864784589e+02 3.762485403754647564e+02 3.780158448583428026e+02 3.538806944874245914e+02
7.560131692921015656e+01 4.994046525469426001e+02 4.375549789295154142e+02 4.251737898007559124e+02 3.653918651769982944e+02 3.595673628883972128e+02 3.570287628384066352e+02 3.666328033210431840e+02
4.442942081280018556e+02 2.161206192219671323e+02 3.724021332623333933e+02 3.546953995176148737e+02 4.060366427556817825e+02 3.110469251416388943e+02 2.859471107397603760e+02 3.075498215631275798e+02
7.790446961835131390e+01 4.910782774324848674e+02 4.207071298110088264e+02 4.221695285036579435e+02 3.684409281378311221e+02 3.454700731249942010e+02 3.584871978637835923e+02 3.387671829587756065e+02
2.787473248288827108e+02 3.956732504112022752e+02 3.528810294819146520e+02 4.286981484478186530e+02 1.752399613491401738e+02 2.598453462841178521e+02 4.106157297447749102e+02 3.776537859719824723e+02
1.273949333409448883e+02 4.928563456338110882e+02 4.545570477839970636e+02 4.303030363321366281e+02 4.156046163405829361e+02 3.841688487542463122e+02 3.518217054012430935e+02 3.491249433988765531e+02
2.472886366390632134e+02 3.995441823959635030e+02 3.843994767403525543e+02 3.780128503264948563e+02 3.545817640655405967e+02 3.119963223525001013e+02 3.269504860840431775e+02 2.829648401389264336e+02
2.326509178012504719e+02 4.093316809778978609e+02 3.794064727132920325e+02 3.919539299965402961e+02 3.621843011302027548e+02 2.792342786584848682e+02 3.574534705256368738e+02 2.859591355874003966e+02
1.476329284879991519e+02 4.420535957659373594e+02 3.782336959159377443e+02 4.144944924555633179e+02 3.098216054663055843e+02 2.804669897797538169e+02 3.633116559613841332e+02 3.138516627371550953e+02
1.079847787278467308e+02 4.799635801888910009e+02 4.504022289826262977e+02 4.218279113370597884e+02 3.975849477878551852e+02 3.797876905152550080e+02 3.786364675959633246e+02 3.578966478806047462e+02
2.087676861560869099e+02 4.856194111331469685e+02 4.497513887400207295e+02 4.504412318433857081e+02 4.543558299769213704e+02 3.907755173659561478e+02 3.648310860406313623e+02 3.245782687597708787e+02
1.799769494201020166e+02 4.321074065534377837e+02 3.647900470076134525e+02 4.049863162109135146e+02 2.477946627234230164e+02 2.797003569959088054e+02 3.764945750196358745e+02 3.339943933744174274e+02
3.579434752321798214e+02 3.751489246951796872e+02 3.722639828677418450e+02 3.176728220896883954e+02 4.226927375242466951e+02 3.245854629225327130e+02 3.789582493754478492e+02 0.000000000000000000e+00
7.450876133762510278e+01 4.992185952215059501e+02 4.393742075861884473e+02 4.271481421703709884e+02 3.837383769937307534e+02 3.595937273758218566e+02 3.623109712590484719e+02 3.547883119569257815e+02
1.579414951160234750e+02 4.641978321230438382e+02 3.889793448144981198e+02 4.093396087369463885e+02 2.377966841220085712e+02 3.219882369137491764e+02 3.843704208100864435e+02 3.752818893602911885e+02
6.871900112005133110e+01 4.922804945154599068e+02 4.170748918605120252e+02 4.129769257452790612e+02 3.430477557335673851e+02 3.486230880804633330e+02 3.733937034223123419e+02 3.577976039419745575e+02
2.210800219181041086e+02 4.155160735337241817e+02 3.745534986516872209e+02 4.026580580283500126e+02 2.078960947660031877e+02 2.885369129885833104e+02 3.884802614640236698e+02 3.585113142676021312e+02
1.294098386774994651e+02 4.951866770358553822e+02 4.539849873099718138e+02 4.402054765375059446e+02 4.207923162805142283e+02 3.762459459681246585e+02 3.797405076862279998e+02 3.513312246637820522e+02
9.312077666818301225e+01 4.934357727237112385e+02 4.362215641174707912e+02 4.396632152256490258e+02 3.753976534958455886e+02 3.585562695195251308e+02 3.760998456524585549e+02 3.591826045906998388e+02
6.688858211211314142e+01 4.884112520158084294e+02 4.160151430882842192e+02 4.217220268222739605e+02 3.561979626834503279e+02 3.415710366097214319e+02 3.661828933701438018e+02 3.534755983568932152e+02
4.220603169568181556e+02 2.591825701919719336e+02 4.352050658162157788e+02 3.772760489127222741e+02 4.645700316131049021e+02 3.245439664739014916e+02 3.509654235970640457e+02 3.361286520836318914e+02
2.253838953781941825e+02 4.198486027894821291e+02 3.733283238146233316e+02 4.120423776457834038e+02 1.737112918731460240e+02 2.998040012609232008e+02 4.022283196002867385e+02 3.826881985101693431e+02
8.353892863319038042e+01 4.917718758594364203e+02 4.144983586248901588e+02 4.154331718598705265e+02 3.227187904202547770e+02 3.464092040487202553e+02 3.699199898602106487e+02 3.644631239094197213e+02
1.438795367981524294e+02 4.813844555708816983e+02 4.110401560252760191e+02 3.913179741869572581e+02 2.679363471485620494e+02 3.510158789314571095e+02 3.798026394163800887e+02 3.854515581672246753e+02
1.503465961577991834e+02 4.710599229200767013e+02 4.045862984147782981e+02 4.067543717729967057e+02 2.582084806843140541e+02 3.369418438791011567e+02 3.807083735501531692e+02 3.791629217640056595e+02
8.336465355279364076e+01 4.822333409724848252e+02 4.159461301556807484e+02 4.151769996095530360e+02 3.503217018465985575e+02 3.412046734787870150e+02 3.442627092156856747e+02 3.396884953517425174e+02
9.242790653697545622e+01 4.972428527586473024e+02 4.105772452303905879e+02 4.214933646652431776e+02 3.126817894335991355e+02 3.400463113756201778e+02 3.699664302284515429e+02 3.680869956026810996e+02
2.953640799638599788e+02 3.852490451526980451e+02 3.730487935028971265e+02 3.805218284333168413e+02 1.509935423385990418e+02 2.998238678056091544e+02 3.997865411853244950e+02 3.917460920531981969e+02
2.748612398791471492e+02 3.938052926089751509e+02 3.624576482955934580e+02 4.046018113929451943e+02 1.680685312565204867e+02 2.756349066255362459e+02 4.002855866837521717e+02 3.763653559241666926e+02
1.089144122935669685e+02 4.698112718456490597e+02 4.071076891638866186e+02 4.094572810696757301e+02 3.036701625481545079e+02 3.361155215966364835e+02 3.563312328779221616e+02 3.649698016556672542e+02
7.218048483463964260e+01 4.921109876766030311e+02 4.352628550766738158e+02 4.300245253736118229e+02 3.752961413307853604e+02 3.557288885961538654e+02 3.694299347387225225e+02 3.587068102187158161e+02
1.499648366443724115e+02 4.795774008041095158e+02 3.944829984332309323e+02 3.925113894991686720e+02 2.563318737558636258e+02 3.400836565605093824e+02 3.812131366460969844e+02 3.764085661416041262e+02
1.233868910614431371e+02 4.774260593767725709e+02 4.418883542609497681e+02 4.286984268687007784e+02 4.140521079990093654e+02 3.764145050219608493e+02 3.482993733065420088e+02 3.330464637592399413e+02
4.131614905678741820e+02 3.171421297429656647e+02 4.515268462962250737e+02 3.670682838705026256e+02 4.434700596997863045e+02 2.893166731386240258e+02 2.603326008239237126e+02 3.771153520193310555e+02
2.514382620590211275e+02 3.793616259618325444e+02 3.948086348469200857e+02 3.509818915237433430e+02 4.103369434829074862e+02 3.665404871296251486e+02 1.857223558276826623e+02 3.161500084406691826e+02
9.580438882915389343e+01 4.897014862194518514e+02 4.150840082109195350e+02 4.134033212583815953e+02 3.024855311449059627e+02 3.419460143492281077e+02 3.686301017943449665e+02 3.705427154146150315e+02
9.128552381814985495e+01 4.946420334280494444e+02 4.465218335272786589e+02 4.343708142882242100e+02 4.115312631142130044e+02 3.681987707033122774e+02 3.488361485872156891e+02 3.400310479191275022e+02
2.464565404135929327e+02 4.265391364433309604e+02 4.351320368250874822e+02 3.841756246282380403e+02 4.288628464871434289e+02 3.973314379882530716e+02 2.433780116726543099e+02 2.993476767535150316e+02
4.505308794510201551e+02 2.383922236258440250e+02 4.357246867048124841e+02 3.579504538092097619e+02 4.146805030407425079e+02 2.964513677956036304e+02 3.031767623882739713e+02 3.688092349852095140e+02
5.365471810542629783e+01 4.974525665970081150e+02 4.293881951662334586e+02 4.243438236852622936e+02 3.600089149568822222e+02 3.510586220293922111e+02 3.600179885834478455e+02 3.603937619662534075e+02
2.137106252922181113e+02 4.429982281602940475e+02 4.517902777884889360e+02 4.296532456959426440e+02 4.393847258083258680e+02 4.091069614040076772e+02 3.427818351341990706e+02 3.198063309386155311e+02
3.594800621238926510e+02 3.578879956764872645e+02 3.819954990593082016e+02 3.957597319340191575e+02 0.000000000000000000e+00 3.421251673454678439e+02 4.368700291015524044e+02 4.226927375242466951e+02
4.577898529469787263e+02 2.394387744126988196e+02 4.336027819459267789e+02 3.725022061131449505e+02 4.422541377208899007e+02 2.944188652572526053e+02 2.978077309157400805e+02 3.817190940317334480e+02
2.566781908947845636e+02 4.041168626329809968e+02 3.827661209613817732e+02 4.225607741210648101e+02 1.576002480442522540e+02 3.129414606677847246e+02 3.938378362747549204e+02 4.023827916722844407e+02
1.157393693044263898e+02 4.771052877324235624e+02 3.999358975321230218e+02 4.101554581346722443e+02 2.856289000928098289e+02 3.277822276661632941e+02 3.683106428361771805e+02 3.636147563834182961e+02
1.955006316142094818e+02 4.990138585610299060e+02 4.660591770020661215e+02 4.450755105180129476e+02 4.597002575792260473e+02 3.944454081729559789e+02 3.576415282244689138e+02 3.445220383140326703e+02
1.255965822123041846e+02 4.695892955771507786e+02 3.932113529498934668e+02 3.971083998141717757e+02 2.886915780215488780e+02 3.329020387512861134e+02 3.603004816807842303e+02 3.694960645130373678e+02
1.258011162775137706e+02 4.893059645238801636e+02 4.055390673820367056e+02 4.061284570542617871e+02 2.850656994752148421e+02 3.395621769391479461e+02 3.816928255288877381e+02 3.760714461783321099e+02
2.059841827394928089e+02 4.079726815997082099e+02 3.703996955141220155e+02 4.005917616906605190e+02 2.772343352929016760e+02 2.588648647461554901e+02 3.532904992978440646e+02 3.285896934623063999e+02
2.858480088449123286e+02 3.838128692019842561e+02 3.642624701442057358e+02 3.796333373611925026e+02 1.587569429830059278e+02 2.799311711160498248e+02 3.869510314934514099e+02 3.743853842323933350e+02
1.884275585095858503e+02 4.678587509672227611e+02 4.606904900416228088e+02 4.433152232315329115e+02 4.611524201202698805e+02 3.879500095642735005e+02 3.470096031516793005e+02 3.279381337187126064e+02
1.707631579597175744e+02 4.922263245067975390e+02 4.535198541642161558e+02 4.437132108916661650e+02 4.543339357871824404e+02 3.891814892952662603e+02 3.759750325960058603e+02 3.461790706022170525e+02
1.336329133787462240e+02 4.968338816802423707e+02 4.550514423454848156e+02 4.402501546000693793e+02 4.242904220008742300e+02 3.843183666745225651e+02 3.603207661948823670e+02 3.481650289580902609e+02
1.016204427824821437e+02 4.679520834865043639e+02 4.331461863640402612e+02 4.026977181930797656e+02 3.345228674668069857e+02 3.709650498670632146e+02 3.487576749424862328e+02 3.675863734345964531e+02
9.034080131644405753e+01 4.950234817433493504e+02 4.443412787967025679e+02 4.319941014129178143e+02 3.931282206865973308e+02 3.653307682158570628e+02 3.567207846451254909e+02 3.555955205935055687e+02
2.742261295646783879e+02 3.728942518594180910e+02 3.764038815602716568e+02 4.047300254123516652e+02 1.840064461915036986e+02 2.614901399102665778e+02 4.018221795052801326e+02 3.646765768956867078e+02
2.411781260629470580e+02 4.059199507346839368e+02 3.706982747606165844e+02 3.972569850096705295e+02 1.641472314719414101e+02 2.894865503248926188e+02 3.962715464690329554e+02 3.621023692166992305e+02
9.961829992474669382e+01 4.871310087911574556e+02 4.494489551097396429e+02 4.234762592026523293e+02 4.078150861484600682e+02 3.731468548065066670e+02 3.751723114789196529e+02 3.603555419753508318e+02
1.507880258232749782e+02 4.736791033263804707e+02 4.199555603066225444e+02 3.993215728413368311e+02 3.260082771943332318e+02 3.555660122018343259e+02 3.880800372626128478e+02 3.498733765342344100e+02
2.370332317646741558e+02 4.007347130549592862e+02 3.542654050670614652e+02 3.860872038185343058e+02 1.979591642728136947e+02 2.705115353681828765e+02 4.032091573109578917e+02 3.535501317682953299e+02
8.497667998279203516e+01 4.879855562228732992e+02 4.306954553406741297e+02 4.252330948674449473e+02 3.781473003490841620e+02 3.551244378520345890e+02 3.414685163159107901e+02 3.438944632632528169e+02
2.475107617693764439e+02 4.579318110958562329e+02 3.756164822348603138e+02 3.534813022664026221e+02 2.762238944938495138e+02 3.444415976029409876e+02 4.105797699124196924e+02 3.179885863410356137e+02
3.553807718653852703e+02 3.430555952509552071e+02 3.724038782526058640e+02 3.840654656983265909e+02 3.421251673454678439e+02 0.000000000000000000e+00 3.731483759435573120e+02 3.245854629225327130e+02
2.194117970959108561e+02 3.897338644720294951e+02 3.732668986293238618e+02 4.321992950491942906e+02 2.161461362183426616e+02 2.745331912186319983e+02 3.570383591901871796e+02 3.709731948261269281e+02
2.732663152541722980e+02 4.040466986327702443e+02 3.878303863312995645e+02 3.869235788956887063e+02 1.371412224619791971e+02 3.441023127272430884e+02 4.013999450551561381e+02 4.039663625445173807e+02
9.572072682188529313e+01 4.691850253257404120e+02 4.298585744234482036e+02 4.191828194273507506e+02 3.674616130226049222e+02 3.607549532348056118e+02 3.629515598623415826e+02 3.695091283592312266e+02
1.441471355751695569e+02 4.681139960682580750e+02 3.829850384519256181e+02 4.062651055951070589e+02 2.660309804689641737e+02 3.142336319035677548e+02 3.765982331415578983e+02 3.638894848439002772e+02
1.338226602614925298e+02 5.060721095022134364e+02 4.446620317727389420e+02 4.484367877468565098e+02 4.187930162114950008e+02 3.648971255833369014e+02 3.749416504818254907e+02 3.413365455654667358e+02
1.452910755118582813e+02 4.395396592403623117e+02 3.808682198287032179e+02 4.011210817898693222e+02 3.228926501070237123e+02 3.052671948236668413e+02 3.391195886310698597e+02 3.053630425408908877e+02
2.829252361236718798e+02 4.504193873159438226e+02 4.382037844165054139e+02 3.973878949743491376e+02 4.506577268232863958e+02 4.304545882799949936e+02 3.252792215532332989e+02 3.350878679093913775e+02
1.798928778324559232e+02 4.529775033676821181e+02 3.863581505663977964e+02 4.025815615685542639e+02 2.553629004054339759e+02 2.996184275498199554e+02 4.129523560293710034e+02 3.391269386103385273e+02
0.000000000000000000e+00 5.067494610932047863e+02 4.329154060225430385e+02 4.346455411714889010e+02 3.594800621238926510e+02 3.553807718653852703e+02 3.608408873006627573e+02 3.579434752321798214e+02
4.171394201357758220e+02 2.481418444349352797e+02 4.325439484323559896e+02 3.762327490955618146e+02 4.722593797572496328e+02 3.385761243352254155e+02 3.100362129669188676e+02 3.318113699110039647e+02
7.466821131888896446e+01 4.897694707544815742e+02 4.149496611530207133e+02 4.207590441633442424e+02 3.294157304703793443e+02 3.315562159171017242e+02 3.759041261048796514e+02 3.533847546483890483e+02
2.954672875422784273e+02 3.876131818880555784e+02 3.627282706583724803e+02 3.697221374882998361e+02 1.389969721664974145e+02 3.206676519336888305e+02 3.996028531846394003e+02 3.937700257633600245e+02
2.901457813645289434e+02 3.803134439302498890e+02 3.635843899354044311e+02 3.938646949251215119e+02 1.334776631108701395e+02 2.925519517280808373e+02 4.060126783460966067e+02 3.803490857379676413e+02
1.791228736068333944e+02 4.624943265111762685e+02 3.903838698674067018e+02 3.950985481999666149e+02 2.396708683433544138e+02 3.314986297445246919e+02 3.812022835916553731e+02 3.775924290692386194e+02
2.904874407889356007e+02 3.669161170986238858e+02 3.667906656881933145e+02 3.804192514079124408e+02 1.849400117977204445e+02 2.428390143237440384e+02 3.928273086999072916e+02 3.704924093143608275e+02
9.913250832349017116e+01 4.766309817633465400e+02 3.999230269346109026e+02 4.182200847846638112e+02 3.325632445285119729e+02 3.239704206466078631e+02 3.598938068759838984e+02 3.375009459317004143e+02
2.594134906242430816e+02 3.954846798661401408e+02 3.582124942388642808e+02 4.036972617286290870e+02 1.746310933855157828e+02 2.657854255130749834e+02 4.071935883940200824e+02 3.658604058316452665e+02
1.805214835883902538e+02 4.547328465560619861e+02 3.869470249392354617e+02 3.975399525065826083e+02 2.250009912586347980e+02 3.240329942909185093e+02 3.833337567874092429e+02 3.749361398980261697e+02
1.762509286014783356e+02 4.723107308117363914e+02 4.202065459088810826e+02 4.193073891383476735e+02 4.088452831113018533e+02 3.564253122600908341e+02 3.018518501174226003e+02 3.209153899618831360e+02
3.042411596862742726e+02 3.421262561782962734e+02 3.613816891199188603e+02 3.406188960356013240e+02 3.932919862584545854e+02 2.721936161881051248e+02 2.545252885845980586e+02 2.453519997439844644e+02
1.407430382951824299e+02 4.788841258838359067e+02 4.016978628322407872e+02 3.938304353216887534e+02 2.701797639653490251e+02 3.478507574782145753e+02 3.753314304622639384e+02 3.798153346441313261e+02
1.355276724027018815e+02 4.675246519249888024e+02 4.098853809876092100e+02 3.886975725982823633e+02 2.972367114685560523e+02 3.533610443593626087e+02 3.629823258085111775e+02 3.687857797429570041e+02
4.238385691049235788e+02 2.216559685379554310e+02 3.711106854292761454e+02 3.648107576912558443e+02 3.891573402823760262e+02 3.812826696259560890e+02 1.929690776051251646e+02 3.559466797944265295e+02
2.534314665515741751e+02 3.813353470599121806e+02 3.986905731530574712e+02 3.612029802151552644e+02 3.278112175708701557e+02 3.710191864448696606e+02 2.449916302290243380e+02 3.320630743416328983e+02
3.578251703399536723e+02 2.915572596577437139e+02 3.315400491045538729e+02 3.611012259805772828e+02 3.544498188817770483e+02 3.673669879628118906e+02 2.867541766462077817e+02 3.633979798240493437e+02
2.999435611031962594e+02 3.234002716908103139e+02 3.775215113093466357e+02 3.701521300717789131e+02 2.640261212943955229e+02 3.108865578971966102e+02 2.801754428484246091e+02 3.325146416853752385e+02
3.150342167023628690e+02 3.128409728724747083e+02 3.613396486874414677e+02 3.693890633928219245e+02 3.044693279427470998e+02 3.486320799065595679e+02 2.575999867352203978e+02 3.241729913966549930e+02
4.527164602852656685e+02 1.483919552957050882e+02 3.609003150118443273e+02 3.683070970180762060e+02 3.435536773942033051e+02 3.777876944086170852e+02 2.318926847381547418e+02 3.494072575864252030e+02
4.246972954537852729e+02 2.584219634196723518e+02 3.761371501044338856e+02 3.606449821919103442e+02 4.011695979641365852e+02 4.045678565171163541e+02 2.047459552102841656e+02 3.711339655794485566e+02
4.860154051157887238e+02 1.698951343106921286e+02 3.955548183709391878e+02 3.602776751756603630e+02 3.386006368640370283e+02 3.425886113988155444e+02 2.535403403233955260e+02 3.585171296601455992e+02
4.835359949387821530e+02 1.477967110986378145e+02 3.720468867071021464e+02 3.107188834570126232e+02 3.600067487064033571e+02 3.268760183257633685e+02 3.297311562243653498e+02 3.532184230896907025e+02
3.776514628069307946e+02 2.993041186561862901e+02 4.079257201431272506e+02 3.456745420807152414e+02 4.457890817096977685e+02 3.676930869116054623e+02 1.004618605754841525e+02 3.749439373337044685e+02
3.510087190116470879e+02 3.380508494398127937e+02 3.912133530032052704e+02 4.266898502043080725e+02 1.681473579187544374e+02 3.285724926776857160e+02 3.932567303774734455e+02 4.179286268257053507e+02
3.508482117253073511e+02 3.020898756543846275e+02 3.807722841426687523e+02 3.681310452728956761e+02 2.470322347643610783e+02 3.428101644150122524e+02 2.853767523005368503e+02 3.485068073037824661e+02
1.723945738556442393e+02 4.334578063766321634e+02 4.222290031216926991e+02 4.156434966985791561e+02 2.728481638391707520e+02 3.519262354809630438e+02 3.171495245603685476e+02 3.737584069432866727e+02
2.738254966710218241e+02 4.387675934340076083e+02 4.246906035804178714e+02 3.191022459529432922e+02 4.478921041819094171e+02 4.103193172397761828e+02 1.927362740628295228e+02 3.368996084633308215e+02
3.898920653821410838e+02 2.552385761634185712e+02 3.873487231533570139e+02 3.600011853396415518e+02 2.627082160434132447e+02 3.614501129150224870e+02 3.243992156730383272e+02 3.487404702135031584e+02
3.833744056583243491e+02 2.359490489000806122e+02 3.751962712105720925e+02 3.501485259954055209e+02 3.293223465120443052e+02 3.760818191477312098e+02 2.664910873474975119e+02 3.374431443164638154e+02
5.064791410812995309e+02 2.039102398739785826e+02 4.072124535098663500e+02 3.781868072139847072e+02 3.655381788522865349e+02 3.566443435270091413e+02 2.950659712937430754e+02 3.866299734881479253e+02
2.241625818182309899e+02 4.092561090768493841e+02 4.025531268093545236e+02 3.545716001004008717e+02 3.617897416851411663e+02 3.744503587464606653e+02 2.312464200110152603e+02 3.263928924698508922e+02
4.396720021767216622e+02 2.026947864186252275e+02 3.799768391501532392e+02 3.621324927430583784e+02 3.647395776566140739e+02 3.563250837347430888e+02 1.847575257751581432e+02 3.562896716501256833e+02
3.689233199342900775e+02 3.235008415329768923e+02 3.845274933939240327e+02 4.020690855970662483e+02 2.264433044180363197e+02 3.355324084775120923e+02 3.912417075534253286e+02 4.027971692780021726e+02
4.259464951831509438e+02 2.096406944984396432e+02 3.506246389148060416e+02 3.625251250322342003e+02 3.013838244376858597e+02 3.368208081846493656e+02 2.933372849632581278e+02 3.963540728030483251e+02
4.804486867004500255e+02 9.441386176776553896e+01 3.655949997243445750e+02 3.575835581123047291e+02 3.516093163407958286e+02 3.452482047085408681e+02 2.720177538615581057e+02 3.481739120142469801e+02
3.723372560904820716e+02 2.689707342484901460e+02 3.495914939899287788e+02 3.690613656597317913e+02 3.479981931428411599e+02 3.819806922424253344e+02 2.541459346549910094e+02 3.413187584013365949e+02
2.723407744179775136e+02 3.849734095410527743e+02 3.857948449490781968e+02 3.868507755262245382e+02 2.153462691854428783e+02 3.272282430726336884e+02 3.679889788439621157e+02 3.654007048524434254e+02
2.533922591178861126e+02 3.798748640566797690e+02 3.953966526723210677e+02 3.466964838682465029e+02 3.484910002054986649e+02 3.760582025755413724e+02 2.200229596363825806e+02 3.242132817845846375e+02
4.807222554051836028e+02 2.867607753007100087e+02 4.064340130337466235e+02 3.355572483952305447e+02 3.539306026441018957e+02 3.678768513467977073e+02 2.534847058474325650e+02 4.003267640379597765e+02
4.568180842538311595e+02 2.317569164792398908e+02 4.152046011928473490e+02 3.410436988369881988e+02 3.527495483385027910e+02 3.429269123037370832e+02 1.996034617618814764e+02 3.828176543020084637e+02
4.025646946382690317e+02 2.937389110692614054e+02 4.169522685245997309e+02 3.282038242201182356e+02 3.989399601134128943e+02 3.529812694328997509e+02 1.957487519862194745e+02 3.767055361768927924e+02
4.307508976105740430e+02 1.943657213830091166e+02 3.644090457796410760e+02 3.688309773226675929e+02 3.408866419636998444e+02 3.512434943148105617e+02 3.079744170432910551e+02 3.493284115256644782e+02
1.799478647333753258e+02 4.438555874773259688e+02 4.108966117200090480e+02 3.999117561864744061e+02 3.587588336886811362e+02 3.665292611110259600e+02 2.622741224928633983e+02 3.367574402580905257e+02
3.054970174570296990e+02 3.819790034690080347e+02 3.800070068197405249e+02 3.510977621259294210e+02 4.457037332649400128e+02 3.763377126141797362e+02 2.232352785473915446e+02 3.625648397965270533e+02
3.781603716262126795e+02 2.910787769530016931e+02 3.573770592828993244e+02 3.624528789038326977e+02 2.328769959130968914e+02 3.362921496679068127e+02 3.832085240530137753e+02 3.916484851803734841e+02
3.459446562350289014e+02 3.432797424761193383e+02 3.867883129535194939e+02 3.991623723089682017e+02 2.039157742717281963e+02 3.406922131963966081e+02 3.807504142243885212e+02 3.754894351407442628e+02
1.847664690220883870e+02 4.377777053784276404e+02 3.928551961984272225e+02 3.891025655101833536e+02 3.821085196243238897e+02 3.713340466473591164e+02 2.440161081894581798e+02 3.501348876197353661e+02
1.972472791112193988e+02 4.251059105445591513e+02 4.102097667445150364e+02 3.783383214022788934e+02 3.747032994448638874e+02 3.760748015618118529e+02 2.298807762449800123e+02 3.287147211136049236e+02
2.640137740843659344e+02 3.912522125134812541e+02 3.530981843518044343e+02 3.780493363694835693e+02 2.896406873996123181e+02 3.484879148408591618e+02 3.499729823340408643e+02 3.659240979241909031e+02
3.707713927020961364e+02 2.521312579359508845e+02 3.720949321729842723e+02 3.495311932119035987e+02 3.310396049170322499e+02 3.773322138505217822e+02 2.340248988617660189e+02 3.415306006915616308e+02
4.473307841205275395e+02 2.293922090180557234e+02 4.052169820877834354e+02 3.460109868980065926e+02 3.747105383623650141e+02 3.499151060077151669e+02 1.785611980960065921e+02 3.794415697932003582e+02
2.680941529014698403e+02 3.818078907726299462e+02 3.988372868615302878e+02 3.397717744782561908e+02 3.986561712953878214e+02 4.009086332727474655e+02 1.545956248040882031e+02 3.386562498781270278e+02
3.982490385619077529e+02 2.143613119954510466e+02 3.593015073531899475e+02 3.625500492068340463e+02 3.178307788285139850e+02 3.517562388771438577e+02 2.464482561062182526e+02 3.382517102112108205e+02
3.573416322509634711e+02 2.799511665590241023e+02 3.395481553268072048e+02 3.750965648230870784e+02 3.406313132936258512e+02 3.677291077484355242e+02 2.547676392849425611e+02 3.789751847651363619e+02
3.781654251076813011e+02 2.486375613321725098e+02 3.355973178839557249e+02 3.672696600481210680e+02 3.223093436427641905e+02 3.563914891352143854e+02 2.922986410331881189e+02 3.913954382863096839e+02
4.249581885123376992e+02 2.026190157658353712e+02 3.613573239272683395e+02 3.786890068297854555e+02 3.611363193891706374e+02 3.793989959640787220e+02 2.770993314841907136e+02 3.532330173247961511e+02
4.315678835439310888e+02 2.363006684141760161e+02 3.995601434493727879e+02 3.483110569299857957e+02 3.890663643801736953e+02 3.490915991642947915e+02 1.600314402186151597e+02 3.665146717908555161e+02
4.751830065947619346e+02 1.140176522698694015e+02 3.673002280300406142e+02 3.602590645505485440e+02 3.518593504892191959e+02 2.954908794954127984e+02 3.339025236839078730e+02 3.527806767963871266e+02
3.608408873006627573e+02 3.337779833983483968e+02 4.149283772334122773e+02 3.350643169573867226e+02 4.368700291015524044e+02 3.731483759435573120e+02 0.000000000000000000e+00 3.789582493754478492e+02
3.466821055473517958e+02 3.004018349001198089e+02 3.597851144750579806e+02 3.577466890377521622e+02 3.244536672784478242e+02 3.523821690891618914e+02 2.122353153146907800e+02 3.122218787696693880e+02
2.323521488693501738e+02 3.965062092474864244e+02 3.959570837138285242e+02 4.080613224312474472e+02 2.642364345217569053e+02 3.324248220211891862e+02 3.131471515260637943e+02 3.644704135364524973e+02
3.237022912165170965e+02 3.188187996788579994e+02 3.726343114317485856e+02 3.630276420519305134e+02 3.208434202553866044e+02 3.660815204108655507e+02 2.143403272480050816e+02 3.304988880519326813e+02
4.453518835996986809e+02 1.961969884856346198e+02 3.775277711484141037e+02 3.682338370081035919e+02 3.655296249743925046e+02 3.645574960323624509e+02 1.916606213092232451e+02 3.587987721713577116e+02
4.949305809085935266e+02 1.664138155531066445e+02 3.787909232341982033e+02 3.645231569041222315e+02 3.526933585470720800e+02 3.975013994760161040e+02 2.672728396262781985e+02 3.757543589443689029e+02
3.236538069713408845e+02 3.142204964416214921e+02 3.505472557240880747e+02 3.685152697542586679e+02 3.733836975598308641e+02 3.566390337457273176e+02 2.711584500034600183e+02 3.755120139535932253e+02
2.013552700969774207e+02 4.235949384951200614e+02 4.098285394437066316e+02 3.747734696776415149e+02 3.556450140392798858e+02 3.735825306658774707e+02 2.485800989002084407e+02 3.342452327084088211e+02
4.509210285239697669e+02 2.666242499584367351e+02 3.962963339596312835e+02 3.493668030826680138e+02 3.291273716664294398e+02 3.362889642326759940e+02 1.972065040048615003e+02 4.025765445501564841e+02
5.048430586570640344e+02 1.564699165754729222e+02 3.746722853719661543e+02 3.231884350193791420e+02 3.674432644267700994e+02 3.384527858293411100e+02 3.295180314568316362e+02 3.514072965797269035e+02
2.987932183574734495e+02 3.513562996129660405e+02 3.683556101563614220e+02 3.630400110836687304e+02 3.139508147864445391e+02 3.673190988887757271e+02 3.266425259886424897e+02 3.865072062792265228e+02
4.208392241288623836e+02 1.998893491389535768e+02 3.702011628264503429e+02 3.639602232518595315e+02 3.687022421296809966e+02 3.745477364900377779e+02 1.852123137179141281e+02 3.512004611048884044e+02
4.993111708774270596e+02 1.743604282563828463e+02 3.947046122288381298e+02 3.487635673397787741e+02 3.721290420297062269e+02 3.289422848285022951e+02 3.155842764281864561e+02 3.476893590526277080e+02
4.675832496620845404e+02 1.369960768105664215e+02 3.716634412295665015e+02 3.770121255548602335e+02 3.341655685163950693e+02 3.606817529147048731e+02 2.494520839339530198e+02 3.513684266920155892e+02
2.987587177992535885e+02 3.419451281781658167e+02 3.800641858931192587e+02 3.588433145576179299e+02 3.371528076270769247e+02 3.683843692776690091e+02 2.266474308823634090e+02 3.491956258909705753e+02
4.372365706377514130e+02 1.814874245781829813e+02 3.918296259840104767e+02 3.580236231922125398e+02 2.787488639463104505e+02 3.207141729402528085e+02 3.646501919367876781e+02 3.532398089489356039e+02
4.592211785527423444e+02 1.598584455507273958e+02 3.832663251302387266e+02 3.666617671209337459e+02 3.021638833461286708e+02 3.345931314855850474e+02 3.585904568928301615e+02 3.592473108372368529e+02
4.433063915615671817e+02 1.441214054830063276e+02 3.553405902643621630e+02 3.555450369554408780e+02 3.220526549586185752e+02 3.492112227855293440e+02 2.829128555964881002e+02 3.516421648345059339e+02
3.798514220574400611e+02 2.712129543899353052e+02 3.859226302948629836e+02 3.648956854036410391e+02 2.656812926939732051e+02 3.558531471608482093e+02 3.247004494221686173e+02 3.504042303492285555e+02
4.491940344287105518e+02 2.597026418563764310e+02 4.053193955642754531e+02 3.509373468697541512e+02 3.884850047060781435e+02 3.638006392559523192e+02 1.897922202538085230e+02 3.760402215308714062e+02
4.054470007571613337e+02 2.422931637932459523e+02 3.896252595952034312e+02 3.659418822827195186e+02 2.457790320615547728e+02 3.539118157774555016e+02 3.290655139249912509e+02 3.581868159190084953e+02
3.879310082121061214e+02 3.745657649998136662e+02 4.367704914190935597e+02 3.219371432180555530e+02 4.877322551666334789e+02 3.736236890787797051e+02 1.455564029816826519e+02 3.758904491384199673e+02
3.707018777568857217e+02 2.388932355217010866e+02 3.660083296788823759e+02 3.815258752497213663e+02 3.307983100834588299e+02 3.681903801057252394e+02 2.082319758492506594e+02 3.536735832683742160e+02
3.363233608943283457e+02 3.222866795411068779e+02 3.557309260812106686e+02 3.565514907789179233e+02 3.840711244773257818e+02 3.978586578415515191e+02 2.164349850285759942e+02 3.527130809159687601e+02
4.445612614155627966e+02 2.616115251402405875e+02 3.993787919750124047e+02 3.453894693743560538e+02 3.876068746684426287e+02 3.650315085923637071e+02 1.902608085002054565e+02 3.804052708925076445e+02
2.823118522927665026e+02 3.795722167015744049e+02 4.057052058656785789e+02 3.937610545604842969e+02 2.351664041027880216e+02 3.511122776553012841e+02 3.523358908739994035e+02 3.801504938255255865e+02
4.391012318036048327e+02 1.963888791087057939e+02 3.720067696141882152e+02 3.671486401024685051e+02 3.626215918608164657e+02 3.649240736242456933e+02 1.913494692255062546e+02 3.571851427617434069e+02
3.678924873540744898e+02 2.861569672763545782e+02 3.785907461909781091e+02 3.633569830769756095e+02 2.350714677984610717e+02 3.472475660161036330e+02 2.699448546585874169e+02 3.490052647188387596e+02
4.550057807490258597e+02 1.366583577323980876e+02 3.643761790889422514e+02 3.549672278250145609e+02 3.306096313151294339e+02 3.605251124530306583e+02 2.904047955176328060e+02 3.485220136070155945e+02
3.988578519638353441e+02 3.049042151831322371e+02 3.325840089349716777e+02 3.226660633056686720e+02 3.955589556051641580e+02 3.212051480581984038e+02 3.151796321983821372e+02 3.204427036096404890e+02
4.148420369377704446e+02 2.671149994314828859e+02 3.962535091638893050e+02 3.695998810044289939e+02 2.410705267405765539e+02 3.557352663649835449e+02 3.654589205480309033e+02 3.728516375506906684e+02
3.799492619413721286e+02 2.742393481668013919e+02 3.980986834919859803e+02 3.703682819438907359e+02 2.430357055205558652e+02 3.486804077706238445e+02 3.512923476428611025e+02 3.660247437026108059e+02
3.235024781231701354e+02 3.624405218766028156e+02 4.223992285933133530e+02 3.838895663783333134e+02 4.681407401462894313e+02 3.988130534062918287e+02 1.916663301086964566e+02 3.483209333684752096e+02
5.036641535488448653e+02 1.234773774127409069e+02 3.945804247297397751e+02 3.842811110802560961e+02 3.548069397084925072e+02 3.671113354807526434e+02 3.086414887908656510e+02 3.733897251307736269e+02
4.381947674014122640e+02 2.586337324294151472e+02 4.163423511503523855e+02 3.434877242937669735e+02 3.941294366900480668e+02 3.426060624527086702e+02 1.527145498450102252e+02 3.767455873142411065e+02
2.345700860857012060e+02 3.959381406940777879e+02 4.075514550361801867e+02 4.190190142741257660e+02 2.342729191511278657e+02 3.364128604649897056e+02 3.337627483693768795e+02 3.862273366461229784e+02
3.728650824215285411e+02 2.777279335244443246e+02 3.674745354324206232e+02 3.542299103459999401e+02 3.329581092673466287e+02 3.739742108145683801e+02 2.575658327043588542e+02 3.289252740063729448e+02
3.115289003278236919e+02 3.539799273094907335e+02 4.034825554961066700e+02 3.567588182052189154e+02 3.996194467709771061e+02 4.194612731880480965e+02 1.316683199856954332e+02 3.513260831427355129e+02
1.728612762759643999e+02 4.370690578560593735e+02 4.096222231187763327e+02 4.033129283444196744e+02 3.603991335080730778e+02 3.706827887752018569e+02 2.608257620553340530e+02 3.311305477214415305e+02
2.210320642212625160e+02 4.165275093747532082e+02 4.088150567001962941e+02 3.400023144864151732e+02 3.997351173206645853e+02 3.895027479460131872e+02 2.029211347112043313e+02 3.207519630817580492e+02
4.310857891874031793e+02 2.178283971457004213e+02 3.626986652513209037e+02 3.542443754312321857e+02 2.737180345766441292e+02 3.601477991730953931e+02 3.202086972383917782e+02 3.595320573431749267e+02
2.913986933449918411e+02 3.444671955199511899e+02 3.808202016608388476e+02 3.605243123615194349e+02 3.200417940146530782e+02 3.829154354671131273e+02 1.767768971412432393e+02 3.414977167765068771e+02
3.499515464588119471e+02 2.986338999880400138e+02 3.415688866497045524e+02 3.664240224997423638e+02 3.600547718699589836e+02 3.568611990549751454e+02 2.838213843856097469e+02 3.725520669423877962e+02
3.246862759009143247e+02 4.197770474167111843e+02 4.398521557944744131e+02 3.156142660690487105e+02 4.824861884917330030e+02 4.082998261290623532e+02 1.711056759679853485e+02 3.476360712083607609e+02
4.596009922426909498e+02 3.029893087812046701e+02 4.125654994472031376e+02 3.813260098998617309e+02 2.591118784015945380e+02 3.198478027150676439e+02 2.644874398118952286e+02 4.392103855016100624e+02
4.529425959655790166e+02 1.496799811785527368e+02 3.570743372487732472e+02 3.519052811663991065e+02 3.570806633371461771e+02 3.074990109362705084e+02 2.910991954875978536e+02 3.420355162425555591e+02
4.084870585180929652e+02 2.597355864391778937e+02 3.689939845798319880e+02 3.632201411222071101e+02 2.543986488874327563e+02 3.751800938483577283e+02 3.260541166889630631e+02 3.697860019171226327e+02
4.270761922559428285e+02 2.891593364685164715e+02 3.990573045527601153e+02 4.273589712291679348e+02 2.147746797419633538e+02 3.107398158812507631e+02 4.209294171123941055e+02 4.435686088923018815e+02
3.692074763601835912e+02 2.781376737367912710e+02 3.736129487910836247e+02 3.581551940594055736e+02 3.046027780792684325e+02 3.684065143725597409e+02 2.866297990301856089e+02 3.334395828995500324e+02
4.617677484077233316e+02 1.356706572360481005e+02 3.634668311354444086e+02 3.714459640878337723e+02 3.450796774471016306e+02 3.713595016496969379e+02 2.352847341591588588e+02 3.435571900000842902e+02
2.880456207110991045e+02 3.543440081476119303e+02 3.886124255466074828e+02 3.717545743046538291e+02 2.943505197383302061e+02 3.538628028316240375e+02 2.643073249848145565e+02 3.363874477267589782e+02
4.040403450008489585e+02 2.318327007557172692e+02 3.683647388945009880e+02 3.842531772449776213e+02 3.906410817403239548e+02 3.987476748462407272e+02 2.369778811463961290e+02 3.548283368947999179e+02
4.500572662119046186e+02 1.630767644952721298e+02 3.586787594799275212e+02 3.594256884798695637e+02 3.289552178784041985e+02 3.599508128660782518e+02 2.855627224626928751e+02 3.464824293508239634e+02
3.388661459681347878e+02 3.037999113070581529e+02 3.834069781487482942e+02 3.296301778779570100e+02 2.842882172386979391e+02 2.816378338149863794e+02 2.918275353804069709e+02 3.227527145491446845e+02
5.052974456461542445e+02 1.628136273341831952e+02 3.887687042235781973e+02 3.580862187485022332e+02 3.658989570443974912e+02 3.298172999881907117e+02 3.100362310615160482e+02 3.432845943759487000e+02
2.847979203608830403e+02 3.508756095812213971e+02 4.197812943018958549e+02 3.777424601922231773e+02 4.420690933097504285e+02 3.217690829568305162e+02 2.903851149173789850e+02 3.571069914441309265e+02
3.684099717072217004e+02 2.766393057759074168e+02 3.857114919310822074e+02 3.550067948226562748e+02 4.100552883698208575e+02 3.984355908875763248e+02 1.589477756714165650e+02 3.510745768418595958e+02
2.090449558396445298e+02 4.129391832835056562e+02 4.066337572176009303e+02 3.900466025713712384e+02 3.108405803766993927e+02 3.706081831440883434e+02 2.456429637350640007e+02 3.415828960384441757e+02
4.560983170381811078e+02 2.515510604479838435e+02 4.109485853786273424e+02 3.632331626728372953e+02 3.732841074712031286e+02 3.299282561350984793e+02 2.615364140734915850e+02 3.975908129899773940e+02
4.217392709976120386e+02 2.344066918303998932e+02 3.937575977567487939e+02 3.498391796877554611e+02 3.852007234326440539e+02 3.518938575688104606e+02 1.643817931395181802e+02 3.690092541495319551e+02
4.524374318630028711e+02 2.014185047722293405e+02 3.825696543428283007e+02 3.707211015579218838e+02 3.674773955854716974e+02 3.550459589936049269e+02 2.026184409342309891e+02 3.594280478959704510e+02
5.067494610932047863e+02 0.000000000000000000e+00 3.819566487477348460e+02 3.815683381300121937e+02 3.578879956764872645e+02 3.430555952509552071e+02 3.337779833983483968e+02 3.751489246951796872e+02
3.285124245779840066e+02 3.236333373404797840e+02 3.745490537432029896e+02 3.518940356150908997e+02 3.099530793590674875e+02 3.783585746602861377e+02 1.994120114914531143e+02 3.376819507124861843e+02
4.801587937192139748e+02 3.115514018207466620e+02 4.345788372481763417e+02 3.277366671549128228e+02 3.698919158207764895e+02 3.442009401718019603e+02 2.038190322825645069e+02 4.169216283214576606e+02
3.687903818113715033e+02 2.644671691494996253e+02 3.708386167963506068e+02 3.593401698788229623e+02 2.483948697467444333e+02 3.131148241758336894e+02 2.979436250301342284e+02 3.551948436065706005e+02
2.129295926420835201e+02 4.022244784428370394e+02 4.003660511926149184e+02 3.963703178199952504e+02 3.052462172141623000e+02 3.614945426227819212e+02 2.763425150412568883e+02 3.321770882463593466e+02
4.191400929463814578e+02 2.935370412569050700e+02 4.174146771207194320e+02 3.404680065301367335e+02 4.113542621763351121e+02 3.590233855987409584e+02 1.521365227114098957e+02 3.804772499110825947e+02
1.828674447901722431e+02 4.325282639949890040e+02 4.095631637569287591e+02 3.835596253408685357e+02 3.531743778541226106e+02 3.698387929182442235e+02 2.504650906927462870e+02 3.332643436849785417e+02
2.510168842325032017e+02 3.889213689803015654e+02 3.974338308090240162e+02 3.850293898429864043e+02 3.042388958551688347e+02 3.574021672820549611e+02 2.706966522639133927e+02 3.457520863984919970e+02
4.798150905728007274e+02 2.529887208962016132e+02 4.215175072013431645e+02 3.357659126323336523e+02 3.234367277230141440e+02 3.241796075815418021e+02 2.210053210972192517e+02 3.993825163617443081e+02
2.081879906777433007e+02 4.139340764127654211e+02 4.070927963960428997e+02 4.046657603974251174e+02 3.020500806219141623e+02 3.558370673306939693e+02 2.860320843024895225e+02 3.539397297664716007e+02
4.279789952858511697e+02 2.254380480895587766e+02 3.507510958688532696e+02 3.633869363954599407e+02 2.527364375702974257e+02 3.349044173650856919e+02 3.308606787836698686e+02 3.674148366490338731e+02
1.985187315558941918e+02 4.228283079948442378e+02 4.086353175749223965e+02 3.928306226415909350e+02 3.289792725848656119e+02 3.668276415546230851e+02 2.609956612863211944e+02 3.440450220197850513e+02
3.672623885873993004e+02 2.925504186890782421e+02 3.647947691914902180e+02 3.694727075540465648e+02 2.734750050338273013e+02 3.580384084745427344e+02 2.610449849146009456e+02 3.406155068514385107e+02
3.193543536286954350e+02 3.215030024175799213e+02 3.672610779215376056e+02 3.513658584079585694e+02 3.556267126081180550e+02 3.760335282662499026e+02 1.774243765974739802e+02 3.426939964681362767e+02
2.841783694404558673e+02 3.524790350432850232e+02 3.804667534303535490e+02 3.788123012463048553e+02 3.611111683394243528e+02 3.881975521418299309e+02 2.152425359187277252e+02 3.444538886408761300e+02
3.805400610697867592e+02 3.342948182575063356e+02 4.151524772596523576e+02 3.259653910437979221e+02 4.561087297012990689e+02 3.648996524298311215e+02 9.679668031200884570e+01 3.815377212520451735e+02
4.955846278959974711e+02 1.299292190473925928e+02 3.639051423961954583e+02 3.650645464892186283e+02 3.533978352577461237e+02 3.399545903898376764e+02 3.185857848373214551e+02 3.663162193359379444e+02
5.031089568947862745e+02 1.463638252612838926e+02 3.774165490348260050e+02 3.661704492582805983e+02 3.392518547675369973e+02 3.865907677557083844e+02 2.741908555302328523e+02 3.855051025005909082e+02
3.608327422582133295e+02 2.544790402447949305e+02 3.494153118154795266e+02 3.552096814238016123e+02 3.408705806789222379e+02 3.197861745925943637e+02 2.357510884829544864e+02 3.152540540929387589e+02
3.935008426156010728e+02 2.387316544555654616e+02 3.567491814301058071e+02 3.549224498780945396e+02 3.223090412946190213e+02 3.606660810856807302e+02 2.326674576823478162e+02 3.322501319509831319e+02
2.809108528915304532e+02 3.679288674320634982e+02 3.920128628200680510e+02 3.407537375697414177e+02 3.563466494217348668e+02 4.022516583647428092e+02 1.782542489670726695e+02 3.490497300262985050e+02
4.507782779577609062e+02 2.296185203482844486e+02 3.698689099293316076e+02 3.458592943682356804e+02 2.832128997648093218e+02 3.923159041688708157e+02 3.018985920563907825e+02 3.721566267536181272e+02
3.882921632206285949e+02 2.395704620329596821e+02 3.491108818491927082e+02 3.861780900097007247e+02 3.239025478016102966e+02 3.707805649390271014e+02 2.700008527956103990e+02 3.504470774980736678e+02
3.213876749103297925e+02 3.313429476377257856e+02 3.820711949879736835e+02 3.804174761479380322e+02 2.407716823465293885e+02 3.578272204509981407e+02 3.131765403285863840e+02 3.478205639645242400e+02
2.772495615727141853e+02 3.926726554351546952e+02 3.912058251275671523e+02 3.169861584646582173e+02 4.039639257268590313e+02 3.950936059264238907e+02 1.621853340275511641e+02 3.351240747065733672e+02
4.154946836397236893e+02 2.416406225718593817e+02 4.012813708134000308e+02 3.608923061901616052e+02 3.717343104633909547e+02 3.691336553185436173e+02 2.274770221756482727e+02 3.894030345209187658e+02
4.174709724386804055e+02 2.555598877277611223e+02 3.793650515034018440e+02 3.701494001390504991e+02 3.783230600962872927e+02 3.703157674347232842e+02 2.837966395212023940e+02 3.588897822012836514e+02
4.024801333034970412e+02 2.642037531968853727e+02 3.475850655027800258e+02 3.851685711404354038e+02 2.795935927653546855e+02 3.452542518291933789e+02 3.136832866620662799e+02 4.189757597854797950e+02
3.827905124554489475e+02 2.652175320570146368e+02 3.882382580758982726e+02 3.674460841642941773e+02 3.758348350991307711e+02 3.933281744054778528e+02 1.794099345081363026e+02 3.732766248981880608e+02
4.011524743618115849e+02 2.816428182240002798e+02 4.142675932012921294e+02 3.493674508523935174e+02 3.840587096058231396e+02 3.666623816873549231e+02 2.054687212278790014e+02 3.919952578819290352e+02
3.999391959829126790e+02 3.227168571303950557e+02 4.047995403073098259e+02 3.176341481348362663e+02 4.224696308450733682e+02 3.893899223530898439e+02 1.254168944655902038e+02 4.088983106517837882e+02
4.451547288102113384e+02 2.323691655899461921e+02 3.545191980464510380e+02 3.850481944883338201e+02 3.759755224820515878e+02 3.698325495848613400e+02 2.988254048556432281e+02 3.570068861849923110e+02
3.950092347315317625e+02 2.071060832736704640e+02 3.638901975816208392e+02 3.714752171415616999e+02 3.379819906815761783e+02 3.833834228704889711e+02 2.301359585060396853e+02 3.673197904233948634e+02
3.618978311007787170e+02 2.730635273563958663e+02 3.665405913679264245e+02 3.777445177434443053e+02 3.239414007426845501e+02 3.474717853938075223e+02 2.818881908715763984e+02 3.277347356510433087e+02
3.068652190277689442e+02 3.252116819430782471e+02 3.679573737358448966e+02 3.961343873337474406e+02 3.040808550348167500e+02 3.533604103134272805e+02 2.721567322452809208e+02 3.460861811477298602e+02
3.931552002742261607e+02 2.810206837822171337e+02 3.300963883941989252e+02 3.973520543731421526e+02 3.726494881101416468e+02 3.329732467453147251e+02 3.196879576585482141e+02 3.335305567865266880e+02
3.016637905653432199e+02 3.451683826259744023e+02 3.915891816473281324e+02 3.734565916524047680e+02 3.007654370479412478e+02 3.755123802574470346e+02 2.527755318654537291e+02 3.401735275485111742e+02
3.000438839869098615e+02 3.340893735106241138e+02 3.793021918610517673e+02 3.765317577777908582e+02 3.133531218582739939e+02 3.721851211269494115e+02 2.568584180833168489e+02 3.452485032277231767e+02
3.678031384007563815e+02 2.794933631873657305e+02 3.725351594959620911e+02 3.466482801254741162e+02 3.318714278315040929e+02 3.872580705685297744e+02 2.073857109204705580e+02 3.490211524165840160e+02
4.243464685839302319e+02 2.581871793162882227e+02 3.267488116605747450e+02 3.724797543930804409e+02 3.898281617381894080e+02 3.216937046200906707e+02 3.248518807076401913e+02 3.383057510264512189e+02
2.991569284540778995e+02 3.460655122226928597e+02 3.841428885214285742e+02 3.939200304202917664e+02 2.470257915144191543e+02 3.380499480840250044e+02 2.931549002252564264e+02 3.528925920591294130e+02
4.994517310553923153e+02 1.561767686109468229e+02 3.776324196516890765e+02 3.579816699038993306e+02 3.551737351316373861e+02 3.580903460875603628e+02 3.003569242137479591e+02 3.547495061416404383e+02
3.915300086768021401e+02 2.453904587564655344e+02 3.410485911454099437e+02 3.875176283730190789e+02 3.248207741717526460e+02 3.160196771535235598e+02 3.176062865364129948e+02 3.226323763436346894e+02
3.600717542152796682e+02 3.098122610769746643e+02 3.703557784036814837e+02 3.504838484481426804e+02 2.758125797920813511e+02 3.639470979182600558e+02 2.577725383559956072e+02 3.295838367123570833e+02
4.315065798519074747e+02 2.655866328918747854e+02 3.948544209422582867e+02 3.400119023023974023e+02 3.763545771672683600e+02 3.995044750066323331e+02 2.113183432520361862e+02 4.020178900120002368e+02
4.726112363588939047e+02 2.403661447162876641e+02 3.876808251518641555e+02 3.698521803560357739e+02 3.891711041757038174e+02 3.487025129412830893e+02 3.534467983240373314e+02 3.492333058580115335e+02
4.223002986315697740e+02 2.225349902207421735e+02 3.530693556559612603e+02 3.826500703316722252e+02 3.052820651821459705e+02 3.852223351862749610e+02 2.683844485115764655e+02 3.673638994660474850e+02
3.466684663274425588e+02 2.980348821363854199e+02 3.541908255773050769e+02 3.885395994702263920e+02 2.984335644987502860e+02 3.788838943533461929e+02 2.919985552134651243e+02 3.862567533785969545e+02
3.785094134790814451e+02 2.485719712424894396e+02 3.531868117998548655e+02 3.850260086072181593e+02 3.447910003135234547e+02 3.587961929139789277e+02 2.540590553980818811e+02 3.530139268570489435e+02
3.589678477621204706e+02 3.101921706389638871e+02 3.712440687426719137e+02 3.930336149082299357e+02 2.495365463330749094e+02 3.440818153875445091e+02 3.350395717669742908e+02 3.560579560592486246e+02
4.315695591846665025e+02 2.461775146196447679e+02 3.939191358881945462e+02 3.546465558011036023e+02 3.967331635649904911e+02 3.479310014468093186e+02 1.584612279863615356e+02 3.493784047379291451e+02
3.925517667558623316e+02 2.615023198205457220e+02 3.581657290759989110e+02 3.941413926333817699e+02 2.675508782302152895e+02 3.302879765478168110e+02 3.416953988111491753e+02 3.612668363404968090e+02
4.086549282398610217e+02 2.372106165814520580e+02 3.481536517310910881e+02 3.633905955378951944e+02 3.569116521561262516e+02 3.319971087768695952e+02 2.841906913790381282e+02 3.386913727091296664e+02
4.329154060225430385e+02 3.819566487477348460e+02 0.000000000000000000e+00 3.877800074424825993e+02 3.819954990593082016e+02 3.724038782526058640e+02 4.149283772334122773e+02 3.722639828677418450e+02
