4.597556919719963844e+02 1.508906756982985371e+02 3.576355241466471284e+02 3.304005751243722671e+02 3.132160869260400204e+02 2.929822346367312775e+02 2.813292163407215298e+02 3.562769900477516103e+02
0.000000000000000000e+00 5.104486503698474849e+02 4.213778192872343311e+02 3.778200470218375813e+02 3.690631604861693518e+02 3.475167100422414705e+02 3.597937869622680864e+02 4.094037035221741689e+02
8.894718757446496227e+01 5.190847009694424514e+02 4.458003108503725684e+02 4.037396078917607838e+02 3.593865194075373779e+02 3.485190995411466588e+02 3.667073313349714567e+02 4.347707278300048301e+02
2.411568276687510490e+02 4.214763039699183196e+02 4.297047429011377062e+02 3.590361038346607643e+02 2.839388616546584672e+02 3.372857699278219457e+02 3.952410029558504334e+02 3.598653283037347705e+02
2.167883093987757377e+02 4.408049573490156945e+02 3.977909615255057361e+02 2.697459505106496636e+02 3.878290161739378732e+02 3.471735405952363749e+02 3.243336514034240281e+02 4.227566172670078117e+02
3.573219246322875051e+02 3.707096784123193629e+02 3.686226031097770033e+02 2.598501187218561768e+02 3.878840676166515209e+02 3.995216732364343102e+02 3.329469804080064250e+02 3.542992580637452420e+02
1.437513328687568901e+02 4.629140186469295486e+02 3.959075380239665378e+02 2.904329700459337005e+02 3.666715524630994310e+02 3.214807160983950212e+02 3.210951518534487263e+02 4.147900485473192020e+02
1.229301114811629674e+02 5.052588069721167585e+02 4.471037787128332752e+02 3.970655709752242615e+02 3.535761213751635523e+02 3.544528378924548520e+02 3.697857274047374858e+02 4.396496865596240582e+02
4.253591236602396748e+02 2.068619340025593942e+02 3.638996632237661970e+02 3.535254073939179875e+02 3.215507775995602628e+02 2.795377550030527232e+02 2.695252246514563694e+02 3.597969383846868823e+02
1.536108885178531978e+02 4.822083823251633703e+02 3.921230616127132862e+02 3.419771480381885453e+02 3.636157124433777312e+02 3.349073129590643134e+02 3.284604636049942314e+02 4.125699264259383199e+02
2.224608292693282010e+02 4.130145353831878765e+02 3.804983351481527052e+02 2.503353614587049947e+02 3.443410944639186368e+02 2.775050383175425281e+02 2.905707007858877660e+02 4.177609329733587060e+02
3.121088957748511916e+02 3.673270170099447114e+02 3.530223583342901748e+02 2.314477968078619199e+02 3.366542321756492129e+02 3.424970739251746750e+02 2.377218778314881433e+02 3.956697307399031160e+02
1.868207840088916498e+02 4.209291497039461092e+02 3.773983004375800760e+02 3.074318653815510629e+02 3.048610242979407303e+02 3.624177549748633851e+02 2.763012170992551546e+02 3.712061949528743412e+02
1.405071202870821878e+02 5.151558218272951990e+02 4.540825516681011322e+02 4.141426990702183843e+02 3.552144179664151125e+02 3.627532260212284427e+02 3.891070073416152582e+02 4.308333952396705513e+02
9.672422352823775782e+01 5.065570782673904660e+02 4.239189977194679386e+02 3.690784625095764113e+02 3.539414516795876011e+02 3.325296707555295939e+02 3.484522756900180980e+02 4.191589074626332945e+02
1.451317425316494507e+02 4.709191328158709098e+02 4.056394224502139423e+02 3.141795889642456245e+02 3.577693068788499318e+02 3.100536817642985739e+02 3.260628985948139871e+02 4.180825838867045263e+02
1.400469489599791189e+02 4.758805275308273508e+02 4.495691043246875438e+02 3.604399019558292139e+02 3.497955814938499657e+02 2.979046313884186929e+02 3.790914107690747983e+02 4.079934389538257165e+02
1.081469552314328837e+02 5.044377173179061060e+02 4.441207077425682996e+02 3.897764400161598815e+02 3.560150850359478341e+02 3.449608697794238878e+02 3.702968919494990132e+02 4.337489846200020338e+02
3.475167100422414705e+02 3.468980840154701468e+02 3.911750627879731610e+02 3.543081724912651111e+02 3.607291912948046502e+02 0.000000000000000000e+00 4.086669046024483691e+02 3.386765850949830678e+02
4.307676050519970659e+02 2.335480792646658870e+02 3.688973329496323004e+02 2.878275479877978000e+02 3.495858536353102863e+02 2.039686226064461891e+02 3.893271500632799871e+02 3.619431780443213142e+02
3.108024938012656548e+02 3.672637243443347188e+02 3.684415887004103070e+02 2.658799003434093038e+02 3.218830916114199567e+02 2.339443897209189345e+02 3.499385103414780929e+02 3.788911821048654929e+02
4.280853620610122903e+02 2.941865584463723735e+02 3.663369919670348622e+02 1.926418362576067125e+02 3.681353745426019941e+02 3.094948936369266335e+02 3.324582470176180777e+02 3.782863422501530408e+02
4.297716556668684120e+02 1.657512795417279108e+02 3.965229286282984162e+02 3.814665744223278807e+02 3.777584166015302003e+02 2.871626286797073249e+02 3.723162569125841515e+02 3.572872247019847123e+02
3.916443664663231061e+02 2.728736202643124784e+02 3.791423312810491097e+02 2.980224885541092590e+02 3.468228613090240628e+02 1.398442205786637658e+02 3.908039035107336190e+02 3.497883692747012105e+02
4.340156000098160121e+02 2.836418998917093859e+02 3.640976735972270717e+02 2.409920028364454083e+02 3.564400213775559791e+02 2.715908683042224538e+02 3.655235037888403440e+02 3.597725097870807645e+02
3.288964466648765779e+02 3.832413604556105611e+02 4.144651124837258180e+02 3.744573195999583390e+02 3.490762546290861792e+02 1.157030807712139477e+02 4.069347594603272000e+02 3.100455813854741223e+02
2.471303486888111820e+02 4.273713495508890219e+02 4.126311487341909583e+02 2.376413556145759287e+02 3.776338832607677318e+02 2.672252602911497092e+02 3.458744703722060194e+02 4.164545185478804115e+02
3.954930975061635081e+02 2.872924863853814372e+02 3.886636168644865847e+02 3.287450433936135141e+02 3.541044416239956263e+02 1.398601614206916395e+02 3.859848161939545435e+02 3.412184501753392851e+02
4.120428684680092033e+02 2.901085216567593648e+02 3.674855582646018775e+02 2.477851908855164709e+02 3.479132048701816871e+02 1.786284383732038634e+02 3.830001054538691960e+02 3.566456547659138892e+02
2.911120485384666949e+02 3.809105630538025480e+02 4.057749838021352389e+02 2.616267000184032554e+02 3.383252146381772718e+02 2.048693628991873652e+02 3.858659711774621996e+02 3.783102811786239386e+02
2.610549032737698667e+02 4.086274723649771659e+02 4.183388735661222313e+02 2.085385849588486451e+02 3.951144924075492213e+02 2.928530219856277199e+02 3.425299142941432819e+02 4.241476297646113949e+02
4.537567282446676700e+02 2.519642517270424378e+02 3.615826894010326100e+02 2.444447910167414761e+02 3.563210411048582955e+02 2.782170027344797631e+02 3.734850006027683094e+02 3.580309582181442920e+02
4.020413222301043561e+02 2.783611647010852721e+02 3.666902161553360315e+02 2.199971073997984092e+02 3.595593993121265157e+02 2.155274689249994253e+02 3.622509248833964079e+02 3.674991091889688164e+02
3.830571754906110868e+02 3.232611809526103457e+02 3.821958131053414718e+02 1.950414548794749692e+02 3.428722741535453338e+02 2.321259181886029239e+02 3.570860664959183168e+02 3.583172605236190975e+02
3.606676206393342454e+02 3.325168716990179405e+02 3.767876286615248773e+02 2.170842731553529745e+02 3.256351054695427365e+02 2.489339126441918779e+02 3.743188379952249534e+02 3.627029008203569447e+02
4.440486630649168660e+02 3.001877157783626444e+02 3.921258015370345902e+02 2.033024383477053334e+02 3.716885573644196938e+02 3.227410525577975022e+02 3.914701653810348603e+02 3.599496149683342878e+02
4.641054448015784146e+02 2.277589630467068389e+02 3.695041995967275170e+02 3.018927650809883971e+02 3.824145042832803369e+02 3.073683514649992503e+02 3.858410810456980471e+02 3.834658974800615852e+02
4.006616409044331704e+02 3.396921499318453357e+02 3.588024056474472445e+02 3.177787393475068143e+02 3.632350175317006347e+02 2.785337952603994154e+02 3.752878408601906131e+02 3.649480792541693290e+02
2.967426135629176542e+02 3.963884481717181529e+02 3.909979529658223214e+02 2.203699246376505982e+02 3.587004229571895166e+02 2.548024739790330671e+02 3.305915124500458546e+02 4.015384741530234010e+02
4.831428717873067171e+02 1.597510853455880806e+02 4.038140121133781690e+02 3.789307549256303105e+02 3.538712092437056072e+02 3.461202799850756833e+02 3.328450378463352877e+02 3.700347788252911414e+02
4.788585957601406449e+02 1.811883088813561926e+02 3.810985404272248616e+02 3.433884492361448224e+02 3.935628471535587209e+02 3.744967301048542936e+02 3.755232756179394755e+02 3.998207825270998228e+02
4.475303264862642436e+02 2.845203786844213596e+02 4.382900931420262509e+02 3.681592753106243663e+02 4.052400388939969389e+02 2.311311133724805131e+02 3.171359254566137906e+02 3.327848788015642185e+02
4.672274929172016869e+02 2.332180864438811057e+02 3.755820814844433357e+02 2.230407697342285189e+02 3.575449914259738193e+02 3.155150648675102616e+02 3.385329195148777899e+02 3.611444244547990365e+02
3.935917303777448524e+02 2.776422735298177145e+02 3.618883102006890908e+02 2.374424843936151319e+02 3.309294111195698633e+02 1.961386708693788137e+02 3.622152336135230826e+02 3.636251163170670679e+02
2.752359976298853894e+02 4.075889567444828572e+02 4.098152006423638909e+02 2.340450019401805264e+02 3.639003077612776451e+02 2.475599635778725940e+02 3.515656699034952339e+02 4.038116301766295919e+02
3.002732642744228997e+02 4.072672939764399871e+02 4.298739710967424230e+02 4.131657088923960259e+02 3.388739713701236838e+02 1.770823253797404107e+02 4.253596186879516381e+02 3.441442635740759215e+02
4.557863154374786063e+02 2.083402683900224588e+02 3.777307234326608523e+02 3.180312255742942398e+02 3.530393887758459641e+02 2.778540030483061400e+02 3.897777899113951321e+02 3.931181315240609706e+02
5.046941971726111547e+02 9.377600969350000071e+01 3.863726700432422945e+02 3.704415837007504138e+02 3.643627087760195309e+02 3.623091481012921804e+02 3.613427766086987276e+02 3.303476253307370030e+02
4.267190468044251475e+02 2.767213402205499051e+02 3.655376709380461193e+02 2.568784373918453525e+02 3.538787864646237153e+02 1.979309674073808196e+02 3.926198563420958862e+02 3.587361273568809565e+02
3.589189074106000135e+02 3.029574626027950330e+02 4.045450527632954163e+02 4.262754148584933773e+02 3.833727918394104108e+02 1.917742851114610119e+02 3.734655448741339114e+02 3.052271166413831907e+02
3.871948422806175358e+02 3.131461091033098683e+02 3.762310823680048202e+02 2.113383960623317535e+02 3.369336676917457112e+02 2.181601984693082272e+02 3.594035630051834573e+02 3.590781885000006923e+02
4.127490691847477251e+02 2.913267932437427135e+02 3.608690271404644250e+02 3.674599939675491100e+02 3.626922903834948784e+02 2.771220826419137211e+02 3.511684397706166010e+02 3.363604895858654800e+02
4.038673574021522654e+02 2.613630079448624315e+02 3.640105288327708877e+02 2.715805118863567600e+02 3.598263746272610319e+02 2.014428143004069511e+02 3.628383236379278287e+02 3.608517060321431131e+02
4.476675007701692834e+02 2.896665510909198815e+02 3.542632848153338045e+02 4.344088894252802788e+02 3.493604038643014746e+02 3.779541253113044945e+02 3.639040898628454670e+02 4.030100366850830369e+02
4.494166264569333293e+02 2.590396216896296551e+02 4.022281312032107508e+02 3.727962593550146266e+02 3.691608770821858343e+02 1.895686359335326472e+02 3.504785758471842882e+02 3.334411064930287694e+02
4.681084831494605965e+02 2.366999450201948889e+02 3.402831365522977762e+02 2.640569869779529881e+02 3.393069136062858320e+02 2.268038423152831058e+02 3.626743157815790823e+02 3.523368208313643208e+02
4.106112892688481679e+02 2.337885920236922175e+02 3.502070924247350945e+02 2.984394455911202613e+02 3.501704195922717986e+02 2.488352051846734128e+02 3.514822756151550038e+02 3.950314890086987702e+02
3.111378616352070594e+02 4.033717249013428159e+02 3.428349667476472860e+02 4.247864656593137056e+02 3.872600400663255300e+02 3.550875683452279077e+02 3.381342861060605287e+02 4.201501417966491658e+02
2.608532572704928043e+02 3.735723484734433555e+02 3.748792728607440949e+02 2.724476457563594636e+02 3.363233976059353836e+02 3.632142341147666116e+02 2.416439831168944465e+02 3.866370022740779291e+02
1.007490581586162932e+02 4.913189635708588980e+02 4.140938201464332451e+02 3.669806077589396409e+02 3.359790143268825204e+02 3.298660587349527304e+02 3.444001561942930607e+02 4.207895824805507345e+02
2.555934649502589195e+02 4.134714319978100434e+02 3.753841412353689861e+02 2.570124614541772985e+02 3.702150964132120521e+02 3.392321946081187320e+02 3.105907626764369525e+02 3.916685074772495909e+02
4.094037035221741689e+02 3.231884350193791420e+02 3.877800074424825993e+02 4.020690855970662483e+02 3.176728220896883954e+02 3.386765850949830678e+02 3.840654656983265909e+02 0.000000000000000000e+00
9.977997390599171013e+01 5.181162076335630218e+02 4.530271100561454318e+02 4.104607860032179474e+02 3.538806944874245914e+02 3.604650983995902607e+02 3.762485403754647564e+02 4.379094517064770002e+02
9.191348417048162389e+01 5.070213883659321823e+02 4.375549789295154142e+02 3.700863924736806325e+02 3.666328033210431840e+02 3.210220374776118319e+02 3.595673628883972128e+02 4.251737898007559124e+02
4.629050074484403012e+02 1.538620264739755328e+02 3.724021332623333933e+02 3.264026856463497097e+02 3.075498215631275798e+02 2.887558609434361188e+02 3.110469251416388943e+02 3.546953995176148737e+02
9.793841176231322265e+01 4.981858786418919749e+02 4.207071298110088264e+02 3.719198905212743966e+02 3.387671829587756065e+02 3.139274853062522084e+02 3.454700731249942010e+02 4.221695285036579435e+02
2.987104676773332699e+02 3.940457241919614830e+02 3.528810294819146520e+02 2.663408016423883282e+02 3.776537859719824723e+02 3.664302028575727377e+02 2.598453462841178521e+02 4.286981484478186530e+02
1.292483733108173283e+02 5.051287937988632279e+02 4.545570477839970636e+02 4.063632088480234188e+02 3.491249433988765531e+02 3.278749227383498237e+02 3.841688487542463122e+02 4.303030363321366281e+02
2.414143363988344504e+02 4.070614878970553150e+02 3.843994767403525543e+02 3.129139356161385308e+02 2.829648401389264336e+02 2.952929868516417287e+02 3.119963223525001013e+02 3.780128503264948563e+02
2.329210141069653162e+02 4.107015829708092838e+02 3.794064727132920325e+02 3.294045474193495693e+02 2.859591355874003966e+02 3.258745456904773050e+02 2.792342786584848682e+02 3.919539299965402961e+02
1.621622813204062084e+02 4.410169118700936224e+02 3.782336959159377443e+02 3.154765550315124187e+02 3.138516627371550953e+02 3.263225000317191871e+02 2.804669897797538169e+02 4.144944924555633179e+02
9.446313811622009382e+01 5.051546415924331654e+02 4.504022289826262977e+02 3.975078760305006540e+02 3.578966478806047462e+02 3.604267374075086536e+02 3.797876905152550080e+02 4.218279113370597884e+02
1.848689862499391268e+02 5.004698869331832043e+02 4.497513887400207295e+02 4.386409039158937162e+02 3.245782687597708787e+02 3.580513715480349219e+02 3.907755173659561478e+02 4.504412318433857081e+02
1.877014503422715563e+02 4.337799005939682502e+02 3.647900470076134525e+02 2.902355905198214145e+02 3.339943933744174274e+02 3.390925194231197679e+02 2.797003569959088054e+02 4.049863162109135146e+02
3.690631604861693518e+02 3.514072965797269035e+02 3.722639828677418450e+02 4.027971692780021726e+02 0.000000000000000000e+00 3.607291912948046502e+02 3.245854629225327130e+02 3.176728220896883954e+02
8.407339131300975055e+01 5.109228197041570070e+02 4.393742075861884473e+02 3.873540849362483982e+02 3.547883119569257815e+02 3.292221211070186655e+02 3.595937273758218566e+02 4.271481421703709884e+02
2.003531976729062762e+02 4.352794437775291385e+02 3.889793448144981198e+02 2.918602748283198025e+02 3.752818893602911885e+02 3.328181144247410543e+02 3.219882369137491764e+02 4.093396087369463885e+02
1.055153659162772044e+02 5.030003969595793478e+02 4.170748918605120252e+02 3.609016528976927702e+02 3.577976039419745575e+02 3.249635436293230555e+02 3.486230880804633330e+02 4.129769257452790612e+02
2.380734428586150955e+02 4.078612591499327209e+02 3.745534986516872209e+02 2.677347909831509014e+02 3.585113142676021312e+02 3.442543726911027875e+02 2.885369129885833104e+02 4.026580580283500126e+02
1.074552694694714035e+02 5.095908537236158509e+02 4.539849873099718138e+02 4.069497028882332756e+02 3.513312246637820522e+02 3.609034121554875014e+02 3.762459459681246585e+02 4.402054765375059446e+02
9.108349049409774523e+01 5.088762695542431516e+02 4.362215641174707912e+02 3.754118647011969756e+02 3.591826045906998388e+02 3.440347965824233256e+02 3.585562695195251308e+02 4.396632152256490258e+02
1.054799381634277609e+02 5.011255566116399223e+02 4.160151430882842192e+02 3.575809481555441494e+02 3.534755983568932152e+02 3.203640156303947037e+02 3.415710366097214319e+02 4.217220268222739605e+02
4.022146831411018297e+02 2.340750006842051505e+02 4.352050658162157788e+02 3.883322112929694754e+02 3.361286520836318914e+02 3.646627782704857168e+02 3.245439664739014916e+02 3.772760489127222741e+02
2.703067499750393381e+02 3.914464857340877302e+02 3.733283238146233316e+02 2.652335378628871467e+02 3.826881985101693431e+02 3.532221890825852029e+02 2.998040012609232008e+02 4.120423776457834038e+02
1.020557759939580507e+02 4.972014245381434421e+02 4.144983586248901588e+02 3.405202916790294125e+02 3.644631239094197213e+02 3.165733360956023148e+02 3.464092040487202553e+02 4.154331718598705265e+02
1.667733645427035754e+02 4.728370212938702934e+02 4.110401560252760191e+02 3.106087193863533571e+02 3.854515581672246753e+02 3.255556944476786043e+02 3.510158789314571095e+02 3.913179741869572581e+02
1.849047144464129815e+02 4.515289032519800116e+02 4.045862984147782981e+02 2.977648680054995793e+02 3.791629217640056595e+02 3.273178259899255522e+02 3.369418438791011567e+02 4.067543717729967057e+02
1.196227809627913672e+02 4.894845432127542040e+02 4.159461301556807484e+02 3.464184977368963132e+02 3.396884953517425174e+02 2.986474245969533854e+02 3.412046734787870150e+02 4.151769996095530360e+02
1.401753697750561116e+02 4.746605711472330995e+02 4.105772452303905879e+02 3.349607806207205840e+02 3.680869956026810996e+02 3.163441418547041053e+02 3.400463113756201778e+02 4.214933646652431776e+02
3.249145981003879342e+02 3.708514087420135752e+02 3.730487935028971265e+02 2.417930574687570981e+02 3.917460920531981969e+02 3.565045274781185185e+02 2.998238678056091544e+02 3.805218284333168413e+02
2.926423643944488049e+02 3.896629827772716794e+02 3.624576482955934580e+02 2.502986598834301333e+02 3.763653559241666926e+02 3.622019058790859276e+02 2.756349066255362459e+02 4.046018113929451943e+02
1.228265055258388685e+02 4.808003040292381911e+02 4.071076891638866186e+02 3.102012111431923245e+02 3.649698016556672542e+02 3.051179174682540634e+02 3.361155215966364835e+02 4.094572810696757301e+02
9.679343439590807918e+01 5.101217831420821085e+02 4.352628550766738158e+02 3.771196891719654332e+02 3.587068102187158161e+02 3.337530422140052906e+02 3.557288885961538654e+02 4.300245253736118229e+02
1.774887994526263810e+02 4.621011736831733288e+02 3.944829984332309323e+02 3.098783568579619896e+02 3.764085661416041262e+02 3.303992592761209721e+02 3.400836565605093824e+02 3.925113894991686720e+02
1.082951870846639792e+02 5.045727175943441694e+02 4.418883542609497681e+02 3.998312065705430314e+02 3.330464637592399413e+02 3.284057105434634423e+02 3.764145050219608493e+02 4.286984268687007784e+02
4.332190504983227584e+02 2.533622467449396822e+02 4.515268462962250737e+02 4.643933169206069920e+02 3.771153520193310555e+02 2.946761303733451882e+02 2.893166731386240258e+02 3.670682838705026256e+02
2.897178439147287463e+02 3.712412011280039223e+02 3.948086348469200857e+02 3.486036211985656337e+02 3.161500084406691826e+02 1.422937510060029069e+02 3.665404871296251486e+02 3.509818915237433430e+02
1.404186775853855806e+02 4.768723032491320168e+02 4.150840082109195350e+02 3.283584564481538450e+02 3.705427154146150315e+02 3.141224614416133250e+02 3.419460143492281077e+02 4.134033212583815953e+02
1.141509103082946552e+02 5.092860400354767876e+02 4.465218335272786589e+02 4.096357630989513154e+02 3.400310479191275022e+02 3.208801980826962676e+02 3.681987707033122774e+02 4.343708142882242100e+02
2.488022106032519503e+02 4.369546686647108231e+02 4.351320368250874822e+02 4.104801366097136679e+02 2.993476767535150316e+02 2.305661081619843173e+02 3.973314379882530716e+02 3.841756246282380403e+02
4.384225065718151200e+02 2.169740711172148906e+02 4.357246867048124841e+02 4.288797360171232071e+02 3.688092349852095140e+02 3.323434357505307162e+02 2.964513677956036304e+02 3.579504538092097619e+02
9.973480204454864406e+01 5.092521479997569145e+02 4.293881951662334586e+02 3.725082286174681485e+02 3.603937619662534075e+02 3.158383823839328102e+02 3.510586220293922111e+02 4.243438236852622936e+02
1.759341206853945039e+02 4.767008195055539090e+02 4.517902777884889360e+02 4.216447841316818881e+02 3.198063309386155311e+02 3.389803641947414121e+02 4.091069614040076772e+02 4.296532456959426440e+02
3.723585929401259591e+02 3.674432644267700994e+02 3.819954990593082016e+02 2.264433044180363197e+02 4.226927375242466951e+02 3.985165361803431665e+02 3.421251673454678439e+02 3.957597319340191575e+02
4.735966167275218481e+02 1.925133360062652343e+02 4.336027819459267789e+02 4.560206091637220425e+02 3.817190940317334480e+02 3.401987847301143688e+02 2.944188652572526053e+02 3.725022061131449505e+02
2.908163810972628767e+02 3.867959067449510826e+02 3.827661209613817732e+02 2.256082182950333674e+02 4.023827916722844407e+02 3.518464002156052288e+02 3.129414606677847246e+02 4.225607741210648101e+02
1.463690629662854406e+02 4.755276492523140064e+02 3.999358975321230218e+02 3.162629321747853623e+02 3.636147563834182961e+02 3.162497473030802553e+02 3.277822276661632941e+02 4.101554581346722443e+02
2.099411678773754772e+02 4.901199827947360745e+02 4.660591770020661215e+02 4.500122159042451813e+02 3.445220383140326703e+02 3.427856730761697577e+02 3.944454081729559789e+02 4.450755105180129476e+02
1.467387085884630551e+02 4.729965689578459092e+02 3.932113529498934668e+02 3.028217250324322549e+02 3.694960645130373678e+02 3.130684599498993634e+02 3.329020387512861134e+02 3.971083998141717757e+02
1.623834061019883279e+02 4.621891353553776867e+02 4.055390673820367056e+02 3.249529422587965541e+02 3.760714461783321099e+02 3.271011592473648193e+02 3.395621769391479461e+02 4.061284570542617871e+02
2.026161807005388198e+02 4.134196310756224193e+02 3.703996955141220155e+02 2.614479156804183617e+02 3.285896934623063999e+02 3.166930366968733779e+02 2.588648647461554901e+02 4.005917616906605190e+02
3.094073470918239650e+02 3.774507748423203566e+02 3.642624701442057358e+02 2.434338472081767293e+02 3.743853842323933350e+02 3.444971494216494534e+02 2.799311711160498248e+02 3.796333373611925026e+02
1.756678250795402505e+02 4.892810373390831273e+02 4.606904900416228088e+02 4.572366696024686235e+02 3.279381337187126064e+02 3.371054468224598963e+02 3.879500095642735005e+02 4.433152232315329115e+02
1.690183805941963726e+02 5.046596007549566707e+02 4.535198541642161558e+02 4.433169649011283582e+02 3.461790706022170525e+02 3.650615960532100530e+02 3.891814892952662603e+02 4.437132108916661650e+02
1.253275566513675159e+02 5.100163633600152480e+02 4.550514423454848156e+02 4.155612359131592939e+02 3.481650289580902609e+02 3.413541282050041445e+02 3.843183666745225651e+02 4.402501546000693793e+02
9.522030803225990780e+01 4.859121979165794869e+02 4.331461863640402612e+02 3.398114237929269734e+02 3.675863734345964531e+02 3.170591559925104548e+02 3.709650498670632146e+02 4.026977181930797656e+02
9.764479390457903207e+01 5.107007698174743950e+02 4.443412787967025679e+02 3.924187364006761527e+02 3.555955205935055687e+02 3.276841547335398559e+02 3.653307682158570628e+02 4.319941014129178143e+02
2.772104068076400836e+02 3.796741758019207964e+02 3.764038815602716568e+02 2.551613348809353852e+02 3.646765768956867078e+02 3.661434163227037857e+02 2.614901399102665778e+02 4.047300254123516652e+02
2.717531579450549089e+02 3.928354240237188719e+02 3.706982747606165844e+02 2.713237837482703867e+02 3.621023692166992305e+02 3.498252096843494314e+02 2.894865503248926188e+02 3.972569850096705295e+02
8.126003954085375369e+01 5.151588677929221376e+02 4.494489551097396429e+02 4.068576068185990380e+02 3.603555419753508318e+02 3.529611777926915579e+02 3.731468548065066670e+02 4.234762592026523293e+02
1.093689528284717483e+02 4.971469681208416773e+02 4.199555603066225444e+02 3.629999268526615879e+02 3.498733765342344100e+02 3.555168359473737496e+02 3.555660122018343259e+02 3.993215728413368311e+02
2.544365907426194724e+02 4.135465614159633105e+02 3.542654050670614652e+02 2.942438443211370327e+02 3.535501317682953299e+02 3.652870082212393186e+02 2.705115353681828765e+02 3.860872038185343058e+02
1.009181949045775042e+02 4.993728603442625626e+02 4.306954553406741297e+02 3.756880211507617560e+02 3.438944632632528169e+02 3.037418724046335115e+02 3.551244378520345890e+02 4.252330948674449473e+02
2.471412961772166170e+02 4.672395016157310579e+02 3.756164822348603138e+02 3.504822614243950625e+02 3.179885863410356137e+02 3.651196925197124870e+02 3.444415976029409876e+02 3.534813022664026221e+02
3.597937869622680864e+02 3.384527858293411100e+02 3.724038782526058640e+02 3.355324084775120923e+02 3.245854629225327130e+02 4.086669046024483691e+02 0.000000000000000000e+00 3.840654656983265909e+02
2.617838173912808770e+02 3.886845929965234632e+02 3.732668986293238618e+02 2.218642285491613677e+02 3.709731948261269281e+02 3.048897825482611097e+02 2.745331912186319983e+02 4.321992950491942906e+02
3.010545378147293718e+02 3.848977493036757096e+02 3.878303863312995645e+02 2.456713344617577945e+02 4.039663625445173807e+02 3.568633439771858207e+02 3.441023127272430884e+02 3.869235788956887063e+02
9.445095280838751250e+01 4.891534983004406740e+02 4.298585744234482036e+02 3.552660223640102117e+02 3.695091283592312266e+02 3.298196700944041027e+02 3.607549532348056118e+02 4.191828194273507506e+02
1.763974288053451573e+02 4.531937822000815004e+02 3.829850384519256181e+02 3.072406854105954039e+02 3.638894848439002772e+02 3.270289382393063420e+02 3.142336319035677548e+02 4.062651055951070589e+02
1.248805347026636525e+02 5.120720700993819037e+02 4.446620317727389420e+02 4.083287295494364457e+02 3.413365455654667358e+02 3.459615779760692931e+02 3.648971255833369014e+02 4.484367877468565098e+02
1.620452089360823607e+02 4.397369504497012258e+02 3.808682198287032179e+02 3.293762032172346039e+02 3.053630425408908877e+02 2.943169791021188644e+02 3.052671948236668413e+02 4.011210817898693222e+02
2.885213247332848141e+02 4.661334327946100871e+02 4.382037844165054139e+02 4.374776814843069701e+02 3.350878679093913775e+02 3.101296739491926928e+02 4.304545882799949936e+02 3.973878949743491376e+02
1.896557635766125145e+02 4.555951282986026740e+02 3.863581505663977964e+02 3.061657190568553801e+02 3.391269386103385273e+02 3.634015897213821518e+02 2.996184275498199554e+02 4.025815615685542639e+02
1.055731936484718858e+02 5.048430586570640344e+02 4.329154060225430385e+02 3.689233199342900775e+02 3.579434752321798214e+02 3.143230058921276395e+02 3.553807718653852703e+02 4.346455411714889010e+02
3.987927461062482166e+02 2.572071476481572745e+02 4.325439484323559896e+02 4.034325699167657149e+02 3.318113699110039647e+02 3.300827873461604440e+02 3.385761243352254155e+02 3.762327490955618146e+02
1.061694719580791002e+02 4.939481648095512583e+02 4.149496611530207133e+02 3.558431114961126696e+02 3.533847546483890483e+02 3.262611959659467402e+02 3.315562159171017242e+02 4.207590441633442424e+02
3.139124337976951438e+02 3.865447980511842161e+02 3.627282706583724803e+02 2.582836419156710122e+02 3.937700257633600245e+02 3.649715208149632986e+02 3.206676519336888305e+02 3.697221374882998361e+02
3.150297260996514979e+02 3.825795316498592911e+02 3.635843899354044311e+02 2.452421289342240414e+02 3.803490857379676413e+02 3.705918244569748481e+02 2.925519517280808373e+02 3.938646949251215119e+02
2.154822327680325316e+02 4.348196581790210189e+02 3.903838698674067018e+02 2.820965003785188969e+02 3.775924290692386194e+02 3.328260715437426711e+02 3.314986297445246919e+02 3.950985481999666149e+02
3.012214610089883990e+02 3.699410178717045028e+02 3.667906656881933145e+02 2.871904076755723736e+02 3.704924093143608275e+02 3.530595200424291420e+02 2.428390143237440384e+02 3.804192514079124408e+02
1.229763028999224161e+02 4.773031206304742682e+02 3.999230269346109026e+02 3.408783533945837121e+02 3.375009459317004143e+02 3.133713361116883220e+02 3.239704206466078631e+02 4.182200847846638112e+02
2.868380602729403108e+02 3.905676215288998492e+02 3.582124942388642808e+02 2.793095669072907867e+02 3.658604058316452665e+02 3.649797192719420877e+02 2.657854255130749834e+02 4.036972617286290870e+02
2.230852429997881075e+02 4.252184624380608966e+02 3.869470249392354617e+02 2.771765155550755821e+02 3.749361398980261697e+02 3.343831120874603471e+02 3.240329942909185093e+02 3.975399525065826083e+02
1.727897565401743805e+02 4.739317695019751113e+02 4.202065459088810826e+02 3.877144182778827712e+02 3.209153899618831360e+02 2.721811271076480807e+02 3.564253122600908341e+02 4.193073891383476735e+02
3.164631136419862401e+02 3.050121748674440028e+02 3.613816891199188603e+02 3.399967716417184533e+02 2.453519997439844644e+02 2.251048391079954172e+02 2.721936161881051248e+02 3.406188960356013240e+02
1.615872575309882109e+02 4.789666557793609627e+02 4.016978628322407872e+02 3.048537559514399504e+02 3.798153346441313261e+02 3.220717644401872235e+02 3.478507574782145753e+02 3.938304353216887534e+02
1.470671595635941458e+02 4.832606926611887275e+02 4.098853809876092100e+02 3.078848949985409149e+02 3.687857797429570041e+02 3.115030713420555912e+02 3.533610443593626087e+02 3.886975725982823633e+02
4.454173313144619328e+02 2.327730685645380788e+02 3.711106854292761454e+02 3.216943485879596096e+02 3.559466797944265295e+02 2.049855962737057098e+02 3.812826696259560890e+02 3.648107576912558443e+02
3.051388406874308430e+02 3.806120923274202141e+02 3.986905731530574712e+02 2.617147449306525573e+02 3.320630743416328983e+02 1.883553635270098141e+02 3.710191864448696606e+02 3.612029802151552644e+02
3.850388066265330735e+02 2.649188211168310545e+02 3.315400491045538729e+02 2.631567013966302397e+02 3.633979798240493437e+02 2.672593067750881346e+02 3.673669879628118906e+02 3.611012259805772828e+02
3.491552386091592552e+02 3.280768170366570189e+02 3.775215113093466357e+02 1.890686289279455821e+02 3.325146416853752385e+02 2.365766307407119484e+02 3.108865578971966102e+02 3.701521300717789131e+02
3.606043268894858898e+02 3.200927191238942555e+02 3.613396486874414677e+02 2.312526907707806174e+02 3.241729913966549930e+02 2.087807028253073440e+02 3.486320799065595679e+02 3.693890633928219245e+02
4.630271479575310423e+02 1.980628598363101673e+02 3.609003150118443273e+02 2.945025742822626853e+02 3.494072575864252030e+02 2.442685073224888868e+02 3.777876944086170852e+02 3.683070970180762060e+02
4.415486265185883781e+02 2.716396257585129774e+02 3.761371501044338856e+02 3.380531876564979825e+02 3.711339655794485566e+02 2.054265690388560870e+02 4.045678565171163541e+02 3.606449821919103442e+02
4.665669754777613889e+02 2.066272253987587249e+02 3.955548183709391878e+02 3.514876224378241432e+02 3.585171296601455992e+02 2.943669817326727980e+02 3.425886113988155444e+02 3.602776751756603630e+02
4.957985847539902124e+02 9.781557554037138402e+01 3.720468867071021464e+02 3.332621473089604365e+02 3.532184230896907025e+02 3.347689775854399841e+02 3.268760183257633685e+02 3.107188834570126232e+02
4.024444979758554837e+02 2.934618954329221765e+02 4.079257201431272506e+02 3.756058930623740935e+02 3.749439373337044685e+02 1.412868749112566888e+02 3.676930869116054623e+02 3.456745420807152414e+02
3.672592207500794643e+02 3.581015793337309674e+02 3.912133530032052704e+02 1.516087505871591929e+02 4.179286268257053507e+02 3.532043440610489711e+02 3.285724926776857160e+02 4.266898502043080725e+02
3.902901333516456361e+02 3.200486680733357616e+02 3.807722841426687523e+02 1.789926521193971212e+02 3.485068073037824661e+02 2.448698337016847404e+02 3.428101644150122524e+02 3.681310452728956761e+02
2.318245139078570105e+02 4.372774484594486353e+02 4.222290031216926991e+02 2.583347284476147365e+02 3.737584069432866727e+02 2.608400241790446898e+02 3.519262354809630438e+02 4.156434966985791561e+02
2.893806347014229345e+02 4.098885360878636561e+02 4.246906035804178714e+02 3.903512205859898359e+02 3.368996084633308215e+02 1.700055137824156191e+02 4.103193172397761828e+02 3.191022459529432922e+02
4.101226352265012451e+02 3.044569089141533027e+02 3.873487231533570139e+02 1.783302090566527625e+02 3.487404702135031584e+02 2.926866626122576918e+02 3.614501129150224870e+02 3.600011853396415518e+02
4.063538238472995658e+02 2.820480638988572650e+02 3.751962712105720925e+02 2.362486284229194951e+02 3.374431443164638154e+02 2.341037576555901296e+02 3.760818191477312098e+02 3.501485259954055209e+02
4.852328809333542949e+02 2.487746784880413031e+02 4.072124535098663500e+02 3.751511580047463781e+02 3.866299734881479253e+02 3.391012629792045345e+02 3.566443435270091413e+02 3.781868072139847072e+02
2.885049292416940148e+02 4.037596253102480546e+02 4.025531268093545236e+02 2.975581222113938225e+02 3.263928924698508922e+02 1.756219397263827204e+02 3.744503587464606653e+02 3.545716001004008717e+02
4.488980813364014466e+02 2.227732253650986252e+02 3.799768391501532392e+02 3.414365315335786022e+02 3.562896716501256833e+02 2.128429251296747395e+02 3.563250837347430888e+02 3.621324927430583784e+02
3.778200470218375813e+02 3.688732936939219940e+02 3.845274933939240327e+02 0.000000000000000000e+00 4.027971692780021726e+02 3.543081724912651111e+02 3.355324084775120923e+02 4.020690855970662483e+02
4.362351171167753137e+02 2.028039904990886839e+02 3.506246389148060416e+02 2.582074148741585304e+02 3.963540728030483251e+02 3.001756685027029903e+02 3.368208081846493656e+02 3.625251250322342003e+02
4.844019095038215141e+02 1.567345097149544699e+02 3.655949997243445750e+02 3.133147616560759161e+02 3.481739120142469801e+02 2.873479795307920313e+02 3.452482047085408681e+02 3.575835581123047291e+02
4.071893641168675231e+02 2.816308734811921113e+02 3.495914939899287788e+02 2.560302636181404523e+02 3.413187584013365949e+02 2.116558512751502406e+02 3.819806922424253344e+02 3.690613656597317913e+02
2.940671176349226812e+02 4.006840301912129121e+02 3.857948449490781968e+02 2.191410552079685772e+02 3.654007048524434254e+02 3.249298032938995107e+02 3.272282430726336884e+02 3.868507755262245382e+02
3.087320364652491094e+02 3.766156666891423583e+02 3.953966526723210677e+02 2.788150651374190261e+02 3.242132817845846375e+02 1.649777386958363081e+02 3.760582025755413724e+02 3.466964838682465029e+02
4.778040824171474128e+02 2.896706167031949803e+02 4.064340130337466235e+02 3.734733456768796600e+02 4.003267640379597765e+02 2.922963494833716140e+02 3.678768513467977073e+02 3.355572483952305447e+02
4.591541745366803298e+02 2.402686666040736441e+02 4.152046011928473490e+02 3.686782115733061573e+02 3.828176543020084637e+02 2.421778080887486340e+02 3.429269123037370832e+02 3.410436988369881988e+02
4.145998084234252019e+02 2.785565568902646305e+02 4.169522685245997309e+02 3.793007697136562797e+02 3.767055361768927924e+02 2.287572597737245701e+02 3.529812694328997509e+02 3.282038242201182356e+02
4.512556119441748024e+02 2.407809932476264123e+02 3.644090457796410760e+02 2.344765251110354427e+02 3.493284115256644782e+02 2.820939156711853570e+02 3.512434943148105617e+02 3.688309773226675929e+02
2.392469395375516115e+02 4.280448480916390963e+02 4.108966117200090480e+02 3.283118578909358121e+02 3.367574402580905257e+02 2.135838389386329084e+02 3.665292611110259600e+02 3.999117561864744061e+02
3.348641126176048033e+02 3.271228427497171083e+02 3.800070068197405249e+02 3.872078907851521876e+02 3.625648397965270533e+02 1.974117805643475663e+02 3.763377126141797362e+02 3.510977621259294210e+02
4.016216797636490696e+02 3.154892236477841720e+02 3.573770592828993244e+02 2.324705696525280416e+02 3.916484851803734841e+02 3.495442179066520794e+02 3.362921496679068127e+02 3.624528789038326977e+02
3.634770636314074750e+02 3.728677278974207070e+02 3.867883129535194939e+02 2.183969254920753258e+02 3.754894351407442628e+02 3.436506000654159720e+02 3.406922131963966081e+02 3.991623723089682017e+02
2.374118422841500262e+02 4.319199067801699812e+02 3.928551961984272225e+02 3.634020495090430245e+02 3.501348876197353661e+02 2.065142865340771436e+02 3.713340466473591164e+02 3.891025655101833536e+02
2.619666035790577894e+02 3.976417495045091641e+02 4.102097667445150364e+02 3.373860633908582827e+02 3.287147211136049236e+02 1.858336047574537417e+02 3.760748015618118529e+02 3.783383214022788934e+02
3.035414790061459485e+02 3.949580669467414964e+02 3.530981843518044343e+02 3.050131036964680220e+02 3.659240979241909031e+02 3.081662598213939646e+02 3.484879148408591618e+02 3.780493363694835693e+02
4.007948978119983963e+02 2.774936254994016167e+02 3.720949321729842723e+02 2.452481405955755918e+02 3.415306006915616308e+02 1.978760686093160075e+02 3.773322138505217822e+02 3.495311932119035987e+02
4.544136035631657364e+02 2.475101252276172943e+02 4.052169820877834354e+02 3.762050793118461343e+02 3.794415697932003582e+02 2.214783934021812399e+02 3.499151060077151669e+02 3.460109868980065926e+02
3.058342446916198014e+02 3.759326618486973075e+02 3.988372868615302878e+02 3.425749955977588570e+02 3.386562498781270278e+02 1.184324306038157602e+02 4.009086332727474655e+02 3.397717744782561908e+02
4.298554413534556602e+02 2.440142010883752448e+02 3.593015073531899475e+02 2.317831261092622697e+02 3.382517102112108205e+02 2.222592779117615578e+02 3.517562388771438577e+02 3.625500492068340463e+02
3.922032415963346352e+02 2.808624817990437350e+02 3.395481553268072048e+02 3.077060856509934297e+02 3.789751847651363619e+02 2.309898179357446963e+02 3.677291077484355242e+02 3.750965648230870784e+02
4.039605006670049079e+02 2.443293963121787158e+02 3.355973178839557249e+02 2.458734333360673929e+02 3.913954382863096839e+02 2.848303206741195481e+02 3.563914891352143854e+02 3.672696600481210680e+02
4.469225959040934413e+02 2.433421721696931854e+02 3.613573239272683395e+02 2.577181704911365046e+02 3.532330173247961511e+02 2.545257557481014032e+02 3.793989959640787220e+02 3.786890068297854555e+02
4.429686361721691128e+02 2.430936742867338580e+02 3.995601434493727879e+02 3.612357252809284773e+02 3.665146717908555161e+02 1.957230000898642572e+02 3.490915991642947915e+02 3.483110569299857957e+02
4.856886528444258033e+02 1.695298067780376527e+02 3.673002280300406142e+02 2.932858409314212054e+02 3.527806767963871266e+02 3.271960939147103318e+02 2.954908794954127984e+02 3.602590645505485440e+02
3.789790957918495451e+02 3.295180314568316362e+02 4.149283772334122773e+02 3.912417075534253286e+02 3.789582493754478492e+02 1.182937673827435248e+02 3.731483759435573120e+02 3.350643169573867226e+02
3.962891915950605153e+02 3.052429019384891262e+02 3.597851144750579806e+02 2.423388856542528629e+02 3.122218787696693880e+02 1.727695110378411414e+02 3.523821690891618914e+02 3.577466890377521622e+02
2.843859119172807368e+02 4.032319817603165006e+02 3.959570837138285242e+02 2.086598924789715852e+02 3.644704135364524973e+02 2.634975614316941233e+02 3.324248220211891862e+02 4.080613224312474472e+02
3.697997837606249050e+02 3.220113767975101950e+02 3.726343114317485856e+02 2.459365647021212453e+02 3.304988880519326813e+02 1.701191406622465081e+02 3.660815204108655507e+02 3.630276420519305134e+02
4.555345705812576966e+02 2.266552925851697182e+02 3.775277711484141037e+02 3.385288200403928158e+02 3.587987721713577116e+02 2.191195481673850054e+02 3.645574960323624509e+02 3.682338370081035919e+02
4.881582189189710448e+02 1.719358991291718439e+02 3.787909232341982033e+02 3.233090330027457640e+02 3.757543589443689029e+02 2.878651241242865240e+02 3.975013994760161040e+02 3.645231569041222315e+02
3.603815637878007010e+02 2.763508078710949007e+02 3.505472557240880747e+02 2.829398446162214213e+02 3.755120139535932253e+02 2.408590712330795043e+02 3.566390337457273176e+02 3.685152697542586679e+02
2.670617909284247276e+02 4.189373956415869884e+02 4.098285394437066316e+02 2.998178798039542698e+02 3.342452327084088211e+02 1.929757501192776772e+02 3.735825306658774707e+02 3.747734696776415149e+02
4.586207777199859947e+02 2.608991224299431906e+02 3.962963339596312835e+02 3.227834450764900112e+02 4.025765445501564841e+02 2.362058663298692807e+02 3.362889642326759940e+02 3.493668030826680138e+02
5.104486503698474849e+02 0.000000000000000000e+00 3.746722853719661543e+02 3.688732936939219940e+02 3.514072965797269035e+02 3.468980840154701468e+02 3.384527858293411100e+02 3.231884350193791420e+02
3.382444137351492941e+02 3.470574580836185987e+02 3.683556101563614220e+02 2.721853788409398476e+02 3.865072062792265228e+02 2.834560147445852749e+02 3.673190988887757271e+02 3.630400110836687304e+02
4.394121863852049614e+02 2.261153319138799418e+02 3.702011628264503429e+02 3.121618731637383348e+02 3.512004611048884044e+02 1.994920485092575291e+02 3.745477364900377779e+02 3.639602232518595315e+02
4.967700426547555139e+02 1.086702032461492422e+02 3.947046122288381298e+02 3.859129412725462203e+02 3.476893590526277080e+02 3.472659425899080929e+02 3.289422848285022951e+02 3.487635673397787741e+02
4.577203577348498129e+02 1.810780182623006169e+02 3.716634412295665015e+02 3.172297043649189732e+02 3.513684266920155892e+02 2.759223083047727414e+02 3.606817529147048731e+02 3.770121255548602335e+02
3.384558839406985271e+02 3.436370966000381486e+02 3.800641858931192587e+02 2.738994818097179973e+02 3.491956258909705753e+02 1.779772343762603555e+02 3.683843692776690091e+02 3.588433145576179299e+02
4.596148652914334320e+02 2.591916543700191937e+02 3.918296259840104767e+02 2.018913344476791281e+02 3.532398089489356039e+02 3.387088310679077381e+02 3.207141729402528085e+02 3.580236231922125398e+02
4.670863706899357908e+02 2.484790629041788179e+02 3.832663251302387266e+02 2.174695675060421820e+02 3.592473108372368529e+02 3.341854145037178228e+02 3.345931314855850474e+02 3.666617671209337459e+02
4.624873194008319501e+02 2.138746983726179280e+02 3.553405902643621630e+02 2.529840363125394731e+02 3.516421648345059339e+02 2.714317820180926901e+02 3.492112227855293440e+02 3.555450369554408780e+02
4.001584584799377353e+02 3.127636856453293603e+02 3.859226302948629836e+02 1.758193271576420784e+02 3.504042303492285555e+02 2.897742939636664232e+02 3.558531471608482093e+02 3.648956854036410391e+02
4.630512749849373222e+02 2.689054085364744537e+02 4.053193955642754531e+02 3.894115736295057673e+02 3.760402215308714062e+02 2.285512568011723715e+02 3.638006392559523192e+02 3.509373468697541512e+02
4.262994732843387737e+02 2.937930373932043722e+02 3.896252595952034312e+02 1.700351448970722004e+02 3.581868159190084953e+02 3.014108845606848490e+02 3.539118157774555016e+02 3.659418822827195186e+02
3.887996277016323461e+02 3.348417958492928506e+02 4.367704914190935597e+02 4.387942082344622463e+02 3.758904491384199673e+02 1.975006080782362403e+02 3.736236890787797051e+02 3.219371432180555530e+02
4.029863375248559691e+02 2.494485346949460336e+02 3.660083296788823759e+02 2.579800661079451061e+02 3.536735832683742160e+02 1.878492458398927170e+02 3.681903801057252394e+02 3.815258752497213663e+02
3.718405649301937501e+02 3.180795814399328947e+02 3.557309260812106686e+02 3.127634727031139050e+02 3.527130809159687601e+02 1.828391896602369115e+02 3.978586578415515191e+02 3.565514907789179233e+02
4.541292656346834633e+02 2.621267616550661046e+02 3.993787919750124047e+02 3.748232638682500806e+02 3.804052708925076445e+02 2.183358869130464655e+02 3.650315085923637071e+02 3.453894693743560538e+02
3.121267962611900657e+02 3.918554463208196239e+02 4.057052058656785789e+02 2.087847773514500602e+02 3.801504938255255865e+02 3.082806060937671191e+02 3.511122776553012841e+02 3.937610545604842969e+02
4.498778823468280166e+02 2.275639908155784781e+02 3.720067696141882152e+02 3.386764956238994273e+02 3.571851427617434069e+02 2.191261602993799045e+02 3.649240736242456933e+02 3.671486401024685051e+02
4.036016509641879679e+02 3.022361637946760879e+02 3.785907461909781091e+02 1.885674456653044331e+02 3.490052647188387596e+02 2.336770482642444904e+02 3.472475660161036330e+02 3.633569830769756095e+02
4.655179617514011170e+02 2.216019533288845764e+02 3.643761790889422514e+02 2.628596163260295953e+02 3.485220136070155945e+02 2.786804072800683230e+02 3.605251124530306583e+02 3.549672278250145609e+02
4.012611972499653916e+02 2.536649883482934342e+02 3.325840089349716777e+02 3.245364113537675621e+02 3.204427036096404890e+02 3.039600995148814491e+02 3.212051480581984038e+02 3.226660633056686720e+02
4.298466824086322049e+02 3.183932322157910448e+02 3.962535091638893050e+02 1.656806463035218826e+02 3.728516375506906684e+02 3.393538231185248151e+02 3.557352663649835449e+02 3.695998810044289939e+02
4.020673048975695565e+02 3.200256693846216081e+02 3.980986834919859803e+02 1.531197006422708000e+02 3.660247437026108059e+02 3.179946843916836769e+02 3.486804077706238445e+02 3.703682819438907359e+02
3.321480746074159924e+02 3.145129970192778046e+02 4.223992285933133530e+02 4.262481150110619978e+02 3.483209333684752096e+02 2.174609221882999464e+02 3.988130534062918287e+02 3.838895663783333134e+02
4.791612070226233868e+02 1.731918029672778232e+02 3.945804247297397751e+02 3.663697303511560790e+02 3.733897251307736269e+02 3.448318281503154594e+02 3.671113354807526434e+02 3.842811110802560961e+02
4.504940572285772760e+02 2.616361142530792563e+02 4.163423511503523855e+02 3.870037993953568503e+02 3.767455873142411065e+02 1.992990334646751478e+02 3.426060624527086702e+02 3.434877242937669735e+02
2.722004301121671688e+02 4.082956698913924924e+02 4.075514550361801867e+02 1.949719704410763086e+02 3.862273366461229784e+02 2.880952540571839791e+02 3.364128604649897056e+02 4.190190142741257660e+02
4.071414195604261295e+02 2.983007960561620280e+02 3.674745354324206232e+02 2.330163462288027745e+02 3.289252740063729448e+02 2.158347807801278293e+02 3.739742108145683801e+02 3.542299103459999401e+02
3.302833308027662724e+02 3.544647981214163224e+02 4.034825554961066700e+02 3.559221999226251683e+02 3.513260831427355129e+02 1.106462911655946186e+02 4.194612731880480965e+02 3.567588182052189154e+02
2.408874495209860243e+02 4.324121665280783304e+02 4.096222231187763327e+02 3.147340079923047824e+02 3.311305477214415305e+02 2.131564107821016592e+02 3.706827887752018569e+02 4.033129283444196744e+02
2.740537836529142055e+02 4.098407272894813786e+02 4.088150567001962941e+02 3.339991441068823974e+02 3.207519630817580492e+02 1.659333779128665469e+02 3.895027479460131872e+02 3.400023144864151732e+02
4.530797785468060965e+02 2.624639561958422291e+02 3.626986652513209037e+02 2.276659912023830259e+02 3.595320573431749267e+02 2.925249431544909839e+02 3.601477991730953931e+02 3.542443754312321857e+02
3.410839122299828432e+02 3.414457304752395999e+02 3.808202016608388476e+02 2.847486610951073089e+02 3.414977167765068771e+02 1.309337045790784089e+02 3.829154354671131273e+02 3.605243123615194349e+02
3.785167368637750087e+02 2.596744567174885105e+02 3.415688866497045524e+02 2.652446821147917149e+02 3.725520669423877962e+02 2.623553020348497284e+02 3.568611990549751454e+02 3.664240224997423638e+02
3.280411185733486263e+02 3.831835968202436788e+02 4.398521557944744131e+02 4.162960332532114194e+02 3.476360712083607609e+02 1.762299013593273855e+02 4.082998261290623532e+02 3.156142660690487105e+02
4.598179316388869324e+02 2.982723103106545750e+02 4.125654994472031376e+02 2.785009894903240024e+02 4.392103855016100624e+02 3.080465395414701106e+02 3.198478027150676439e+02 3.813260098998617309e+02
4.816818365802249104e+02 1.611321834513744307e+02 3.570743372487732472e+02 2.842031701650275295e+02 3.420355162425555591e+02 2.883410199821591959e+02 3.074990109362705084e+02 3.519052811663991065e+02
4.280162949600372144e+02 2.986191327078159929e+02 3.689939845798319880e+02 2.364412842643975239e+02 3.697860019171226327e+02 2.960435726342151384e+02 3.751800938483577283e+02 3.632201411222071101e+02
4.460059406733002447e+02 3.311481173842830685e+02 3.990573045527601153e+02 2.037292677028811738e+02 4.435686088923018815e+02 4.047512885686116419e+02 3.107398158812507631e+02 4.273589712291679348e+02
3.951835733752245687e+02 3.055714621829238808e+02 3.736129487910836247e+02 2.085188054356083853e+02 3.334395828995500324e+02 2.448904406467243859e+02 3.684065143725597409e+02 3.581551940594055736e+02
4.706446387364255770e+02 1.795799355551278893e+02 3.634668311354444086e+02 3.071858153756547267e+02 3.435571900000842902e+02 2.580609728018840769e+02 3.713595016496969379e+02 3.714459640878337723e+02
3.330248277116892837e+02 3.572338134856163947e+02 3.886124255466074828e+02 2.264740465341912454e+02 3.363874477267589782e+02 2.179169653294699174e+02 3.538628028316240375e+02 3.717545743046538291e+02
4.258458404881865818e+02 2.569209248370862610e+02 3.683647388945009880e+02 2.884288412607442069e+02 3.548283368947999179e+02 2.137405144153746619e+02 3.987476748462407272e+02 3.842531772449776213e+02
4.685506888825549368e+02 2.245146709138705319e+02 3.586787594799275212e+02 2.541537976026415322e+02 3.464824293508239634e+02 2.679923063558034073e+02 3.599508128660782518e+02 3.594256884798695637e+02
3.882058335106856362e+02 2.680432207303085761e+02 3.834069781487482942e+02 2.381906232278232380e+02 3.227527145491446845e+02 2.481978555889309916e+02 2.816378338149863794e+02 3.296301778779570100e+02
4.965631026805390889e+02 1.144620492112279067e+02 3.887687042235781973e+02 3.813338965216767065e+02 3.432845943759487000e+02 3.400022645372635566e+02 3.298172999881907117e+02 3.580862187485022332e+02
2.893465771963140583e+02 3.280611313723001103e+02 4.197812943018958549e+02 3.779915193286367412e+02 3.571069914441309265e+02 3.011164668815706591e+02 3.217690829568305162e+02 3.777424601922231773e+02
3.991300551294169736e+02 2.786652245423722434e+02 3.857114919310822074e+02 3.118973370940053655e+02 3.510745768418595958e+02 1.428162153111841519e+02 3.984355908875763248e+02 3.550067948226562748e+02
2.708360654263983633e+02 4.095979289711006572e+02 4.066337572176009303e+02 2.882460534977192879e+02 3.415828960384441757e+02 1.905105398030745221e+02 3.706081831440883434e+02 3.900466025713712384e+02
4.561228586652448485e+02 1.925018436585380357e+02 4.109485853786273424e+02 3.980741932816583244e+02 3.975908129899773940e+02 2.991610380782972243e+02 3.299282561350984793e+02 3.632331626728372953e+02
4.357505675962025293e+02 2.338323894385150368e+02 3.937575977567487939e+02 3.498536565321985563e+02 3.690092541495319551e+02 1.870881426949054571e+02 3.518938575688104606e+02 3.498391796877554611e+02
4.562794218162433708e+02 2.192147413287812014e+02 3.825696543428283007e+02 3.495591433376756072e+02 3.594280478959704510e+02 2.254926017912789575e+02 3.550459589936049269e+02 3.707211015579218838e+02
4.820205641569615409e+02 1.564699165754729222e+02 3.819566487477348460e+02 3.235008415329768923e+02 3.751489246951796872e+02 3.504421623996397557e+02 3.430555952509552071e+02 3.815683381300121937e+02
3.743959368470378877e+02 3.256540869844886856e+02 3.745490537432029896e+02 2.594338308063398131e+02 3.376819507124861843e+02 1.517570144087340509e+02 3.783585746602861377e+02 3.518940356150908997e+02
4.951403821476761209e+02 2.709681265585269898e+02 4.345788372481763417e+02 3.870060039523204409e+02 4.169216283214576606e+02 2.536895708262819085e+02 3.442009401718019603e+02 3.277366671549128228e+02
4.107032625930775112e+02 2.805120463303663314e+02 3.708386167963506068e+02 1.971164407492879889e+02 3.551948436065706005e+02 2.585088520500127629e+02 3.131148241758336894e+02 3.593401698788229623e+02
2.675463471981196903e+02 3.992906719704112675e+02 4.003660511926149184e+02 2.753109350447106749e+02 3.321770882463593466e+02 2.139200718083840229e+02 3.614945426227819212e+02 3.963703178199952504e+02
4.365536322755227729e+02 2.845794094714412381e+02 4.174146771207194320e+02 3.854792068965485328e+02 3.804772499110825947e+02 1.954215656250272843e+02 3.590233855987409584e+02 3.404680065301367335e+02
2.532233925929394900e+02 4.280690949858334875e+02 4.095631637569287591e+02 3.119478107297576912e+02 3.332643436849785417e+02 1.948968101684724274e+02 3.698387929182442235e+02 3.835596253408685357e+02
3.029612954983417694e+02 3.891463407372133361e+02 3.974338308090240162e+02 2.401728158929424524e+02 3.457520863984919970e+02 2.156622457897578329e+02 3.574021672820549611e+02 3.850293898429864043e+02
4.801849676364107040e+02 2.621920642468548408e+02 4.215175072013431645e+02 3.440520852409396753e+02 3.993825163617443081e+02 2.724556980174585306e+02 3.241796075815418021e+02 3.357659126323336523e+02
2.678135171796791383e+02 4.133651582605302792e+02 4.070927963960428997e+02 2.548241745796601379e+02 3.539397297664716007e+02 2.354721394825318725e+02 3.558370673306939693e+02 4.046657603974251174e+02
4.527350776775556938e+02 2.598132401498434660e+02 3.507510958688532696e+02 2.409968657892070496e+02 3.674148366490338731e+02 3.069977346006420476e+02 3.349044173650856919e+02 3.633869363954599407e+02
2.636846722372497993e+02 4.196951740270596929e+02 4.086353175749223965e+02 2.878403888391981127e+02 3.440450220197850513e+02 2.031277624906072106e+02 3.668276415546230851e+02 3.928306226415909350e+02
4.065330161381237417e+02 3.064759325791453080e+02 3.647947691914902180e+02 2.225500430115047266e+02 3.406155068514385107e+02 2.219824671206497442e+02 3.580384084745427344e+02 3.694727075540465648e+02
3.671383791989460406e+02 3.176557289645452897e+02 3.672610779215376056e+02 2.955932685837388476e+02 3.426939964681362767e+02 1.316107498279138497e+02 3.760335282662499026e+02 3.513658584079585694e+02
3.244201154148296951e+02 3.483284946819277934e+02 3.804667534303535490e+02 3.210009894600684675e+02 3.444538886408761300e+02 1.646730418257617146e+02 3.881975521418299309e+02 3.788123012463048553e+02
4.009486196876825375e+02 3.245125960210924063e+02 4.151524772596523576e+02 4.041883395341682785e+02 3.815377212520451735e+02 1.452065383028302676e+02 3.648996524298311215e+02 3.259653910437979221e+02
4.874324086883203222e+02 1.836037677160605028e+02 3.639051423961954583e+02 3.150068197919032968e+02 3.663162193359379444e+02 3.256188763480682269e+02 3.399545903898376764e+02 3.650645464892186283e+02
4.822431047829613249e+02 1.924309985845936239e+02 3.774165490348260050e+02 3.384117648599992094e+02 3.855051025005909082e+02 3.119353138777723871e+02 3.865907677557083844e+02 3.661704492582805983e+02
3.968338735948598242e+02 2.363696487195105931e+02 3.494153118154795266e+02 3.165353876460453648e+02 3.152540540929387589e+02 2.117589430567245188e+02 3.197861745925943637e+02 3.552096814238016123e+02
4.281978708734168322e+02 2.618466446735465070e+02 3.567491814301058071e+02 2.435312741662630458e+02 3.322501319509831319e+02 2.036572321223477786e+02 3.606660810856807302e+02 3.549224498780945396e+02
3.302680197052793005e+02 3.648240352579261980e+02 3.920128628200680510e+02 3.082032226732138724e+02 3.490497300262985050e+02 1.301609488339008465e+02 4.022516583647428092e+02 3.407537375697414177e+02
4.688813212014064220e+02 2.699644754422037636e+02 3.698689099293316076e+02 2.427364888330560291e+02 3.721566267536181272e+02 2.720725643124681596e+02 3.923159041688708157e+02 3.458592943682356804e+02
4.195760714906727458e+02 2.591859000258149308e+02 3.491108818491927082e+02 2.870985238820840095e+02 3.504470774980736678e+02 2.452514136944352003e+02 3.707805649390271014e+02 3.861780900097007247e+02
3.510640445755375936e+02 3.504753283741886776e+02 3.820711949879736835e+02 2.202945818890632665e+02 3.478205639645242400e+02 2.671809647323389072e+02 3.578272204509981407e+02 3.804174761479380322e+02
3.221640367425399631e+02 3.849030457347042216e+02 3.912058251275671523e+02 3.438579529805137440e+02 3.351240747065733672e+02 1.114140161486939888e+02 3.950936059264238907e+02 3.169861584646582173e+02
4.201981635395902117e+02 2.328038152312247462e+02 4.012813708134000308e+02 3.577949950112655415e+02 3.894030345209187658e+02 2.486200157331534797e+02 3.691336553185436173e+02 3.608923061901616052e+02
4.225843097683789438e+02 2.379126783522438870e+02 3.793650515034018440e+02 3.682476490969941096e+02 3.588897822012836514e+02 2.963340514273970712e+02 3.703157674347232842e+02 3.701494001390504991e+02
4.030336032019661161e+02 2.729185145765471248e+02 3.475850655027800258e+02 2.584949559210468806e+02 4.189757597854797950e+02 3.172225767231731766e+02 3.452542518291933789e+02 3.851685711404354038e+02
4.018252347348430362e+02 2.740655462317611750e+02 3.882382580758982726e+02 3.273405396954217963e+02 3.732766248981880608e+02 1.735290406773215750e+02 3.933281744054778528e+02 3.674460841642941773e+02
4.081125348139565858e+02 2.648760989951511533e+02 4.142675932012921294e+02 3.798781295405028118e+02 3.919952578819290352e+02 2.330965620204640629e+02 3.666623816873549231e+02 3.493674508523935174e+02
4.208958020295002029e+02 3.116320492984965540e+02 4.047995403073098259e+02 3.794503332429565035e+02 4.088983106517837882e+02 1.636557678042666168e+02 3.893899223530898439e+02 3.176341481348362663e+02
4.521593129948277578e+02 2.207742919118775546e+02 3.545191980464510380e+02 3.594320435842307688e+02 3.570068861849923110e+02 3.092308288085244499e+02 3.698325495848613400e+02 3.850481944883338201e+02
4.159352736289021664e+02 2.367394273457030636e+02 3.638901975816208392e+02 2.675661835520010641e+02 3.673197904233948634e+02 2.244365494264037579e+02 3.833834228704889711e+02 3.714752171415616999e+02
3.752028374923369256e+02 2.707298767773253303e+02 3.665405913679264245e+02 3.354834557737862610e+02 3.277347356510433087e+02 2.693010782766643842e+02 3.474717853938075223e+02 3.777445177434443053e+02
3.428087579064929855e+02 3.265210182360704039e+02 3.679573737358448966e+02 2.832465158884650123e+02 3.460861811477298602e+02 2.326007513021724549e+02 3.533604103134272805e+02 3.961343873337474406e+02
4.097095214908009098e+02 2.704728734852449179e+02 3.300963883941989252e+02 3.685331294362748622e+02 3.335305567865266880e+02 3.182330684712537732e+02 3.329732467453147251e+02 3.973520543731421526e+02
3.439082700617976798e+02 3.514672628431217731e+02 3.915891816473281324e+02 2.341876346655327836e+02 3.401735275485111742e+02 2.094482581863805990e+02 3.755123802574470346e+02 3.734565916524047680e+02
3.394479020352361545e+02 3.387561496470578390e+02 3.793021918610517673e+02 2.812194149601627942e+02 3.452485032277231767e+02 2.048499171325532586e+02 3.721851211269494115e+02 3.765317577777908582e+02
4.020235411421990648e+02 2.899258953718834277e+02 3.725351594959620911e+02 2.658859828379882515e+02 3.490211524165840160e+02 1.676961974233952333e+02 3.872580705685297744e+02 3.466482801254741162e+02
4.480416018828909159e+02 2.257965998739099120e+02 3.267488116605747450e+02 3.661378965926406863e+02 3.383057510264512189e+02 3.256645481776336624e+02 3.216937046200906707e+02 3.724797543930804409e+02
3.421740600210234788e+02 3.530283022293654653e+02 3.841428885214285742e+02 2.021797700620503520e+02 3.528925920591294130e+02 2.501537007507540693e+02 3.380499480840250044e+02 3.939200304202917664e+02
4.917712658874651765e+02 1.305669654714495209e+02 3.776324196516890765e+02 3.611929931879515152e+02 3.547495061416404383e+02 3.263371495306866450e+02 3.580903460875603628e+02 3.579816699038993306e+02
4.168968621848085832e+02 2.528847598668652665e+02 3.410485911454099437e+02 3.113840505955438971e+02 3.226323763436346894e+02 3.040153964859508733e+02 3.160196771535235598e+02 3.875176283730190789e+02
3.965501644831426802e+02 3.214737128196601361e+02 3.703557784036814837e+02 2.169986391938062980e+02 3.295838367123570833e+02 2.159639207556576537e+02 3.639470979182600558e+02 3.504838484481426804e+02
4.400599908079403235e+02 2.631361992424173195e+02 3.948544209422582867e+02 3.733511826655773689e+02 4.020178900120002368e+02 2.380487089997603221e+02 3.995044750066323331e+02 3.400119023023974023e+02
4.562699199597613529e+02 1.861200099904410763e+02 3.876808251518641555e+02 4.003403028555925403e+02 3.492333058580115335e+02 3.742451004112928103e+02 3.487025129412830893e+02 3.698521803560357739e+02
4.422581461942495480e+02 2.527765545130587270e+02 3.530693556559612603e+02 2.669869880444286423e+02 3.673638994660474850e+02 2.462638278222441670e+02 3.852223351862749610e+02 3.826500703316722252e+02
3.680461907616721078e+02 3.094717417431918989e+02 3.541908255773050769e+02 2.744140121645590966e+02 3.862567533785969545e+02 2.561048376861775182e+02 3.788838943533461929e+02 3.885395994702263920e+02
3.986127475940331237e+02 2.456076797228949147e+02 3.531868117998548655e+02 3.219767009761665122e+02 3.530139268570489435e+02 2.495813788786459781e+02 3.587961929139789277e+02 3.850260086072181593e+02
3.898962853186236543e+02 3.273956638426627705e+02 3.712440687426719137e+02 2.210053805511790301e+02 3.560579560592486246e+02 2.966981218147470258e+02 3.440818153875445091e+02 3.930336149082299357e+02
4.495822904348742668e+02 2.464419426919021987e+02 3.939191358881945462e+02 3.624192778067946961e+02 3.493784047379291451e+02 1.897977949363884989e+02 3.479310014468093186e+02 3.546465558011036023e+02
4.220405176108261571e+02 2.886663721617044303e+02 3.581657290759989110e+02 2.425231482994582279e+02 3.612668363404968090e+02 3.187171084628981816e+02 3.302879765478168110e+02 3.941413926333817699e+02
4.317166127903280426e+02 2.201698693008875694e+02 3.481536517310910881e+02 3.307885041003868309e+02 3.386913727091296664e+02 2.765731204965781558e+02 3.319971087768695952e+02 3.633905955378951944e+02
4.213778192872343311e+02 3.746722853719661543e+02 0.000000000000000000e+00 3.845274933939240327e+02 3.722639828677418450e+02 3.911750627879731610e+02 3.724038782526058640e+02 3.877800074424825993e+02
