1.793237557752965188e+02 2.145595333233670203e+02 2.025281243294988656e+02 1.954975303028431597e+02 2.015396546622703511e+02 1.716645489687934685e+02 2.068474302252944881e+02 2.126353662510611571e+02
0.000000000000000000e+00 2.496839007063630334e+02 2.228680504577252748e+02 2.115100386597061117e+02 2.088020845268102619e+02 2.049471536965697851e+02 2.010533430268436064e+02 2.005731270330547034e+02
1.950635604128531213e+02 2.507756382936735804e+02 2.049872321677661944e+02 1.711069209286714283e+02 1.838991275956339848e+02 2.092405749899435534e+02 1.668933096274075183e+02 2.484472524455248958e+02
1.606749566893721237e+02 2.027847709181052664e+02 2.008600867056086372e+02 1.946237489387137884e+02 2.323646366384697899e+02 2.193419920184021805e+02 2.144727561473949038e+02 1.438321173266403150e+02
1.707768360526916354e+02 2.790648042516218652e+02 2.097444175526822789e+02 2.064622534422613853e+02 1.917611072364861684e+02 1.452027877450914275e+02 1.667273796112317541e+02 2.246616345789877016e+02
2.033801971164263023e+02 2.875408863738098830e+02 2.146338979296311038e+02 2.261141142691977279e+02 1.117893288027126459e+02 2.057249521911894874e+02 2.030175235658616089e+02 2.404990753896672686e+02
1.837090430822906910e+02 2.155514888696230003e+02 2.001135151487634403e+02 2.302173902091402624e+02 2.120553374736562375e+02 2.258478326898587341e+02 2.252826516573582296e+02 1.432592000959365066e+02
1.684407549475888004e+02 2.444412901974050669e+02 2.458296916635317757e+02 2.148571879886048919e+02 1.802154319065140555e+02 1.725338547312963442e+02 2.060231075302860688e+02 2.251587400227537330e+02
1.454198049629269462e+02 2.352953338542449728e+02 2.113765178948283392e+02 2.131443363926212271e+02 1.877400334315717600e+02 1.944499764304723328e+02 1.563408373506965461e+02 2.165324821992628301e+02
2.090912774679965764e+02 2.153463285743572726e+02 1.394666479502634218e+02 2.150390931901953593e+02 2.544759019352658527e+02 1.538426383097264818e+02 2.091143584685448502e+02 1.680269427384356788e+02
1.491113773794145061e+02 2.574475948392699252e+02 1.933100435118728626e+02 2.064486395478988072e+02 1.908266875704642302e+02 1.852644082662976359e+02 1.651322254126214091e+02 2.241704697440879954e+02
1.602312220795283793e+02 1.945853452451634382e+02 1.986629289151221656e+02 2.250331938869346118e+02 2.283246115112082464e+02 1.997674290792069201e+02 2.141796754640043048e+02 1.049538340345467446e+02
1.063613401468807211e+02 2.316285248698102350e+02 2.160250357626706545e+02 2.184466551109942714e+02 2.146659417070754898e+02 1.956744268107839275e+02 2.001145838391527150e+02 1.673578662462446403e+02
1.234818620636953028e+02 2.343721670170088487e+02 2.151966599968762637e+02 2.331122042076919172e+02 2.134778660337634051e+02 2.133600059383464327e+02 1.845802468530695251e+02 1.468142734026148730e+02
1.692865560225309025e+02 2.213619260852509569e+02 2.171920198413077117e+02 1.944015519956836897e+02 2.155364844887730555e+02 2.160767001590949690e+02 1.982695401835035227e+02 1.996553690070855680e+02
1.406833224231410497e+02 2.447507079582107394e+02 1.956008264579704701e+02 1.784916207216687383e+02 2.152764978514215670e+02 2.228613315341068244e+02 1.948364584607293182e+02 2.130900903386449841e+02
2.022088980506151188e+02 2.217246428393313522e+02 1.586285597490804662e+02 2.054724640405292746e+02 2.090546981375271969e+02 1.757527721540419634e+02 1.868292562964053047e+02 1.999615184591970944e+02
1.755129296478023946e+02 1.985823560855957624e+02 1.650697812233316597e+02 2.440184400271971299e+02 2.240607854918234239e+02 2.239884144201107006e+02 2.246815773309795077e+02 9.610301942315464885e+01
1.570844602715538656e+02 2.063879157650783611e+02 1.919103698640402627e+02 2.233319293503988376e+02 2.244967397078654585e+02 2.207990362250199041e+02 2.135960109449719937e+02 1.270182100118603472e+02
1.791563052930619335e+02 2.594012577328146563e+02 2.468516771642699155e+02 2.057981275051052705e+02 1.628597941320918494e+02 2.102195745719335775e+02 1.664879484603748949e+02 2.494871191858458133e+02
1.543972492627005124e+02 2.286528703924657009e+02 2.370258486795166846e+02 2.113168281948132403e+02 1.995470418222429316e+02 1.887395910688666731e+02 1.899001750967729549e+02 1.958366204548219116e+02
1.726774956595284038e+02 2.413439961213123865e+02 2.174086754866031583e+02 2.353429856489086660e+02 1.968594469601355854e+02 1.158882065285515353e+02 1.916263646723135139e+02 2.149104830995234749e+02
2.115100386597061117e+02 2.511241033206912903e+02 2.094251750112499337e+02 0.000000000000000000e+00 2.332099236466796413e+02 2.374123932884489250e+02 1.979485739780462836e+02 2.437444598406887337e+02
1.801687923478870346e+02 2.616834410954797363e+02 2.333897221049898008e+02 2.066710629378407305e+02 1.661776107352564793e+02 1.956105103251609307e+02 2.005223574546513703e+02 2.452010318169648428e+02
2.116701845220447069e+02 2.198240534702840705e+02 1.398291458103819878e+02 2.070714663877473640e+02 2.365387924043943713e+02 2.010818309592864921e+02 2.085317323410278618e+02 1.712781239025129025e+02
1.639819333268789592e+02 2.130526372614629622e+02 2.009627825758004462e+02 2.033105809715504222e+02 2.149196057061386398e+02 2.123856511156724878e+02 2.042567601669019837e+02 1.770058659886417445e+02
1.620598631158824787e+02 2.468908373547657789e+02 2.253904013132066666e+02 1.999977879218743908e+02 1.981659680272638298e+02 2.103624069961154532e+02 1.785366755848769742e+02 1.931448246384476590e+02
1.430091751062443848e+02 2.545820646007138635e+02 2.264940330939710975e+02 2.158180498791092816e+02 2.160916792277887737e+02 1.756947914205718178e+02 1.489756697543919586e+02 2.297853963581997903e+02
1.399915011687203616e+02 2.426306913640013931e+02 2.156251176181990274e+02 2.159126675177815855e+02 2.009350309546619258e+02 1.433705563654983450e+02 1.746162172419764431e+02 2.111859228060474152e+02
1.687033368068144625e+02 2.064859964765267080e+02 1.928624315695485620e+02 2.212009188455466528e+02 2.214328412460453990e+02 2.400520011217386127e+02 2.137711302583155941e+02 1.396318420136576322e+02
2.012736737629223853e+02 2.538814408550783241e+02 2.143404004684473136e+02 2.270731552089209799e+02 1.860103241364335247e+02 2.015237081697434576e+02 1.637953688891115007e+02 2.452034225471025479e+02
1.357758914162708095e+02 2.234411406546856256e+02 1.928613204677548936e+02 2.184103309097501437e+02 2.184825417415164281e+02 2.131272757446642174e+02 2.076855539193983873e+02 1.387241620271082922e+02
1.769922012069389439e+02 2.630606242493719833e+02 2.467468757501551124e+02 2.312152178055400782e+02 1.814945423591858571e+02 1.882462559341189774e+02 1.742967228903634691e+02 2.333246955398524278e+02
1.962029165311462009e+02 2.402089824138612926e+02 1.617071120485964002e+02 2.145988213441819425e+02 2.101981289291060477e+02 1.693754256149821629e+02 1.786883082916729393e+02 2.034557694812866941e+02
1.895311874040793896e+02 2.174951881009375256e+02 1.555703123951910811e+02 2.041172640606048958e+02 2.323796243860248865e+02 1.969604567310104812e+02 1.794183182498192082e+02 1.667719457715304259e+02
1.580909881734832538e+02 2.407008283061092584e+02 2.316219026555953633e+02 1.964493584774390058e+02 2.074345252366336751e+02 1.681166866240774596e+02 2.037855471534025469e+02 1.909044473028576476e+02
1.674375740920089015e+02 2.176695533161573906e+02 2.067668528990950563e+02 2.592476322572295544e+02 2.193365205817147796e+02 1.891231804460360877e+02 2.324354629794453331e+02 1.789951072922437447e+02
1.672184099464111000e+02 2.170355843662488269e+02 1.708849054838789243e+02 1.945481353912692839e+02 2.231237745843729670e+02 2.032856043959516512e+02 2.049227914444878991e+02 1.980545540543996594e+02
2.214789618626518291e+02 2.561810009679850850e+02 1.911121570853783282e+02 1.609108443036530787e+02 1.757237526863438291e+02 2.027440866324151898e+02 1.775575943917720565e+02 2.482108394193546985e+02
1.561223386991154882e+02 2.481853032671348274e+02 2.271591317694787904e+02 1.972141958899267138e+02 2.033147873250465523e+02 1.825747177049484549e+02 1.727762188951573705e+02 2.133241523536314332e+02
1.573617623829355523e+02 2.524760814686802632e+02 2.070053173011990282e+02 2.164878391505864954e+02 1.844168420614893193e+02 1.957610504831536957e+02 2.185486350476026303e+02 1.932858397962263837e+02
1.975053239023113463e+02 2.576938650898680976e+02 2.241486933948623630e+02 2.184764750123040074e+02 1.265976243657623286e+02 2.064998659801418341e+02 1.915919559183024319e+02 2.456214902123918762e+02
1.821169748013419394e+02 2.347575066018777079e+02 2.134137939368553702e+02 2.468122660015083625e+02 1.956780096205387736e+02 1.243417068849164480e+02 1.987502657545613545e+02 2.193228189360474687e+02
1.677386263092629122e+02 2.491675853212672109e+02 1.698537766370853603e+02 2.179253284894038529e+02 2.075540033589538780e+02 1.914720329519697657e+02 1.679711606798463777e+02 1.919844995068498861e+02
1.956040672508492548e+02 2.317973570905159875e+02 1.460287788982942345e+02 2.060881097323408540e+02 2.173341602870139866e+02 1.712557730205362816e+02 1.722587185130921057e+02 1.892956494645124508e+02
1.905226903808571990e+02 2.049837115206910596e+02 2.370306028279816530e+02 1.805110350024352783e+02 2.138934674087284975e+02 2.248795018445447056e+02 1.859877855503640092e+02 2.172258590387233994e+02
1.783403057505355491e+02 2.757912674485602906e+02 2.351038583887243192e+02 2.262013254114158656e+02 1.754461697651533996e+02 1.930522595356515865e+02 1.501274237131009954e+02 2.115022707177149925e+02
1.570199172771834242e+02 2.096066725995447655e+02 2.245882099030826566e+02 2.419157425866571032e+02 2.117276011515505729e+02 1.810194441625928619e+02 1.931410786404276223e+02 2.066515247810490052e+02
1.550422015572531791e+02 2.576037972168325609e+02 1.816214038875258723e+02 2.004921995299779951e+02 1.825198297763949711e+02 1.721359382092515773e+02 2.093433471508972445e+02 1.908146353288456680e+02
1.569463695534935539e+02 1.971885577863709784e+02 1.985393713004792460e+02 2.289832989130431713e+02 2.185144488837478889e+02 2.141760144353569615e+02 2.213488661497413261e+02 1.325958234818195649e+02
1.665198793065852954e+02 2.341118853885520252e+02 1.748668033659054117e+02 2.112876559748440002e+02 2.297758851241243008e+02 1.854301796821632138e+02 1.833482050030878270e+02 1.545235989568096215e+02
1.592963445336930874e+02 2.645495343901637852e+02 2.343514076010669669e+02 2.057942822227034299e+02 2.159603773357028160e+02 2.165729432888500412e+02 1.802211377038112516e+02 2.289826975610541524e+02
1.878488644213857128e+02 2.271665218416811740e+02 1.500749467434487769e+02 2.089833159859500995e+02 2.367501640375351428e+02 2.042223522155538831e+02 2.092148535751756526e+02 1.722849281180132834e+02
1.643771311866405256e+02 2.364329711715011513e+02 1.425143731480569613e+02 1.884832915672976128e+02 2.076466354675378057e+02 1.987202768196348188e+02 1.694566446498676839e+02 2.051632984148141361e+02
1.880790022103342380e+02 1.954007176003757991e+02 1.912816302118210103e+02 2.396773156151542423e+02 2.326906335057388731e+02 2.158381939537707126e+02 2.234566802665412411e+02 1.156220830362612162e+02
1.709217385621077767e+02 2.263734923348700931e+02 2.293624104905313459e+02 1.998069868128885673e+02 2.024114697770884277e+02 2.020937983204122759e+02 1.842410215019821464e+02 2.392974727346924340e+02
1.953145173887085093e+02 2.474889038565547708e+02 1.747306152225492326e+02 1.884502889897412672e+02 2.206358996744800720e+02 1.867722771782072186e+02 1.770320061408478693e+02 2.007521750928488586e+02
1.759161533717439738e+02 2.278150976375477796e+02 1.926304355177101399e+02 2.229870586228342404e+02 2.323316014001634642e+02 2.064192131942836568e+02 1.828841513814390396e+02 1.859134442485662646e+02
1.929279720865190484e+02 2.756716693510054483e+02 1.791133058432955636e+02 2.219419113642997274e+02 1.319306732422547270e+02 2.082434315250274324e+02 1.932699378476217760e+02 2.174515060791014491e+02
1.662198612390080257e+02 2.063991825544345318e+02 2.044241882917197870e+02 2.291981059229667608e+02 2.058459377099735548e+02 2.003021501332393939e+02 2.017922270356349372e+02 1.319750944479608279e+02
1.504994583015244984e+02 2.478964805484587259e+02 2.004638727364005604e+02 2.234115865689958582e+02 1.692793799402227535e+02 1.979521522586385345e+02 2.045173505968075176e+02 1.901915090229043699e+02
1.817033637109380493e+02 2.462608700144682246e+02 1.728241453090557513e+02 1.894054471370362478e+02 2.210557684899625031e+02 1.789411009504237597e+02 1.981678052899517013e+02 1.899552832842616112e+02
1.697687178509427781e+02 2.294163765502814840e+02 2.163759984824087326e+02 2.407176928688967621e+02 1.846356836676412456e+02 2.103466018311938797e+02 1.867586791731955884e+02 1.964379762377100747e+02
1.604330526619921500e+02 1.904254145160393819e+02 1.991438995483716212e+02 1.910146019369975932e+02 2.194463964498707469e+02 1.940257174826614914e+02 2.088281182822296103e+02 1.713168619445000616e+02
1.766020311954962381e+02 2.557932929498987278e+02 2.255721544163871783e+02 2.143022438370119573e+02 1.818248719831635469e+02 1.870875694738969344e+02 1.724215620664269863e+02 2.088355304624160738e+02
1.837987994331939774e+02 2.410596386703883240e+02 1.433743322226987118e+02 2.084819851186142614e+02 2.056418998482814686e+02 1.627231634346348415e+02 1.790634472441656158e+02 2.028861338453088763e+02
1.617323883989194542e+02 2.201602607556820885e+02 1.993008855027193533e+02 2.008765086332458054e+02 2.185023535614552372e+02 1.840813149789987619e+02 1.720079588492822893e+02 2.102803355886758823e+02
1.548121744485323461e+02 2.507313596554944297e+02 2.165266148928636483e+02 2.262310212299760224e+02 1.958175850643297053e+02 1.426639882605979892e+02 1.845672483784297242e+02 2.068915095933018051e+02
1.855582096357185264e+02 1.937378403264245890e+02 2.187931300149165565e+02 2.142203055854006664e+02 2.195692718712847125e+02 2.220779999693349112e+02 1.901243851402991254e+02 2.069622456057398665e+02
1.934205556485965189e+02 2.569847681395407903e+02 2.048705648751582942e+02 2.154625156815939420e+02 1.949563067100571914e+02 1.845097989175661439e+02 1.860114181188886562e+02 2.408610053629330423e+02
1.712923737206661485e+02 2.330445099954533248e+02 1.404607797511852141e+02 1.987310148500683340e+02 2.166920859686676692e+02 1.990991255055976126e+02 1.921638908802589754e+02 2.079331039446238947e+02
1.570429487196890079e+02 2.595667486812383231e+02 1.983253306656191626e+02 1.945761683655755689e+02 1.700565951011851098e+02 1.921820179509876141e+02 1.940686191023688991e+02 2.095830649422404974e+02
1.711255752597107005e+02 2.143158505601885508e+02 2.066769229875972087e+02 2.275135495031471748e+02 2.188926920187887788e+02 2.207992200590937557e+02 2.032549583817489349e+02 1.456915786582231362e+02
1.656176018240339545e+02 2.192884192343416316e+02 1.934822775341873466e+02 2.142042249725669478e+02 2.240115159853365583e+02 2.026611094112935234e+02 1.834530157940151582e+02 1.808938347173846353e+02
1.549237555285913288e+02 2.078696451899449471e+02 2.179309304665108868e+02 2.233410114148082357e+02 2.061618481765796105e+02 2.139015529671056584e+02 2.040092095951487181e+02 1.481590815844111546e+02
1.681179056160326297e+02 2.028868865008614364e+02 1.923158305882326431e+02 2.360961600267635276e+02 2.214215325535309660e+02 2.231235833834737150e+02 2.181163336485133186e+02 1.268380423836138107e+02
1.104537791478214217e+02 2.434655287692983734e+02 2.180701017314700323e+02 2.100643510100016726e+02 2.055966033820579071e+02 2.271060733747768552e+02 1.946056055879977578e+02 1.590200269856408113e+02
1.826278193625172150e+02 2.273908234183847981e+02 1.576528869756087090e+02 2.186226092983708611e+02 2.419673209536525462e+02 1.998738963731426566e+02 1.813044330007127485e+02 1.736646148803329197e+02
1.548518847382021875e+02 2.479366681227226081e+02 2.102841895706064292e+02 2.191718147257026885e+02 1.847636421754908156e+02 1.998220515093774452e+02 2.212095187938844845e+02 1.831748989777829308e+02
1.621137282071967718e+02 1.863842891058654914e+02 2.051881709534795277e+02 2.229736333379850919e+02 2.367940057167463976e+02 2.157882610494939115e+02 2.241450241564974988e+02 1.189617866782256783e+02
1.525372816577854564e+02 2.598251616495717826e+02 2.340343883393722706e+02 2.193905299605646348e+02 2.065942536781071510e+02 2.209385047913420408e+02 2.096943208286242282e+02 2.086034199434901382e+02
1.960867202175826378e+02 2.551888951821333649e+02 2.267413115483450099e+02 2.033020349199567534e+02 1.872295136137014424e+02 1.883474530316422602e+02 1.793685807324067412e+02 2.355145258205973846e+02
1.981827433119983084e+02 2.677449674483975173e+02 1.987706458338544451e+02 2.218848663428964016e+02 1.239689928547157507e+02 2.077881559112008745e+02 2.048854240346273627e+02 2.245132398666780205e+02
1.507189456723646686e+02 2.202318499466038588e+02 1.814279969412264109e+02 2.193966116567996494e+02 2.320091143795776816e+02 2.157782010510129567e+02 2.045684186800153270e+02 1.308867430390279480e+02
1.615872465561312765e+02 1.734220233077219291e+02 1.861969954683385708e+02 1.984957529650738479e+02 2.379522537414572412e+02 2.076120002263776883e+02 2.299598456915934719e+02 1.541165808359040739e+02
1.621012798449985439e+02 2.478310272880713967e+02 1.834185704850974901e+02 2.186839503967352982e+02 1.764876947260811448e+02 1.851566047481950079e+02 2.115902167858099006e+02 1.816272984954524361e+02
1.732071596361316494e+02 2.288167617570439631e+02 2.061179536455171331e+02 2.183888207515829549e+02 2.234127895963156902e+02 2.060573230813482155e+02 1.913208557773860150e+02 2.011025616554394162e+02
2.020465480900506634e+02 2.736349504651365692e+02 2.298714546048326497e+02 2.257037187173531265e+02 1.329982297412949208e+02 2.026405789895439113e+02 1.855814061763028633e+02 2.554435627489396836e+02
1.512857002381051643e+02 2.192149875322349999e+02 2.011565637055942375e+02 2.161549665309233035e+02 1.996214675101343232e+02 1.416999887420673474e+02 1.891309969973462444e+02 1.893776009140074450e+02
1.503972893734342335e+02 2.491447888534520416e+02 2.108041537005025816e+02 2.175932819949263433e+02 1.927132863337076856e+02 2.044932263274922661e+02 1.546496613762164429e+02 2.076401309145483083e+02
1.648002711811153915e+02 2.002841149981244939e+02 1.911175594962432172e+02 1.919265658048171304e+02 2.469834841426339551e+02 2.403331230467838679e+02 2.342266171410112179e+02 1.391666970344532217e+02
1.682110198214014645e+02 2.438803730225654931e+02 1.829427743969953326e+02 2.084517301850640933e+02 2.259125851128936233e+02 1.643090186188566122e+02 1.641786662581980067e+02 2.010657068085768344e+02
1.425940084642825241e+02 2.042222639568186651e+02 1.920494532813362696e+02 2.437872465505178639e+02 2.330690588289776599e+02 2.166408547355346741e+02 2.073630675044927045e+02 1.258734956469550923e+02
1.771770852351727967e+02 2.473764555647043437e+02 1.778579272791484982e+02 1.998676445821675429e+02 1.624825580706430515e+02 1.783730111176051878e+02 2.005693216559699863e+02 2.156624001663226977e+02
1.399772954727839931e+02 2.336381059095302248e+02 2.356833982547161384e+02 1.801381062530624320e+02 2.046674853910673448e+02 2.099367927656015240e+02 1.970548494016389611e+02 1.910363692153942452e+02
1.622283098434353690e+02 2.474811547245042789e+02 2.372261829972021872e+02 1.940082846053852279e+02 2.030435704476104490e+02 1.648346879336953066e+02 1.880541689207997251e+02 2.278368575758678958e+02
1.726291008555128030e+02 2.402189693077406218e+02 1.768332910864757253e+02 1.992177350525267059e+02 2.148451180305054038e+02 2.032052911458060862e+02 1.924150290220327406e+02 2.048043831788025102e+02
1.779667412522090331e+02 2.504029182531996867e+02 2.287950348341000790e+02 2.309980363148139588e+02 1.854332035588580254e+02 1.909475888472939289e+02 1.984339793812775667e+02 2.326562186245886608e+02
1.481102192093599115e+02 2.172045773787737630e+02 2.070374268321842806e+02 2.277506229333899057e+02 2.205718751718625015e+02 2.230825191305763440e+02 2.011594123217664958e+02 1.441379736746629590e+02
2.045926097633672782e+02 2.203287711092061727e+02 1.436167859747111493e+02 1.945809356760744038e+02 2.348485580638623276e+02 1.841050747462533650e+02 2.096793232035784627e+02 1.757270324216621589e+02
1.674288080444718503e+02 2.662185851592108747e+02 2.055022760963156827e+02 2.269549428474815898e+02 1.602811125550246345e+02 1.935236503648015969e+02 2.080100073148158231e+02 2.016990369421314711e+02
1.182056227765057628e+02 2.265405815746134977e+02 2.169258972360808286e+02 2.312114522451917082e+02 2.107170858848145087e+02 2.027396654770076054e+02 2.021695199146316213e+02 1.575639399582089766e+02
1.558212399986800847e+02 2.466423256782254043e+02 2.303030336558479405e+02 1.885382090411450520e+02 1.982466315440115352e+02 1.701015949641658835e+02 2.106800555855110701e+02 2.116920429147847642e+02
1.774105990909320667e+02 1.865075895932819492e+02 1.799544802705179336e+02 2.332917815855261381e+02 2.306281302448458916e+02 2.120634829101288119e+02 2.315127680666018648e+02 1.049680652714161511e+02
1.425776087559029577e+02 2.614072669441698054e+02 2.285384911135215305e+02 2.210720047899979477e+02 2.014519752982933198e+02 2.112812499587046489e+02 2.049152766578448279e+02 2.049326352368391042e+02
1.468556866529812908e+02 2.536842253549564816e+02 1.732271329368797126e+02 2.025733085845412802e+02 1.745285555192585036e+02 1.852901662023665494e+02 1.827672472538241948e+02 2.175447712243718854e+02
1.424029195720444250e+02 2.349878531535458137e+02 1.852269707960637390e+02 2.101039484257650258e+02 2.011298640395027633e+02 1.793928761994935144e+02 1.660002359577248683e+02 1.923208420330502406e+02
1.583798198520918277e+02 2.142327418988383556e+02 2.119375923326233817e+02 2.310835310259780329e+02 2.122900829772729594e+02 2.189603112602987665e+02 2.136004934807494635e+02 1.457593189058924850e+02
1.859979731396358602e+02 2.386865450766113668e+02 2.309683329463653649e+02 2.246948102283730577e+02 2.081421377926074854e+02 1.930979177693502891e+02 1.819648767744362772e+02 2.306686637387802818e+02
1.725411134327303273e+02 2.301877202753044571e+02 2.205618260891941986e+02 2.247486133650866691e+02 1.946044212638476552e+02 1.342409842454350155e+02 1.622861549153209069e+02 2.136512112458156309e+02
1.778964648380699600e+02 2.436474412738467947e+02 1.907362812291422358e+02 2.161395285747543653e+02 1.824306903889325895e+02 1.956337916550278067e+02 2.107928918184522900e+02 1.821347953563595752e+02
1.652693936503632131e+02 2.481392468751593015e+02 2.003085970373646489e+02 1.776621935340444338e+02 1.951241573340157345e+02 1.957589148660889293e+02 1.861819862324164774e+02 2.341058649698207432e+02
1.627848809294548857e+02 2.469293091425266198e+02 2.111449828055945375e+02 2.045664605826541731e+02 1.791414092450480382e+02 1.891325180053093220e+02 1.677976018111176586e+02 2.196762197129453682e+02
1.784705103269799906e+02 2.305269726782383657e+02 1.598234101586322140e+02 2.214999526543586512e+02 2.323998539447191831e+02 1.924846195672112685e+02 1.818368906422641089e+02 1.682347478892598360e+02
2.058666336000129036e+02 2.876995991778021562e+02 2.293304375719592656e+02 2.101124002281618743e+02 1.052414438120316902e+02 2.087902788113023291e+02 1.811006612325190872e+02 2.624308066411402933e+02
1.795308819429537834e+02 2.092703194466166963e+02 1.726959295299305381e+02 2.064432724491086333e+02 2.239062141801733503e+02 1.862033051249277946e+02 1.694363229203160870e+02 1.814051203420825118e+02
1.537936646355534549e+02 2.324607062414005725e+02 2.254845915705410562e+02 2.049508828923558781e+02 2.034768722654632711e+02 1.964359403176268870e+02 1.794422460179938525e+02 1.809565168533632971e+02
1.363297332070330583e+02 2.647745275923559234e+02 2.001551898636353997e+02 1.841715701906180982e+02 2.355254147535430320e+02 1.888193562630416977e+02 1.829144753922525979e+02 2.104850695908353089e+02
1.637579911738361602e+02 2.537761893347430373e+02 2.377059962030801330e+02 1.953916027817971042e+02 1.767382580156601364e+02 2.144375963482389693e+02 1.987409007029980614e+02 2.339216394961262893e+02
1.769057118258798198e+02 1.965890622999754100e+02 2.012341126095007837e+02 2.363332226705436767e+02 2.395068244288082440e+02 2.056195575409211926e+02 2.108444152447310387e+02 1.276870024065975855e+02
1.711187215701242508e+02 2.127458854518214366e+02 2.053297732612976461e+02 2.265109096213264195e+02 1.998747612805845222e+02 1.483218066328792020e+02 1.751371749376301068e+02 1.893857459632719440e+02
1.930657508095742401e+02 2.890098067186467006e+02 2.459111541707761717e+02 2.266931490756061862e+02 1.686151099903277100e+02 2.099431549337890317e+02 1.930378142617424260e+02 2.619069107914561982e+02
1.606279055451257136e+02 2.688285265576421352e+02 2.312628424726883338e+02 2.156876253985942355e+02 1.972602429140052607e+02 1.546210752215321236e+02 1.679448057996220314e+02 2.278359463076307350e+02
1.418134466243211023e+02 2.389430061631371132e+02 2.086040748414896484e+02 2.249332747102484689e+02 1.978187771105115758e+02 1.834458049851253350e+02 1.733767270343596749e+02 2.064130390744412580e+02
1.772090191905500660e+02 1.769649860279533016e+02 1.910695641568579219e+02 2.297754363695194399e+02 2.355647985403303437e+02 2.265962441851362144e+02 2.134173566870421439e+02 1.154841186140765785e+02
1.481616890092134327e+02 2.104930316085608979e+02 2.133344022220618399e+02 2.096017480178218193e+02 2.127007619090309447e+02 2.157346234119995074e+02 2.069901215074837921e+02 1.748615313805735241e+02
1.589564467735956157e+02 2.402996876720835076e+02 2.383094162191233067e+02 2.211771056887417046e+02 1.913323517877278164e+02 1.489963055228637074e+02 1.861391294223944044e+02 2.255769395535925810e+02
1.856389694473703571e+02 2.654797305725275010e+02 2.372569982326864988e+02 2.294330288687849588e+02 1.786371164507851006e+02 1.828104284516317080e+02 1.785552152470698388e+02 2.359068817421105280e+02
1.407037870584745747e+02 2.308782071295538003e+02 2.234713250474281381e+02 2.561749448096969104e+02 1.939585157535754547e+02 1.640269012695358981e+02 2.148669588444857936e+02 1.972497793286636920e+02
1.768389102588971866e+02 2.725691227224654085e+02 1.968506764680008132e+02 2.026392548214144256e+02 1.556904655895008318e+02 1.803396758768637085e+02 1.958894098253128675e+02 2.292915903955392025e+02
2.167927506677552003e+02 2.234160483973049907e+02 1.299259927237571617e+02 2.263711195830952363e+02 2.405300467458845901e+02 1.817453799601780702e+02 2.239619018740482943e+02 1.505353248091853970e+02
1.938447864541667798e+02 2.787966277007303120e+02 2.150508300139204039e+02 2.152771141636502819e+02 1.243323146939545154e+02 2.046768220053365894e+02 1.879708944338603374e+02 2.443954430238949556e+02
1.531455926734687694e+02 2.436529156846584669e+02 2.256338583334483303e+02 2.130369788348810687e+02 1.916132433603988829e+02 1.428057234645067695e+02 1.828550573286289875e+02 2.126863844467046363e+02
1.926125687794637997e+02 2.355946922224231344e+02 1.680029400152145342e+02 1.953482389864655602e+02 2.207817333843341316e+02 2.029979378391603007e+02 2.069353750658726483e+02 1.832033379522844143e+02
1.692190150131988560e+02 2.200104995768102754e+02 1.987947659203731803e+02 2.126186727053487004e+02 1.951639930958093885e+02 1.703492329839780837e+02 1.914861423395467455e+02 2.061823897258927616e+02
1.735800987593194975e+02 2.499240900861544787e+02 2.274816033046180053e+02 2.189350469797281278e+02 2.224446022591763210e+02 1.982139126336116703e+02 1.767680201045284889e+02 2.211848798305424282e+02
1.804842280851841849e+02 2.541809558890362553e+02 1.972943693876110842e+02 2.114217363179168956e+02 1.539688073901180587e+02 1.881727912761291748e+02 1.815588057918920697e+02 2.201510928475939579e+02
1.530257341734593695e+02 2.231738703474685508e+02 1.846699065469814229e+02 2.104000644937214872e+02 2.077441631214616677e+02 1.815665753220976626e+02 1.710191336861803393e+02 1.923682061631826059e+02
1.593845101124417738e+02 1.906224410293931442e+02 1.800229441589413000e+02 2.366253470409821205e+02 2.239149731037490767e+02 2.210077872296092778e+02 2.249990611236386258e+02 1.144458712689992126e+02
1.003865494852865510e+02 2.323190382144817931e+02 2.018124563609307813e+02 2.207205174781908568e+02 2.146065863331976686e+02 2.026390582570122376e+02 1.868170101264085190e+02 1.797106991515146888e+02
1.720169960378745486e+02 2.103489425735584746e+02 1.939471734934305402e+02 2.303981003932494787e+02 2.167628003406479422e+02 2.123842896706929366e+02 2.141749219501321591e+02 1.282483481306065016e+02
1.391723867664421448e+02 2.321854176757344703e+02 1.965639217459267059e+02 2.238572362564923992e+02 2.259082162753921921e+02 2.124037206437584757e+02 1.967427919228137796e+02 1.279758555299192579e+02
1.602897582840610369e+02 2.015952808529015101e+02 2.035508673893510263e+02 2.346825404683116574e+02 2.052629906299618199e+02 1.931472961972722544e+02 2.061694348614153967e+02 1.443091508496653148e+02
2.207165129151561302e+02 2.239870935334616604e+02 1.305053178590750917e+02 1.928424703538372000e+02 2.460911401372075034e+02 1.728840663732013354e+02 2.020685505394289123e+02 1.687618738999419747e+02
1.713503435825859356e+02 2.131222275792021605e+02 2.085138894775334393e+02 2.366635465656622159e+02 2.164214210442263493e+02 2.281950976513406317e+02 2.026090270762667274e+02 1.334897890016321185e+02
1.880916221640246988e+02 1.796583926000818678e+02 1.854709753247839785e+02 2.460473683954845114e+02 2.303244800459846431e+02 1.885406081554130537e+02 2.185532764084605901e+02 1.333576207503469391e+02
1.462209514542062720e+02 2.264175096516692065e+02 2.262800717176449155e+02 2.255277922320676964e+02 2.045494940413713891e+02 1.756917656907289995e+02 1.951090080030226090e+02 1.896746385272219015e+02
1.510628859219944786e+02 2.566490125588058504e+02 2.407697444281921832e+02 2.052294537353288320e+02 1.930380096861978529e+02 1.793829107496970323e+02 1.839948963999875673e+02 2.084127625106445407e+02
1.871105888357536458e+02 2.411304652207538197e+02 1.409612363334662462e+02 1.976586031640376007e+02 2.341379763132108565e+02 1.890199208871447638e+02 1.831406612883459673e+02 1.867137557348485188e+02
1.737087000339545853e+02 1.890435072041312878e+02 1.818050478597445476e+02 2.263582430927208691e+02 2.367934107611710317e+02 2.280890772413919763e+02 2.135052904427155624e+02 1.546946750911038748e+02
1.638773240962027558e+02 2.507734109623332301e+02 1.587009722903504780e+02 2.019847812012835675e+02 1.961656239095540286e+02 1.858093133989590342e+02 2.112389835147377539e+02 2.175216943822459541e+02
1.727978691427410638e+02 2.315363522820548496e+02 1.930927079966379551e+02 1.925625674218111101e+02 2.285028648597201766e+02 1.950586185926976839e+02 2.318968412371230841e+02 1.675156073784480384e+02
1.715905012367256859e+02 2.283450438730770315e+02 1.501508156723141383e+02 2.088235273551202624e+02 2.150271075943066705e+02 1.756686447363362618e+02 1.856099316410154074e+02 1.754258399248476508e+02
1.944548486793056270e+02 2.382569485562362388e+02 2.095873838620209710e+02 2.083149568357181636e+02 1.863743584873176644e+02 1.946848162009212615e+02 2.083437432129891818e+02 1.984717229238827088e+02
1.355204181119226803e+02 2.223876867900953016e+02 1.925354678789409206e+02 2.257066250001942649e+02 2.220253090641632525e+02 1.798675470343214613e+02 2.004867305639920119e+02 1.768321364609072077e+02
1.334095394903785632e+02 2.307787176457934493e+02 2.052133257443446723e+02 2.141342665495363065e+02 2.109509757649729238e+02 2.013895293578273709e+02 2.010823044410269063e+02 1.705062824085209741e+02
1.848861905455673593e+02 2.620297508997231262e+02 1.987874166104648168e+02 2.202191673776897289e+02 1.300709240224953476e+02 1.918906595745355332e+02 2.023876689825871438e+02 2.179597830778840830e+02
1.873225546677195155e+02 2.553668975138411668e+02 2.299468447292482551e+02 2.230561471375887947e+02 2.004748943395506728e+02 1.913536788413530303e+02 1.739467238620116518e+02 2.451150061646937672e+02
1.526887583790750966e+02 2.504418795372953355e+02 2.329792298422016188e+02 2.024288321270080928e+02 1.805048150272981502e+02 1.555948173594054538e+02 1.777127402356100561e+02 2.109161590641840860e+02
1.792331655557604506e+02 2.719645603216164886e+02 2.129983626251567443e+02 1.924709735103183732e+02 1.963655881588845489e+02 1.449876295453048840e+02 1.621956498853239168e+02 2.501436937724632514e+02
1.733469416442708848e+02 2.165333739874466801e+02 1.995080689958982703e+02 2.339801617569658561e+02 2.163463386191934035e+02 1.796260186363122671e+02 1.934369468145502537e+02 2.071459124988783458e+02
1.335578635099525968e+02 2.445406078314214255e+02 2.233861668486153178e+02 2.032159599750046368e+02 2.077120161389594841e+02 1.843603993168760837e+02 1.721992134861921784e+02 2.217053017580359722e+02
1.594041068455137236e+02 2.505398900090025336e+02 2.081067768097763633e+02 1.913859991831034222e+02 2.160610292071780236e+02 1.826704473317801387e+02 1.617629939667235703e+02 2.202673635533838592e+02
1.958565877585274109e+02 2.423396659674764066e+02 1.406496091685901888e+02 2.098424738382909425e+02 2.248076104917218458e+02 1.664992522747151042e+02 1.817469200842014345e+02 1.956442460012068807e+02
1.625762663914416635e+02 2.182335758125569498e+02 2.236961828119304414e+02 2.100740363124544672e+02 2.159163030314733760e+02 1.879618625101634564e+02 1.864357878493759131e+02 1.783763171618869308e+02
1.628297462946038650e+02 2.158613166422464076e+02 2.049762062727238572e+02 2.357231169298955251e+02 1.959116145194393539e+02 2.219656970748206675e+02 2.026110015871808230e+02 1.363896862031648425e+02
1.500020463598483502e+02 1.969102366756148967e+02 2.151942727644566844e+02 2.152044577215577306e+02 2.082592984085150078e+02 1.927243042052765247e+02 1.896865563577569560e+02 2.102801799652946784e+02
1.736114996977639464e+02 2.216456560924360701e+02 2.395938638067518980e+02 2.252677226582564174e+02 2.108575326405841110e+02 1.653319584151960555e+02 1.662623851641185126e+02 2.315914561447697224e+02
1.901299141852326784e+02 2.752915603951557273e+02 2.140094960374732409e+02 2.184573155764967680e+02 1.743039723016297842e+02 1.966665471504248330e+02 1.978433941195828254e+02 2.321840043032267715e+02
1.667684154005328594e+02 2.415480519033271207e+02 2.071095518264299642e+02 2.070861074909325907e+02 2.154935163434462027e+02 1.467095687151233392e+02 1.746473225099057061e+02 2.104181703981578551e+02
1.456100217770825509e+02 2.202883761667108047e+02 2.040105628040007844e+02 2.294630675464284195e+02 2.167431403910060510e+02 2.323445782609835533e+02 2.078427956121019236e+02 1.350608260907542615e+02
2.010533430268436064e+02 2.539340682941877958e+02 2.279894944189313719e+02 1.979485739780462836e+02 1.965449586168571159e+02 1.966713358397007880e+02 0.000000000000000000e+00 2.356916614623338830e+02
1.731544743553189107e+02 2.074256170545732232e+02 2.380363466364428291e+02 2.102780387812675258e+02 2.133054692404730588e+02 2.165943400525605966e+02 2.352070636621247388e+02 2.100088089912698877e+02
1.576405533402983394e+02 2.069671687690869817e+02 2.003836447160829266e+02 2.416837405938298673e+02 2.293565271646112365e+02 2.005532148795449814e+02 2.270249107632556900e+02 1.523994096893042638e+02
1.766530228155017141e+02 1.982203023387824601e+02 1.945855378048364059e+02 2.080454883420059673e+02 2.161202144402145677e+02 2.109075294267261427e+02 1.812526416136110754e+02 1.509065840663207325e+02
1.857338388690735371e+02 2.438522615038351944e+02 1.535289668556517881e+02 2.087856821163024961e+02 2.066805850950392198e+02 1.893301157346250534e+02 1.724037832734119888e+02 2.037592806665546448e+02
1.549740497533377095e+02 2.412496822438124013e+02 1.802985529088547025e+02 1.746642970220346740e+02 2.169265071308683446e+02 2.016458103433632516e+02 2.052952307652861634e+02 1.868028554287710961e+02
1.844067394055187776e+02 2.315502620615120009e+02 1.633980855397187213e+02 2.151109117289145161e+02 2.206586702663545054e+02 1.914441338453276558e+02 1.786760526180833892e+02 1.850472894560549264e+02
1.674947461621947866e+02 2.030063847038893812e+02 1.928862974273747000e+02 2.479762652150981523e+02 2.095416032161774353e+02 1.907882121393700459e+02 2.105580105516953893e+02 1.304508545172008951e+02
1.759754352717124277e+02 1.959164580401547937e+02 2.179247437353553494e+02 2.249471289100434603e+02 2.148357790486186616e+02 1.990652574293452233e+02 1.801370026635805743e+02 2.059545142476836475e+02
1.786772950276170775e+02 2.334648140774025364e+02 1.932926779587859301e+02 2.309258383496601539e+02 1.731735121781411522e+02 1.885864767353479863e+02 2.144015076485755174e+02 1.923489968443717828e+02
1.938472469766830386e+02 2.642648336210804700e+02 2.135560611830325399e+02 2.150326345456459478e+02 1.859811174769414208e+02 1.745821714114854615e+02 1.635293870753670831e+02 2.471627774444386034e+02
1.379025276396008906e+02 1.837882877192708122e+02 2.121182877443183656e+02 2.327029924797826652e+02 2.138420180846367202e+02 2.041131257915217532e+02 2.167827056264342218e+02 1.840734415765180074e+02
1.969588034767893703e+02 2.508372170627101809e+02 2.100354897510813998e+02 2.170398954603787161e+02 1.135721076649035979e+02 1.847555344286877244e+02 1.718882964360242340e+02 2.317273727775249768e+02
2.017909852131028003e+02 2.748614474909886667e+02 2.095686386626549904e+02 2.152464915717825136e+02 1.097859762156352161e+02 2.046874753451195659e+02 1.701788650909304579e+02 2.522498996506992341e+02
1.701533991400804382e+02 2.394309445967369925e+02 2.156182166573953509e+02 2.239941352904801590e+02 2.105701157050199868e+02 1.257051530298299724e+02 1.804124204230165560e+02 2.070469748985937315e+02
1.871783914320173494e+02 2.311187429378757656e+02 1.535650771194394792e+02 2.103711102047201393e+02 2.425283448501946566e+02 1.754894955592692725e+02 2.004856553980862373e+02 1.683953622152636171e+02
1.925450057978517577e+02 2.389611269170421508e+02 2.242028894811150792e+02 1.820852801216164494e+02 2.462186666620924882e+02 2.071119075270581504e+02 1.850012080987063712e+02 2.418313075626901991e+02
1.487519629967500236e+02 2.503497433951984021e+02 2.363697774858456455e+02 2.008677799221816827e+02 1.746124635133381844e+02 1.991535050639162705e+02 1.832880445725870686e+02 2.275272858274466898e+02
1.431293458381820187e+02 2.412339025483013870e+02 2.142291668522190662e+02 2.293082237455332972e+02 1.980553844152576062e+02 1.952007272650861012e+02 2.035880552878780634e+02 1.878658001598971055e+02
1.927357482146202017e+02 2.517016117692613193e+02 2.388729574588322748e+02 2.283208498277170122e+02 1.856400241029917595e+02 1.953353415821988506e+02 1.830802626358896248e+02 2.435222641020041863e+02
1.833085085552710893e+02 2.413294349601368936e+02 2.225718357177900941e+02 1.630345730814890430e+02 2.165789554569208519e+02 2.301870630607784562e+02 1.805421986771288800e+02 2.276276077368850679e+02
1.931426718805827250e+02 2.925070452860294381e+02 2.335675700009200568e+02 2.124077059938574052e+02 1.051318019052919368e+02 2.090681548630290933e+02 1.919584607351212355e+02 2.521350999844667342e+02
1.149980881069022729e+02 2.167723223638000150e+02 1.961361035881919292e+02 2.211841338523434501e+02 2.293169640262020152e+02 1.900149423144771390e+02 2.053702041647052283e+02 1.775767945185961025e+02
1.726912982325707162e+02 2.644776455680872118e+02 2.001885707491732092e+02 2.210295107055026165e+02 1.699603980300885269e+02 1.881087608470250245e+02 2.031630234320730040e+02 2.088197010910171514e+02
1.732813639712525742e+02 2.326814170087278058e+02 2.092902868663087759e+02 2.165737252693801054e+02 1.995161400387520132e+02 1.483216227586882781e+02 1.672490752059785848e+02 2.243549962174537313e+02
2.228680504577252748e+02 2.452986146715630866e+02 0.000000000000000000e+00 2.094251750112499337e+02 2.216026843890907685e+02 2.057342784069736012e+02 2.279894944189313719e+02 1.944869601751593677e+02
1.572549929866672471e+02 2.179567253396670594e+02 1.990219836941241169e+02 1.778978605568630655e+02 2.094901297957860606e+02 2.121668789218079496e+02 2.048544623326106375e+02 1.692089008325416160e+02
1.008710128580419934e+02 2.511549217894797721e+02 2.015566934676184303e+02 1.962742451351372210e+02 2.329330542046498920e+02 1.960333057286527776e+02 1.929796148929776507e+02 1.644196886459928066e+02
1.433808549817014182e+02 2.521738115747895108e+02 1.860360553617618677e+02 2.047866567016838815e+02 1.883460561970949243e+02 1.860626951271138694e+02 2.013712307084627753e+02 1.948919616878891645e+02
1.498597729927005275e+02 2.548685483908669767e+02 2.114388155713366757e+02 2.115951217464256899e+02 1.728168851716986012e+02 2.116980549375583394e+02 1.896559690734958679e+02 2.406048489111069557e+02
1.740535172571187559e+02 2.146744290019062475e+02 1.555144266581416161e+02 2.167795988425407074e+02 2.052603640452954323e+02 2.044819506485372926e+02 2.058704968334468219e+02 1.600365045627095526e+02
1.640783805203840018e+02 2.138163214637926899e+02 1.713646307534874893e+02 2.143200008126901537e+02 2.203781048990638851e+02 1.868315909707683034e+02 1.745367918865061370e+02 1.668244682995735104e+02
1.534009108405289794e+02 2.327618692209907749e+02 1.872325764315774279e+02 2.053413270723654307e+02 1.666444425949730999e+02 2.019955136048970701e+02 1.991384405745906747e+02 1.987376179049768723e+02
1.620369840849690775e+02 2.261287427358707873e+02 2.031428304633052448e+02 2.271378383539046411e+02 1.862419229377921681e+02 2.062763257594315291e+02 2.106757972235231477e+02 1.439797426890378063e+02
1.689797303378069842e+02 2.159514377152653992e+02 2.293132568632414063e+02 2.203106760112968914e+02 1.877012178930817470e+02 2.034760942411392080e+02 1.938618085084394522e+02 2.252592885953357325e+02
1.528041855355695304e+02 2.572057765136783587e+02 2.180276753917739256e+02 1.784339166320919503e+02 2.130628184322629295e+02 1.707485539941594084e+02 1.709182101235198274e+02 2.226430993515540422e+02
1.923866109268156492e+02 2.385534507163323497e+02 1.313947061677069144e+02 2.087502655111061927e+02 2.146850027328379724e+02 1.776291129189300193e+02 1.993531047723756728e+02 1.747197190435674088e+02
1.645387492325687617e+02 2.629991548699348414e+02 2.040632984307399909e+02 2.196449115208669127e+02 1.623907361798324871e+02 1.825851451058964869e+02 1.910524280854315009e+02 2.042900076570005297e+02
1.801807227125973441e+02 2.614149134711158240e+02 2.050813567535036555e+02 1.902587136903948135e+02 1.966859749801076305e+02 1.498731226740645468e+02 1.871979886411158702e+02 2.280083382371772416e+02
1.691886560508737603e+02 1.944414317655134710e+02 2.057315444207674489e+02 2.159029298493394435e+02 2.397811419087045408e+02 2.174792682081364887e+02 2.009399798610102721e+02 1.293406230208982493e+02
1.913680947899403009e+02 2.679785698476460993e+02 2.514785654049641721e+02 2.356068820857780963e+02 1.806412076651714358e+02 1.751858939738876018e+02 1.821825439407442957e+02 2.361850912559370670e+02
1.630418570192734080e+02 2.201018804183756288e+02 1.837422658688794854e+02 2.094972699356079602e+02 2.175799290425951824e+02 2.119017323606059335e+02 2.029325046336367961e+02 1.426718769003117302e+02
1.590317564576955363e+02 2.488496991414018851e+02 2.059846428408869201e+02 2.211606663159587072e+02 1.849752669079445297e+02 2.012267856413951961e+02 2.190934961582471487e+02 1.844690852418664520e+02
1.657276001667679566e+02 1.778470846003775705e+02 2.155088278765545340e+02 2.288845113223564738e+02 2.068705001448754786e+02 1.855182313680799950e+02 2.099114195696706986e+02 1.751405272435127642e+02
1.687486498329168398e+02 2.359786245592908926e+02 2.049714412134841837e+02 2.263625687297853517e+02 1.976324181123707149e+02 1.397461821184045050e+02 1.690184966740407901e+02 2.111075215771759304e+02
1.390107758519354491e+02 2.565947425374682211e+02 1.676471634648808333e+02 1.708098243669066392e+02 1.945360513984710451e+02 1.765500323203170581e+02 1.993781104442498986e+02 2.209007660027614293e+02
1.892771668262489015e+02 2.346186941105786445e+02 2.080319715847927000e+02 2.329901762651682589e+02 2.037502495043371482e+02 1.304330426208542804e+02 1.665193095847802169e+02 2.094657455081252806e+02
1.779373273906833788e+02 2.471209001001497541e+02 2.298852371355549167e+02 2.234195836700241102e+02 1.847228456701564312e+02 1.274151925343646496e+02 1.905233070857331086e+02 2.115305789748514371e+02
1.224197155134827710e+02 2.236725784690295882e+02 1.986836631887933891e+02 2.008817912102464618e+02 2.134462303262462513e+02 1.957076565260093446e+02 1.942292605895800932e+02 1.771292412097147633e+02
1.798959532782238853e+02 1.778131034481197048e+02 1.965896160819655165e+02 2.310333874723909844e+02 2.497569722718042442e+02 2.322547213709705431e+02 2.154408615322031721e+02 1.586819765812464880e+02
1.565759431961227790e+02 2.158093716232144175e+02 1.898521298122450958e+02 1.992878078564560553e+02 1.937943575801931786e+02 2.031548255063211741e+02 2.098101280129728821e+02 1.916208554443257981e+02
1.830724983890916633e+02 2.544652940938061363e+02 2.037569878913639343e+02 1.670414012241871546e+02 2.203817214531566151e+02 1.696178797992742773e+02 1.931963593879156065e+02 2.142950251002548612e+02
2.073296510439346605e+02 2.339126849451036776e+02 1.168953995750970734e+02 2.004221238038008437e+02 2.374003174646701382e+02 1.938786429249188927e+02 2.146946273510446588e+02 1.545892990953473429e+02
1.853971100856993814e+02 2.278309360796621945e+02 2.375223372211695221e+02 2.005707605423394853e+02 1.811210972227640070e+02 2.078242701701571775e+02 1.941713387842893894e+02 2.250018940573210386e+02
1.559222994411452134e+02 2.431547121343128879e+02 2.253935631730518026e+02 2.110578669817725483e+02 1.786676377275483958e+02 2.017557374220007205e+02 1.522837732000159008e+02 2.264328666919716682e+02
1.640834818260061354e+02 2.237282411886739339e+02 2.132336931814079151e+02 2.024270169074633259e+02 1.993590208012108178e+02 2.057338887676311856e+02 2.015462431495744795e+02 1.605595366759882268e+02
1.632001299204879103e+02 2.528403694076617967e+02 2.201234323211980097e+02 1.883940860122131653e+02 2.121946103023416015e+02 2.399988991322902621e+02 1.893673750595406489e+02 2.182370950385792412e+02
2.084519825081698627e+02 2.337837990685557372e+02 1.639480670296733251e+02 1.959569564429164643e+02 2.506065918949909133e+02 1.455563647312318665e+02 2.068549751689010066e+02 1.818829179188080047e+02
1.855154371451397139e+02 2.008702333746589943e+02 2.224033135883159389e+02 1.683324889815313838e+02 2.221685906912074131e+02 2.006887192391763790e+02 2.030697196898723291e+02 2.203075393752937430e+02
2.006985311516422428e+02 2.446478373751479580e+02 2.259694902191172616e+02 2.094850356863522336e+02 1.954684286600776204e+02 1.747703934113712592e+02 1.795709782760085318e+02 2.355501878645350473e+02
1.647921284232096752e+02 1.947259330611650796e+02 2.062589469902657981e+02 2.332524084067125898e+02 2.193711012191031386e+02 2.250200732688543042e+02 2.233731047241533076e+02 1.192211980603218109e+02
1.860081795854249833e+02 2.853856004060563123e+02 2.271463649106090656e+02 2.020817122315970380e+02 1.625338641679722969e+02 1.908524640532766909e+02 1.662339511284020261e+02 2.301371718727291977e+02
1.856034729209405896e+02 2.145208481638190960e+02 1.727240542257604545e+02 2.320491341555244560e+02 2.421741940372805004e+02 1.875749820979128231e+02 1.884287408283009881e+02 1.685349137756841458e+02
2.052687795132144402e+02 2.343934423184430784e+02 2.342586514764128651e+02 1.675061237159451650e+02 2.169581257538817169e+02 2.072132271294302086e+02 1.837845241882652942e+02 2.423456579577816967e+02
1.536415078145228676e+02 2.074240536381430786e+02 2.414825293588721138e+02 2.069155778162954959e+02 2.283712301612495139e+02 2.049711792425112549e+02 2.136802134550896994e+02 1.731998671562282652e+02
1.607664026949363176e+02 2.571513881667854662e+02 1.986352654055544065e+02 2.137992037606761357e+02 1.721030212935918087e+02 1.816297080498986531e+02 2.029268521373254259e+02 1.831785843622768652e+02
1.756135690386409465e+02 2.364949489422332363e+02 1.843460741214184679e+02 2.232121230292594873e+02 2.238073283957686783e+02 1.992716170187825355e+02 1.836447005763649258e+02 1.851404908606953370e+02
1.900695579900820462e+02 2.455939091724093828e+02 1.956142795039423845e+02 2.383559668119220305e+02 2.168045195960985154e+02 1.036632134957982885e+02 1.894207715347250200e+02 2.092220853459847945e+02
1.683791314340479630e+02 2.538740361312133587e+02 1.769431286544999580e+02 2.124534835127416272e+02 2.135313263337738192e+02 1.580654591615311801e+02 1.608116155376189340e+02 2.030972318772878680e+02
1.635077938650611316e+02 2.242056599775328891e+02 1.711277480783190583e+02 2.260474273823561191e+02 2.456270023967662439e+02 2.032903962738283496e+02 2.023134315658737705e+02 1.344119955091373129e+02
1.695296548777954797e+02 1.945536209894584090e+02 1.999342852488622952e+02 2.545704574518272523e+02 2.164707403898250675e+02 1.864591718042589719e+02 2.257196181813843623e+02 1.514196619601359259e+02
1.626907984145830142e+02 1.872607946465046780e+02 2.096160687396091475e+02 1.968566430575117181e+02 2.248994246717301451e+02 1.933322846859535673e+02 2.031288344166162574e+02 1.908124853755460606e+02
1.537913355507302526e+02 1.926416541834962288e+02 2.021020718044467515e+02 2.053417185644240135e+02 2.319831765474444580e+02 2.169443934086016554e+02 2.130555334111511456e+02 1.568382141251664166e+02
1.936505339681431224e+02 2.095151139471491319e+02 2.208523822838866693e+02 2.029251215968263864e+02 1.908757038854084556e+02 2.149911375445993258e+02 2.007913230132722049e+02 2.209883360144530116e+02
1.958162410441420604e+02 2.622635384462712977e+02 2.298990898813713102e+02 2.082315196300277762e+02 2.189449253406787648e+02 1.841167996072647099e+02 1.470616989584282237e+02 2.572910181763920718e+02
1.814036803028239717e+02 2.413557949994799685e+02 1.459296494558404333e+02 2.126834594281077102e+02 2.218936337325736758e+02 1.743603219055514444e+02 1.738284732936371597e+02 1.829042453230685794e+02
1.209100749833398396e+02 2.691178100464290992e+02 2.202170791242419625e+02 1.875287810864485323e+02 2.090305648445552720e+02 2.002144613974319043e+02 1.829708003860490066e+02 2.235890839094893181e+02
1.556816869560647945e+02 2.035668467027097677e+02 2.061498270972944340e+02 2.241405949076020931e+02 2.176469909318599889e+02 2.053533205711815697e+02 2.059691627214717755e+02 1.561103980519369827e+02
1.735676103727225552e+02 2.125982902707076505e+02 2.043454353907289374e+02 2.309915841398830594e+02 2.023480228431390060e+02 2.380044288094484841e+02 1.982548313573871326e+02 1.737635401942093551e+02
1.582200197460928734e+02 2.683075944210326611e+02 2.090838391589665264e+02 2.038918613946104017e+02 2.082311130085304853e+02 1.620558142059909983e+02 1.698093511131061177e+02 2.353923393374370789e+02
1.760711788792245898e+02 2.488175029747377494e+02 2.134317576750303829e+02 1.427190498559803586e+02 2.198955516692578271e+02 2.368104533643933109e+02 2.078790001715327094e+02 2.280385302892924813e+02
1.787381200904992227e+02 2.606476067619549326e+02 2.217399292161023538e+02 2.170215899813296971e+02 1.997536811738447113e+02 1.793046640331548929e+02 1.691919356018613314e+02 2.408395770975171786e+02
1.657977043815253069e+02 2.330365579384852310e+02 2.200573384047078491e+02 2.207691876741248223e+02 2.121787306274702019e+02 2.148018954550543924e+02 2.267085185084550574e+02 1.804366478092679529e+02
1.565811233833034350e+02 2.172774231530057136e+02 2.195724543025351636e+02 2.096075463278456823e+02 2.112740892979417708e+02 2.061091806153012840e+02 1.918778483127867389e+02 1.680706977622563443e+02
1.010718883061082494e+02 2.708025642331521681e+02 2.273549556436580019e+02 1.970082569527586429e+02 2.111053857682821331e+02 2.017485151830873633e+02 1.812941850921338869e+02 2.183675103296253894e+02
2.030627486555041230e+02 2.822838178519058374e+02 2.320696061024755750e+02 2.253248545195013719e+02 1.720696180220820679e+02 2.000043175813724474e+02 1.522644760180224637e+02 2.566233403408096478e+02
1.661078023663973227e+02 2.383846357156284057e+02 2.337502009285539657e+02 2.636318069382068074e+02 1.959415266525780908e+02 1.517716885667215934e+02 2.321517851700208723e+02 2.083931158186573782e+02
1.659986286385700112e+02 2.399596875976923513e+02 1.437563986721865774e+02 2.114732057439920823e+02 2.012412562707457369e+02 1.831331063806255770e+02 1.875813618650613250e+02 1.926294753031335460e+02
1.500356462899977146e+02 2.431441341347891125e+02 2.420629777406635696e+02 2.300240264366240694e+02 1.949121754045877140e+02 1.966716214043282491e+02 1.684929367540572400e+02 2.389936204636768480e+02
2.142697931617284155e+02 2.113794153123228909e+02 1.189764701252808976e+02 2.223442383912119169e+02 2.313848750306678426e+02 1.897125043855651825e+02 2.209400652435447796e+02 1.901096841032698421e+02
1.285692075866391804e+02 2.267734125754874412e+02 1.961121920909997129e+02 1.832352599206184323e+02 2.125146282748831652e+02 2.071706688551935542e+02 1.819516967058337116e+02 1.679098533977172565e+02
1.670648954821005816e+02 2.176623619099777329e+02 1.969438084972519789e+02 2.453182641198085889e+02 2.070968719135934180e+02 2.061492139034347986e+02 2.234614961376672113e+02 1.412500918597528994e+02
2.005731270330547034e+02 2.009527995463729440e+02 1.944869601751593677e+02 2.437444598406887337e+02 2.489121910757994556e+02 2.302515530043382341e+02 2.356916614623338830e+02 0.000000000000000000e+00
1.472254540142452583e+02 2.460593607248730450e+02 1.796566797076527848e+02 2.115368697632682142e+02 2.121438486136260053e+02 1.983201466790308984e+02 1.689012660384400988e+02 1.728922513691801441e+02
1.920543191723461689e+02 2.545344985198522636e+02 2.510267286587846627e+02 2.298874218005718149e+02 1.723074805121280804e+02 2.073777111117682352e+02 1.471244330187824119e+02 2.291798486204284586e+02
1.836036627508402148e+02 2.612215406776298323e+02 2.003966110000168328e+02 2.358110848528065446e+02 1.626258365888715218e+02 1.988261483070878342e+02 2.127701832194503595e+02 1.931223532295401242e+02
1.509373877592899476e+02 2.215353109765567297e+02 1.811132212094993292e+02 2.407165273998644466e+02 1.860866717967053034e+02 1.789404273639658243e+02 2.168200237377992039e+02 1.818946528205455309e+02
1.426267046302870654e+02 2.060367495486627547e+02 2.070486201581672390e+02 2.237377609057893437e+02 2.216018537143878007e+02 2.018866066769450072e+02 2.079861737389775271e+02 1.919839056774688402e+02
1.256517293861362674e+02 2.121009136295865574e+02 2.060537075740424768e+02 2.225485268604134035e+02 2.197336967069281002e+02 2.175842802221911541e+02 2.164086376373579981e+02 1.421333805126941172e+02
1.494672249122883727e+02 2.528440954706597950e+02 2.130460512189552276e+02 1.985826760458552656e+02 1.979328561391306209e+02 1.838844073789618108e+02 1.617746323605297221e+02 2.234168596949999994e+02
1.878854478592424471e+02 2.682629656133567551e+02 2.065005991482666730e+02 2.329203451651577836e+02 1.881189238526567067e+02 1.956260711728603781e+02 2.133173384178919321e+02 1.801807265385799894e+02
1.795185176020149811e+02 2.078979265831582097e+02 2.166757960056831678e+02 2.213091106940473196e+02 1.878154625364421975e+02 1.982180158177313274e+02 1.779619392670875015e+02 1.990832035691334738e+02
1.270189418169962323e+02 2.174851207174438628e+02 1.935242216907574289e+02 2.403363032916175257e+02 2.197781477258707241e+02 1.993548187800188884e+02 2.185813555291149157e+02 1.521306102199783936e+02
1.542247772928580503e+02 2.494895952195570032e+02 1.921154724853431048e+02 1.974711013679151108e+02 2.035048137466559695e+02 1.312778457991278458e+02 1.712886673517282929e+02 2.152159508043673384e+02
1.752277036824756351e+02 2.362655801259763280e+02 1.721767381789689750e+02 2.020172412260793919e+02 2.308534333511702243e+02 1.861104798331180348e+02 1.725487100838969639e+02 1.863743296178799937e+02
1.602518999531363875e+02 2.320866970182728437e+02 1.816691586284911182e+02 1.721214188045360345e+02 2.230723497246763998e+02 2.186051344945921926e+02 2.042888864314087130e+02 1.798914087774926429e+02
1.915520003640354219e+02 1.880107715307836713e+02 1.740296788227682327e+02 2.457209453868824198e+02 2.429039543630928790e+02 2.323189271554389848e+02 2.372518163047930955e+02 9.970144852817951175e+01
1.913110125447136340e+02 2.248117100913348452e+02 1.608204511339545775e+02 1.972995976297923448e+02 2.281690813448519748e+02 1.978434877408875252e+02 2.014685084582656884e+02 1.877335177485562667e+02
1.452201545507784886e+02 2.528353839231691040e+02 1.720609252340991020e+02 2.037335834044532987e+02 2.092261538813060611e+02 1.496110295596902517e+02 1.662545737455485551e+02 1.968236727828800099e+02
1.853166315705818761e+02 2.616873263011650579e+02 2.001138634978414927e+02 1.693907264701877580e+02 2.164727739760491829e+02 2.002143755885239500e+02 1.853080376934735511e+02 2.239128096894840780e+02
1.363899262688532588e+02 2.287242227897859266e+02 2.248427499697997973e+02 2.087767193724403967e+02 1.936825605110113599e+02 1.764392533971520436e+02 2.034283952132668105e+02 1.933311209497754248e+02
1.743045365806966913e+02 2.491119990792037413e+02 1.946562349425787772e+02 2.084120204853948337e+02 1.623015221597890729e+02 1.908455161291525144e+02 2.084813092548648967e+02 1.898254067611649987e+02
1.914277988479369697e+02 2.366011133202369479e+02 2.263170051840483268e+02 1.908353267685109813e+02 2.054046963753078785e+02 1.816545972158069446e+02 1.762500117611875794e+02 2.372608932660895107e+02
1.561172779062054019e+02 2.733125893461332794e+02 2.148086159556018515e+02 2.000730274341195525e+02 1.633437176408218647e+02 1.974834637954054983e+02 2.027749628349849047e+02 2.045695662099109597e+02
1.696422186347884349e+02 2.010675981059164030e+02 1.886623368936193970e+02 2.324360193556663603e+02 2.240516607786235284e+02 2.176710604820955268e+02 2.184637193714815453e+02 1.063675925879839923e+02
1.838748401951883409e+02 2.580480904549366414e+02 2.329489430803119774e+02 2.140131345762283672e+02 2.241844973166950012e+02 2.143818602771647761e+02 1.969531217725523504e+02 2.147731966574459079e+02
1.810352630996772518e+02 1.863432495833062603e+02 2.013058738800178560e+02 2.342541237679326969e+02 2.331113783540994859e+02 2.197682409326168624e+02 2.294194883396268665e+02 1.265849234230859679e+02
1.753210406254668783e+02 2.033773731724259619e+02 2.261822476304465113e+02 2.307737339228956444e+02 2.025138298000212274e+02 2.228713231514279585e+02 2.027452898719743928e+02 1.502715920143992889e+02
1.817530096013642549e+02 1.989686897252339577e+02 2.002331407694748577e+02 2.242979804723939310e+02 2.236785925696138690e+02 2.385788413179436702e+02 2.178389323990021751e+02 1.415426299328978814e+02
1.602404814728241149e+02 2.673262892716638248e+02 1.994726955160525108e+02 1.825121195475161358e+02 1.634409615661766964e+02 2.004533549676781945e+02 1.981131683689602028e+02 2.049245526608223997e+02
1.668732058732711891e+02 2.645769385647527088e+02 2.424113381648594725e+02 2.328176995552748565e+02 1.805240820770576420e+02 1.995977441043511078e+02 1.971202599195883636e+02 2.397285446887076716e+02
1.372682416849147273e+02 2.363357201174449642e+02 2.299948901798276495e+02 2.177530994514740144e+02 1.932462557287516347e+02 1.776983667138527494e+02 1.772452034851829410e+02 2.111223433353584369e+02
1.894279039457446459e+02 2.279248348176109289e+02 2.230910305908485611e+02 1.554522926664028546e+02 2.216647436110354761e+02 2.326936275277133177e+02 1.975002457832824234e+02 2.430544730465242083e+02
1.434678633847895526e+02 2.437548848982370941e+02 2.230489308020775923e+02 2.090844362725107715e+02 1.793759109121055246e+02 1.789431856284458604e+02 1.713640355040646739e+02 2.211625614568025071e+02
1.841394390466047355e+02 2.434941706094960807e+02 2.087724423160094034e+02 2.235868652078333128e+02 1.530510132177581966e+02 1.959585787426981369e+02 2.067855518418269298e+02 2.091055270565116189e+02
1.555170836317767566e+02 2.304966562015470117e+02 2.156087452387730252e+02 2.254953017207764390e+02 2.193714386459784293e+02 2.012541712980805357e+02 2.085489145762831242e+02 2.155883898893810340e+02
1.559890944229736931e+02 2.109625931861691299e+02 2.210250021550579618e+02 2.121189700676072505e+02 2.116036251320602162e+02 2.164490087380789021e+02 1.992246766534250639e+02 1.589126892977199930e+02
1.640040504821084824e+02 2.363192174024051155e+02 2.485876318787967989e+02 2.336787014715051498e+02 1.886241962003230697e+02 1.820377842012115650e+02 1.644165772801704009e+02 2.223095796941366302e+02
1.694142706749415765e+02 2.099229695203005406e+02 1.958293512669424103e+02 2.536085064336601249e+02 2.231926123792837870e+02 2.009422174176047520e+02 2.360308220681889395e+02 1.142103817946654516e+02
1.870225689604345689e+02 2.211559719150805847e+02 2.146510977199160379e+02 2.233671082053305099e+02 1.909476257807753825e+02 1.903149195497370840e+02 2.141535648330723518e+02 1.890255060891006735e+02
2.119555829389945814e+02 2.237950565128819846e+02 1.337239077961686746e+02 2.027797539358268466e+02 2.409413001736929800e+02 1.924535012352440901e+02 2.032192628153047451e+02 1.885182903291958780e+02
1.727034153512804551e+02 2.787163776958767585e+02 2.081538169711746491e+02 2.036095093203562101e+02 2.068395159737109736e+02 1.825218923045603105e+02 1.618802978060913063e+02 2.338114001377745126e+02
1.698838614856427114e+02 2.475859809674740859e+02 2.104936009615748276e+02 2.122226408956514376e+02 1.987515636084227708e+02 1.740724381621278383e+02 1.586912622631104455e+02 2.314911627368427958e+02
1.638318152860851740e+02 2.011822771957069449e+02 2.076125947015203792e+02 2.334188247540122916e+02 2.060701489033256166e+02 2.150952645350164687e+02 2.056407278644125540e+02 1.352137926594203634e+02
1.630878841847000729e+02 2.249646582706344020e+02 2.093361263900649476e+02 2.273240853166497288e+02 2.018186107681206636e+02 1.402383629284220206e+02 1.815386813328885012e+02 2.186397302220505878e+02
1.981647357538622032e+02 2.465275960601466636e+02 1.526667696580238385e+02 2.119253762989554843e+02 2.175775298791534738e+02 1.693083038397552116e+02 1.893746594052548460e+02 2.061220292586407652e+02
1.760569190841729323e+02 2.396052966487462754e+02 1.773665375038596892e+02 2.052183528667484325e+02 2.015199856143431987e+02 1.663981901758964455e+02 1.947784243973439402e+02 2.067497159025069209e+02
2.183778494916419959e+02 2.287078940316627040e+02 1.201356472470877321e+02 2.297626641253263529e+02 2.191244608674111021e+02 1.834708411506375967e+02 2.117854237648004130e+02 1.722331282121267861e+02
1.489647301098047194e+02 2.468634262684410601e+02 1.934120077847872778e+02 2.040315680489708541e+02 1.972171904444823838e+02 1.907464212524144500e+02 1.601653965079589170e+02 2.213719660770287589e+02
1.693537543163541272e+02 2.254780828494622256e+02 2.182866854841655311e+02 2.064636127584362555e+02 2.049568848993921506e+02 1.696525626184390205e+02 1.683547016144859185e+02 2.123505279908921182e+02
1.547725967251953136e+02 2.072736280068654082e+02 1.973083770219424196e+02 2.248818021682522499e+02 2.169940039882467318e+02 2.199967412012119610e+02 2.150672933272641671e+02 1.325118063533021200e+02
1.924501385380505667e+02 2.394416855111146845e+02 1.714401420871858193e+02 1.882086254563650698e+02 2.191479945405449996e+02 1.726112231940994377e+02 1.815369347147203314e+02 2.123479849074599031e+02
1.482426903392531301e+02 2.077260105365387517e+02 2.217719580680480362e+02 2.134739879901193262e+02 1.913921637860172780e+02 1.965430742379585070e+02 1.831213150471660924e+02 2.141336108027556691e+02
1.635953568018786370e+02 2.118010596125556333e+02 1.919208343600707849e+02 2.348890574169116405e+02 2.162332003920356556e+02 2.163764339484892787e+02 2.138987758222948798e+02 1.447686325598079407e+02
2.044891024618241602e+02 2.806285260341006733e+02 1.950553640249004559e+02 2.095449297382585598e+02 1.072586565010110604e+02 2.145247013529836124e+02 1.912736902496451421e+02 2.462079093976353761e+02
1.565194109181929605e+02 2.431385718772136215e+02 2.274922632107094671e+02 2.154648494917027222e+02 1.994252470113248989e+02 1.945029948198661316e+02 1.613029412598212957e+02 2.096605279778117676e+02
1.555345134425245988e+02 2.443361640310555458e+02 1.914780150420240545e+02 2.170424702443848162e+02 1.898846991112359035e+02 2.042783018538521276e+02 2.157704563783440790e+02 1.634808252192756015e+02
1.848826173549753946e+02 2.604545344255557779e+02 2.163976851583052508e+02 2.341154658836595956e+02 1.459998679897805118e+02 2.153852644577850413e+02 2.153356774631936901e+02 1.931439891470696750e+02
1.049994737427631577e+02 2.349280472294207698e+02 2.228259069684117719e+02 2.112622246864722513e+02 2.137531575797542871e+02 1.961466068860853227e+02 1.945035802435279209e+02 1.931116529936213055e+02
1.572758152619484235e+02 2.309731161159719193e+02 1.919080352871494597e+02 2.308942443588091464e+02 2.083703078775387780e+02 2.123863964562433182e+02 2.288602618213355981e+02 1.494429514987639322e+02
1.459375198962299578e+02 2.373367664593938571e+02 2.052069731011116005e+02 2.117322997189050682e+02 1.932647018219557253e+02 1.689137842670535292e+02 1.768497135294015550e+02 2.258595196661176487e+02
1.575072070208704531e+02 2.093267289900009587e+02 2.232692198722618002e+02 2.170838609406108617e+02 2.237699431967794226e+02 1.888358597675623969e+02 2.071524031429794093e+02 1.642199853578540001e+02
1.834974327571506478e+02 2.344107758034373887e+02 1.656878681971763001e+02 2.081030181639191596e+02 2.227843079311688257e+02 1.876013961094994329e+02 2.018636771438361279e+02 1.841777013872507780e+02
1.583564336564460291e+02 2.025832577876751373e+02 2.197308190300604736e+02 2.069435804592950205e+02 2.002401972144562592e+02 2.184057707943926516e+02 2.071902054043476937e+02 1.716711505399724444e+02
1.191046138651559829e+02 2.304613092855290688e+02 1.899504734418763405e+02 2.219502943666132637e+02 2.275064395031973277e+02 1.976656818127208624e+02 2.025459714704955161e+02 1.649178342006050570e+02
1.599751248865674143e+02 1.885767634265779407e+02 2.051259357052464907e+02 2.075726336591461916e+02 2.204849364684534692e+02 2.169434208435532696e+02 1.888426175395602797e+02 1.515326306975494504e+02
1.219560258594641766e+02 2.482451920379976968e+02 2.143018712663388499e+02 2.196829687059212688e+02 2.188747299157681425e+02 1.951391920569951139e+02 2.084480797218059536e+02 2.001124500788296530e+02
1.581932754184235819e+02 2.480953552016939625e+02 1.556033199480880569e+02 1.956773617522467532e+02 2.029768499865528781e+02 1.630733365247471909e+02 1.731978185889506676e+02 2.053890933263213867e+02
1.547506377022034485e+02 2.334515785355969228e+02 2.097555514758453512e+02 2.149562219489911854e+02 1.967576262822122999e+02 1.923704545540325341e+02 1.920531135308019657e+02 2.458117226436980047e+02
1.521883640321104849e+02 2.293419826858748252e+02 2.078824775521156596e+02 2.191258794764577260e+02 2.118923907121921388e+02 1.342464470660564473e+02 1.760830321729601167e+02 1.978453716914256404e+02
1.573558843822701476e+02 2.466897012012157404e+02 2.135365199938673015e+02 2.236121017824206945e+02 1.866170602651594095e+02 2.007356544327145400e+02 2.183986237849993017e+02 1.850895909432635165e+02
1.896606576043600114e+02 2.526810917414630353e+02 2.357725597647486211e+02 2.127988124023567025e+02 1.920195512639670312e+02 1.928137907189896225e+02 1.861808422153826825e+02 2.502688727349519979e+02
1.842605786842226792e+02 1.912870824650192958e+02 1.886094754350548044e+02 2.385069213622950883e+02 2.372250085118637344e+02 2.156692755326188546e+02 2.421192096037355270e+02 1.343681096829675141e+02
1.360451225972751104e+02 2.322683880584188501e+02 1.965839521514966748e+02 2.066207684099271376e+02 2.182550699887159169e+02 2.203018499609581795e+02 1.902371961772652185e+02 1.448978214463446648e+02
1.996342909482087862e+02 2.219625699072904865e+02 1.412478341106975961e+02 2.197785593615083997e+02 2.345488275488309000e+02 1.897028081493308491e+02 2.033810671875235982e+02 1.938621939666726064e+02
1.504734491399375429e+02 2.603447841492933321e+02 2.097980003675250771e+02 2.009735902934013438e+02 1.969620648780868635e+02 2.004325464650155766e+02 1.819662005657550310e+02 2.171573189850286667e+02
1.693223812457464419e+02 2.542085920779180697e+02 1.574141840892636708e+02 1.845079822559830518e+02 2.148460260883323372e+02 1.986290379315440759e+02 2.278424325226221470e+02 1.777891413030205570e+02
1.206963769003690885e+02 2.411732573749398512e+02 1.687732720045160022e+02 1.971208745495334824e+02 2.078550235337893923e+02 1.823486244761516559e+02 2.007563911183259506e+02 1.915209444903453857e+02
1.768246290929209010e+02 2.491680439620904792e+02 2.267637845987617311e+02 2.203292129653930829e+02 2.177701545599610142e+02 2.408017595757907259e+02 2.311082407468687734e+02 1.687712335628807239e+02
1.976473476848605060e+02 2.516548250771913899e+02 1.512490092540528792e+02 1.971243751068269319e+02 2.193950457640468983e+02 1.742935175826090699e+02 1.954964765761082219e+02 1.687557295363735648e+02
1.927270963479782040e+02 2.895474757267979840e+02 2.243095620082503103e+02 2.154746260707229624e+02 1.337001162937892786e+02 1.925079442630527353e+02 1.850570220459058817e+02 2.443159963840107309e+02
1.899811773318994881e+02 2.744008922439425078e+02 2.218885779011517059e+02 2.298874336363155351e+02 1.197866328484798260e+02 2.099296731299808130e+02 2.030397196362673071e+02 2.185892505686918810e+02
1.791259740636365336e+02 2.122409002471421218e+02 1.891323663860838451e+02 2.132485291214471204e+02 2.139353466368850150e+02 1.424271537469801672e+02 1.782101167265582831e+02 1.929224358397929109e+02
1.904687362825566765e+02 2.373018077593929434e+02 2.176350025191089799e+02 2.154023841087317237e+02 2.176008058401587277e+02 2.252040045783832909e+02 2.193572436796767420e+02 1.729667007184812064e+02
1.991481404709384435e+02 2.228266866232288521e+02 1.440291788166959179e+02 2.090437217979582556e+02 2.166671714720161788e+02 1.800616381127514671e+02 1.923219430169516784e+02 1.920267978380754528e+02
1.620966245800696015e+02 2.186552751017662217e+02 2.035674951521731657e+02 2.090908771875122625e+02 2.067820590882586202e+02 1.574103969772578751e+02 1.581193242486224904e+02 2.091982619370162695e+02
1.798990451819224177e+02 2.529418574873156729e+02 1.664904730995925775e+02 1.880815586621399973e+02 2.262260575185779885e+02 1.531489728882568500e+02 1.641735482654879092e+02 2.159629867731284492e+02
1.737595019807304766e+02 2.119625713596597620e+02 1.825147474447846321e+02 2.144719248985338993e+02 2.378244575211271581e+02 2.387840179360490538e+02 2.083026791562783444e+02 1.325320957156762631e+02
1.585777039024609394e+02 2.081371213712181998e+02 1.781273656785077151e+02 2.346931083768556050e+02 2.297869912254059273e+02 1.927684491240559908e+02 2.253795005831172489e+02 1.245292056782438408e+02
1.811232507080908931e+02 2.178260448347131728e+02 1.702781273658032148e+02 2.356098391918618802e+02 2.396698006616286136e+02 1.959378516309217275e+02 1.826207944445325495e+02 1.502384849092625814e+02
1.774617021562565640e+02 2.608376358696480111e+02 2.000246106433026227e+02 2.214058786653823461e+02 1.731666235905990732e+02 1.970842302322486432e+02 2.089009128874419332e+02 2.013415688875380738e+02
1.180229168436680283e+02 2.293807415706808115e+02 2.045246901084393585e+02 2.146472369804307618e+02 2.103976269449465804e+02 1.969598024768132518e+02 1.979852920153174978e+02 1.624338295115582298e+02
1.604727749156464824e+02 2.411388351429946511e+02 2.195761166501658010e+02 2.199647751325571221e+02 1.991644083332400612e+02 1.301942881415620548e+02 1.642633393702527087e+02 2.092306433522664690e+02
1.579938202226254589e+02 2.707158497387699754e+02 2.003608276420296761e+02 2.117716952383871956e+02 1.526135149377075777e+02 2.006698764317830523e+02 1.877980779475723523e+02 2.156236688411797786e+02
1.687234265400827269e+02 2.343489133073567245e+02 2.113345178788321448e+02 2.200877762187789699e+02 2.039363942424762968e+02 1.379277132726685409e+02 1.600190473861112821e+02 2.149264643713593159e+02
1.572761438927001905e+02 2.590266503457950762e+02 1.824902024982661430e+02 1.944306871767348355e+02 1.999965325632910265e+02 1.750468541702477410e+02 1.693704408288556351e+02 2.223277009531301189e+02
1.791722843746226204e+02 2.150194906646447066e+02 1.852543430504174751e+02 2.436264053645256809e+02 2.360209233269559377e+02 2.267212281060145074e+02 2.350980687529242914e+02 9.811953993680992880e+01
1.583505080088400803e+02 2.393566964834039368e+02 2.201386139352572684e+02 2.299782533902485966e+02 1.919771143951630279e+02 1.978026861470302435e+02 1.914847316716035550e+02 1.655348342614981902e+02
1.888880187265321808e+02 2.366478131936108298e+02 2.297345857561802234e+02 1.893998042499856922e+02 2.032605229906013733e+02 2.086543830880627866e+02 1.841851722972529615e+02 2.540341795096559281e+02
1.418423395195831915e+02 2.366483482129537492e+02 1.948676287433229959e+02 1.905541973417149677e+02 2.270444624487079182e+02 1.814348639064144209e+02 1.764805130937875219e+02 1.929994981527077300e+02
1.833983342181589933e+02 2.257482208774218861e+02 1.823294052873290525e+02 2.186051124118200732e+02 2.278271100545411230e+02 1.931296090797474676e+02 1.974040418155594239e+02 1.626139402594344006e+02
1.783740257508345053e+02 2.211855821248439611e+02 2.197484424246186734e+02 2.329745532125658087e+02 2.007214316786290738e+02 1.286032165101590579e+02 1.752793188824717845e+02 2.140384779605282404e+02
1.611889200704362395e+02 2.112330999310335358e+02 2.048568378465288333e+02 2.251196894419659031e+02 2.095336200939499633e+02 1.983947564326337556e+02 2.067260683495664182e+02 1.465709332281241473e+02
1.683461144387208606e+02 2.043681848790919560e+02 1.968095331413541942e+02 2.250158820193108511e+02 2.248564663861285737e+02 2.200909681206602215e+02 2.226512881437736269e+02 1.447413132366947366e+02
1.480440433367831474e+02 2.607911185940022278e+02 2.172965076291106925e+02 2.163760950405208519e+02 1.713499386786167520e+02 1.875662941283768532e+02 1.970287617441896941e+02 1.979227790824115232e+02
1.544811602091291149e+02 2.697879799621537700e+02 1.867036377756248555e+02 1.835379246618804245e+02 1.691486607410318754e+02 2.030743693194785067e+02 1.880420357040698320e+02 2.116236733512440082e+02
1.671958944296203526e+02 2.123355511661687842e+02 2.264785974892986360e+02 2.129474252220770438e+02 2.054785742787826166e+02 1.899889321210866626e+02 1.855223920866963567e+02 2.340029452669317322e+02
1.564603621689147985e+02 2.273269367824262304e+02 1.970453162311636390e+02 1.771069467747269641e+02 2.055303726539750073e+02 2.085631595481046645e+02 1.915349721485687269e+02 1.910031638414100712e+02
1.797950497087903727e+02 2.508552663810882279e+02 2.026867425615227489e+02 2.338166606104598486e+02 1.856320255350666173e+02 2.093165137875191704e+02 2.159352007071858282e+02 1.794063191613475112e+02
1.474232768660426416e+02 2.135730971569906558e+02 2.261199488122207697e+02 1.831299981985976899e+02 2.094067590614409653e+02 1.959690647077034384e+02 2.030549017036228179e+02 1.903384301099010543e+02
1.711597706619454300e+02 2.531615952897456054e+02 2.053619541247093423e+02 2.043408774002113830e+02 1.913219217599535966e+02 1.934518969845300660e+02 1.772280236307400969e+02 2.515357776054544559e+02
1.696209968865471467e+02 2.713302223004665734e+02 2.072901449016138997e+02 2.210452829467163554e+02 1.527891123236343560e+02 2.011396310730202117e+02 2.002045216080931027e+02 2.132955343707123461e+02
1.812501782385124329e+02 2.060406561417024136e+02 1.871446393463496634e+02 2.234188301680492543e+02 2.227425677655949130e+02 1.547993913038041285e+02 1.784714250132371660e+02 1.925045567174797441e+02
1.834273998070234200e+02 2.762802636565352827e+02 2.101943552663860260e+02 2.186167342043575843e+02 1.213922651329717581e+02 1.911870190655265276e+02 1.752234956163607364e+02 2.424304999431745955e+02
1.571777272316243454e+02 2.004028494076955837e+02 2.051402103995829123e+02 2.373852226376488943e+02 1.816857688395630817e+02 1.845650851361329217e+02 2.115263386769591705e+02 1.856572612832751474e+02
1.592767507732367847e+02 2.484289746288046672e+02 2.324638418259071102e+02 1.885747424665497363e+02 1.921820441910445822e+02 1.847287248581132815e+02 1.823597946620800201e+02 2.240955988928003251e+02
1.496179905137483104e+02 2.812140645314705125e+02 1.883331841549465935e+02 1.870622550928044063e+02 1.773748253925985523e+02 1.870973294675175964e+02 1.729461367713678328e+02 2.367136402684338918e+02
1.307358243313977653e+02 2.549076802217071531e+02 1.944472163930982163e+02 2.027082984302774378e+02 2.205047544836009763e+02 1.824728910634603096e+02 1.896457344639059670e+02 2.106241101142395280e+02
1.957087340282092782e+02 2.342359468296804437e+02 1.481870128146165655e+02 2.099126151478092481e+02 2.174015751065198572e+02 1.992643968635389058e+02 1.846416067015964586e+02 1.859055231604406231e+02
1.248623019059958636e+02 2.263514608059107331e+02 1.977821085342868912e+02 2.301787506078651120e+02 2.271769427163592638e+02 2.237075722240196853e+02 2.074044529780112782e+02 1.189390284631143402e+02
1.768284722016215085e+02 2.367838066821634868e+02 1.858233169281394339e+02 1.799362815675189040e+02 2.121797274900515617e+02 1.562209334267835743e+02 1.842548412790429779e+02 2.138415903046016808e+02
1.416968090329568497e+02 2.530763541684692086e+02 1.879510931421224313e+02 2.191138083330814652e+02 2.055047532174171465e+02 1.726279948023422151e+02 1.630978962069381453e+02 2.100170686583288955e+02
1.583378483157737833e+02 2.313954956703377377e+02 1.750708657967451813e+02 2.319027185400851181e+02 1.908043588229844545e+02 1.979833468938383021e+02 2.207799983166111986e+02 1.816088680038705547e+02
1.588431703959230390e+02 2.334052242275052436e+02 2.102425600825529557e+02 2.120204832041529528e+02 2.283429313448539517e+02 1.700558806466793556e+02 1.664750481695130304e+02 2.126960411140666452e+02
1.368806914099968992e+02 2.280455729725797482e+02 2.251580758449754001e+02 2.081456037704640778e+02 1.930146547107175650e+02 1.766639713530763061e+02 2.032163315676321531e+02 1.937904703574372149e+02
1.893867673589819844e+02 2.946990400138922155e+02 2.385544378078295154e+02 2.254051142279695910e+02 1.444927846472729129e+02 2.122136068068443251e+02 1.581695304532118769e+02 2.717654288107106026e+02
1.185660179084470940e+02 2.342587736595447154e+02 2.389343872997399387e+02 2.272452182438028387e+02 1.784086207283916679e+02 1.922579848010127819e+02 1.885783946539499709e+02 2.277737221462918171e+02
1.022834921665265568e+02 2.629991309833716855e+02 2.248127783567133804e+02 2.228603191660235723e+02 2.049596832339850323e+02 2.151759953039536413e+02 2.037351823730835463e+02 2.086403628911155579e+02
1.910933957532003546e+02 2.270082895881787977e+02 2.112835683146374777e+02 2.000845686744720240e+02 1.979718018257009078e+02 1.938662103409166662e+02 1.964955721552378236e+02 2.217915365180596723e+02
2.198285478843953911e+02 2.157825808079383876e+02 1.339064771515567998e+02 2.058354872310209771e+02 2.500990700887297749e+02 1.790230424218020175e+02 2.112581444789187231e+02 1.655312509137339987e+02
1.534521054496367469e+02 2.445295131976951097e+02 1.620305949707019124e+02 2.164812418671804721e+02 1.788288293963834406e+02 2.037631700914105863e+02 2.088950366491884836e+02 1.807929823822819344e+02
1.826432657286423478e+02 2.517578650800212472e+02 1.787497430377759997e+02 2.130513084425027728e+02 1.516657957511939969e+02 1.916627360483310554e+02 1.955615469380622358e+02 2.184765561313552666e+02
1.821665668108850582e+02 2.360059102452063087e+02 1.618290712662531234e+02 2.052827445365814754e+02 2.423483972338879653e+02 1.394041226374146163e+02 1.821201046230253269e+02 1.743342804387003753e+02
1.852644847408611213e+02 2.521359276479814184e+02 1.516718504806445935e+02 2.030888089507241716e+02 2.140055354249361415e+02 1.818934533520976800e+02 1.790474127896822267e+02 2.022505878293602848e+02
1.804981788861446148e+02 2.589081036874517849e+02 1.870874076507732582e+02 2.041560547470328686e+02 1.417751426147531504e+02 1.822569770903753295e+02 1.921671182419188426e+02 2.349201385385129583e+02
1.761807217360776860e+02 2.641953466990324273e+02 2.146754719246075638e+02 1.959589816606376189e+02 1.838183239564633027e+02 1.751792604008077490e+02 1.838936689896578116e+02 2.442398586424237408e+02
1.726289671373816361e+02 2.084276183668934266e+02 2.009673978867042479e+02 2.332771868017879626e+02 2.094413042170699839e+02 2.123425833715279794e+02 2.169490886351638892e+02 1.370992027074887005e+02
1.610016945640281278e+02 2.482527346565916559e+02 1.946732916258335990e+02 1.882787642422681245e+02 1.740008367691517037e+02 1.938454481478493392e+02 1.803872605647403873e+02 2.056524548527645777e+02
1.865201051639104719e+02 2.573074945491392214e+02 2.009042165122997972e+02 2.322959216390769939e+02 1.578153941374322073e+02 1.828549765448757682e+02 2.085653157411925065e+02 1.961128213034312751e+02
1.915061925892285331e+02 2.162801078647260340e+02 1.502704562921639990e+02 2.110475970518638178e+02 2.364661956433049568e+02 1.936850650122925117e+02 1.968514109044107556e+02 1.730507837796615433e+02
1.761866973006281398e+02 2.456044407522939821e+02 2.102539335533407723e+02 2.256322673656576114e+02 1.579815519200942617e+02 1.918904213963373309e+02 1.990833361822709549e+02 2.052892093531122555e+02
1.389755574401278579e+02 2.228451549887409726e+02 2.221267801429213478e+02 2.530689983551380351e+02 1.991279503099540023e+02 1.745195006523651102e+02 2.143674464174224568e+02 2.120526262919031524e+02
1.653146811040248849e+02 1.908894043599518682e+02 2.118443663788401068e+02 2.260662327143813286e+02 2.223503756113022689e+02 2.114763178166434443e+02 2.102664600629634037e+02 1.317431921689045566e+02
1.583030401960099880e+02 1.986542794055633010e+02 1.965297054163838766e+02 2.395769674247163721e+02 2.212499357773443478e+02 2.004208223488991791e+02 2.098318596539860152e+02 1.449602841424547250e+02
1.646376173067837385e+02 2.394493259261960816e+02 2.088799514514214479e+02 2.027573845346480823e+02 1.787738993233668907e+02 1.858894413369707479e+02 1.861842429867616318e+02 2.057976991777170497e+02
2.049471536965697851e+02 2.471598295547877342e+02 2.057342784069736012e+02 2.374123932884489250e+02 2.155520944099015139e+02 0.000000000000000000e+00 1.966713358397007880e+02 2.302515530043382341e+02
1.413022232543135885e+02 2.355481455375669384e+02 1.880665118932363100e+02 2.145153405900729808e+02 1.815024706326958608e+02 2.003711495423262079e+02 2.004504169004246137e+02 1.942086935220648911e+02
2.496839007063630334e+02 0.000000000000000000e+00 2.452986146715630866e+02 2.511241033206912903e+02 2.708722188585314257e+02 2.471598295547877342e+02 2.539340682941877958e+02 2.009527995463729440e+02
1.877127958556603176e+02 2.526324948658506742e+02 2.258751183882923783e+02 2.224081373004947579e+02 1.695196855750011764e+02 1.924991583554195245e+02 1.952368939494764675e+02 2.449369603852906607e+02
1.799677269483345867e+02 2.096993220989288602e+02 2.236823848675664692e+02 2.206339519647849272e+02 2.033768459701316260e+02 2.087646732683765549e+02 1.821352604458245992e+02 2.050881553078754678e+02
1.736687314523018983e+02 1.903703999921636409e+02 2.062422374823405562e+02 1.977206993026819077e+02 2.213725732970289073e+02 1.812603916980511940e+02 2.082534348873665522e+02 1.942534309628571521e+02
1.840930621145514579e+02 2.204947351129410720e+02 1.527523050546863317e+02 2.080267129918584317e+02 2.296505672870867443e+02 2.100510572950428525e+02 2.040800198255573150e+02 1.759742726044784433e+02
1.822089598855863528e+02 2.587236180547415074e+02 2.010846153277334452e+02 1.970725637551173008e+02 1.430252366061938005e+02 1.912277056919949700e+02 1.720234679321683018e+02 2.381351810165414520e+02
1.607168117116742394e+02 2.044089680699021301e+02 1.756160406492765560e+02 2.491734041452495205e+02 2.409028269776235902e+02 2.308456107845175893e+02 2.189476582000238238e+02 1.376207653871687455e+02
1.980294291225040695e+02 2.502840236210359421e+02 1.976018919797976139e+02 1.511191675884769268e+02 2.131958232115724456e+02 2.109058840945578766e+02 1.779086719031536461e+02 2.481231459531169037e+02
1.698396778492261490e+02 2.446690779462000478e+02 1.746207231336905750e+02 2.136954810836771230e+02 2.040757560016257628e+02 1.920140725424791981e+02 1.699323913587615777e+02 1.994142849936811785e+02
1.914553181999148705e+02 2.044971212772013587e+02 2.258697319402563437e+02 1.818222343230191598e+02 2.308507535595856837e+02 2.210430017326188761e+02 1.954770142456402766e+02 2.205794094404283214e+02
1.124638267916278096e+02 2.361311005913422036e+02 2.107589206222566531e+02 2.245582477539965964e+02 2.133559678887810946e+02 2.151887689952081075e+02 2.102388476693616894e+02 1.546621006428883334e+02
1.480103487567690195e+02 2.366775608220931417e+02 2.260957804290515583e+02 2.206430194587038613e+02 1.933199913693540566e+02 1.942051482533138937e+02 1.599746025779236049e+02 2.244052952323491752e+02
1.921511311570320686e+02 2.353632202092026660e+02 1.763541141511858257e+02 1.913386976724472106e+02 2.335349264634505460e+02 1.601832673946181558e+02 1.952422950767941359e+02 1.946620847208953649e+02
1.702885924940511018e+02 2.542597803625688471e+02 2.284760983037580218e+02 2.126664758611728416e+02 1.820072116108908915e+02 1.628865772784969295e+02 1.811801997422827242e+02 2.145359046638329517e+02
1.735257917816271345e+02 2.529218533817228831e+02 1.524230450462403041e+02 1.987908589936807857e+02 2.084158648545764834e+02 1.903089240012509151e+02 1.780412846233829214e+02 2.023519391156193308e+02
1.640235735425112864e+02 2.696562138696750708e+02 2.309853674986125327e+02 2.002716956902276877e+02 1.865763756453029885e+02 1.903395020932145769e+02 1.521989825516375845e+02 2.438364112241375494e+02
1.730957924005583095e+02 2.106147231499726615e+02 1.863751812717072482e+02 2.090451802468420510e+02 2.262929931044625107e+02 2.241698531393087421e+02 2.279928753330487439e+02 1.116596702947841067e+02
1.771320383403121923e+02 2.522122546958670739e+02 1.446028550389490022e+02 2.065122269476934207e+02 2.085694156476655508e+02 1.679228163160632903e+02 1.804672072334965378e+02 2.132776913625990005e+02
1.597792112845696693e+02 2.196125145502448959e+02 1.965388725796252629e+02 2.161534394569411575e+02 2.147827454377514300e+02 1.416609816006042593e+02 1.903077415042420739e+02 2.133786926311673540e+02
1.823783974432739114e+02 2.083535048242740686e+02 1.897306290941867815e+02 1.937554396547828333e+02 2.085069390762625403e+02 1.618286877480884982e+02 1.899391513037927552e+02 1.940079042921869359e+02
1.646955710737187246e+02 1.974128634834141280e+02 1.897611838745899604e+02 2.294850910433783611e+02 2.292965086180491312e+02 2.196938036476289255e+02 2.093349285484415816e+02 1.211167171735086043e+02
1.573338966104792291e+02 2.144274382093016129e+02 1.934722206437829755e+02 2.372477441037962080e+02 2.091882486382536683e+02 1.732276478780001980e+02 2.027994856329722211e+02 1.852735067164020961e+02
1.916758580350752936e+02 2.634472450614018157e+02 2.214037384384645009e+02 2.067289877684570740e+02 1.852910065054673510e+02 1.947496272338384244e+02 1.942045216450636360e+02 2.381705531912212734e+02
2.088020845268102619e+02 2.708722188585314257e+02 2.216026843890907685e+02 2.332099236466796413e+02 0.000000000000000000e+00 2.155520944099015139e+02 1.965449586168571159e+02 2.489121910757994556e+02
1.695713863855995669e+02 2.217439600144211340e+02 2.087289809039232580e+02 1.987823703204686865e+02 1.838182872424075640e+02 1.955894586484746753e+02 1.997331231841268107e+02 2.140001522988732177e+02
1.164749628498623366e+02 2.249084786279544801e+02 2.094588917919860478e+02 2.095953748255772950e+02 2.264222164841683309e+02 2.012994910839505849e+02 2.047034058433668520e+02 1.516573261218619280e+02
1.866885051590595594e+02 2.205001235026959989e+02 1.924120091288070284e+02 2.384930043149538506e+02 2.160453082138592436e+02 1.285112248880471384e+02 1.893009144827309456e+02 1.853640267359024278e+02
1.373744281724669349e+02 2.308129457628687078e+02 2.127967864017567194e+02 2.273054173444429580e+02 2.053271007390413274e+02 2.062947939516055840e+02 2.072050021933935398e+02 1.646353976542720545e+02
1.702482547469278131e+02 1.971391862917961362e+02 1.991883969877908385e+02 2.290366190751314264e+02 2.263419794393000188e+02 2.273819337968763534e+02 2.197426341723131600e+02 1.327725173329164647e+02
