6.763480738903938061e+01 1.154209583163555806e+02 1.129448604179998199e+02 5.734244012419183889e+01 9.091015358864068219e+01 1.024801586212677051e+02 8.603705934588883508e+01 1.058563713068120933e+02
0.000000000000000000e+00 1.222503870377650799e+02 1.034292586143866828e+02 9.231148160278551984e+01 8.951922653703216781e+01 1.002521442267970571e+02 8.534951563918548345e+01 1.120157265317274948e+02
9.102605289746261974e+01 8.884907110370298255e+01 1.107589424191063472e+02 5.679821597254677812e+01 7.861970989165081392e+01 1.061364471149619533e+02 9.547099062975172501e+01 9.731873115917088057e+01
6.980201113008094183e+01 1.032777092847464786e+02 9.927991908422869471e+01 6.427674137385244535e+01 8.531767544094789457e+01 1.047957951772486496e+02 8.203857556887591329e+01 1.039763345167292812e+02
7.833706045388979078e+01 1.019663504804291136e+02 1.151469587865388178e+02 5.880002441981110195e+01 8.802222964426964325e+01 1.077863985122214103e+02 9.058181472399986944e+01 1.072635445205818030e+02
6.994669042145403637e+01 1.188457669129412437e+02 9.733025250068351397e+01 6.564618994465593005e+01 9.556366734227044901e+01 1.085891113286453731e+02 7.971418743678614760e+01 1.069739681074604221e+02
5.792759317040369638e+01 1.233253747931720596e+02 9.156120041587411151e+01 7.925259116287210759e+01 8.906611444166212266e+01 1.057413886664366913e+02 8.238644843092239967e+01 1.083095663188876188e+02
5.039457869358965070e+01 1.086876772587830970e+02 9.958633608672968762e+01 8.207636719259102165e+01 8.773746039487191695e+01 9.544329203756431923e+01 9.167922475916333269e+01 1.096863895783472458e+02
6.250127817861205415e+01 1.132959760331670509e+02 1.028106999408755087e+02 6.639726679119088715e+01 9.036299184508997939e+01 1.017875610989042769e+02 8.896656118248588996e+01 1.079038303716313010e+02
8.723160776842050268e+01 8.996656103488793121e+01 1.092155720558506573e+02 5.447428839561565184e+01 7.518160993281689741e+01 1.024382157763582057e+02 8.973588814840144323e+01 9.760665689796960010e+01
7.136721342953642022e+01 1.147142229445989017e+02 8.216038068900492419e+01 7.596202469079841535e+01 7.433490102126445720e+01 1.003599161532032298e+02 7.187032409938629485e+01 9.101264834669549941e+01
7.218659300045861471e+01 1.288499759902246922e+02 9.636525735268438098e+01 7.992061901427091186e+01 9.207569098174803912e+01 1.121556256205692250e+02 7.964906807638838870e+01 1.130086534243834677e+02
7.864036416213794212e+01 1.124684710979034321e+02 9.995169990336931676e+01 6.207862180695668997e+01 8.560004851457026120e+01 1.085468896731858166e+02 8.446185709415111376e+01 1.036214914570300891e+02
8.085206037858040418e+01 1.085435011588920560e+02 8.018080721351613249e+01 5.767280384138665994e+01 8.907446929076354536e+01 1.010938391926080016e+02 6.840221524363040828e+01 9.769948020773841790e+01
7.257326056046477447e+01 1.094071433113983431e+02 8.496539356784849417e+01 6.701465581801001292e+01 8.221429150597262492e+01 9.487573806209708493e+01 7.911034735359127978e+01 9.944372790901508097e+01
6.636401991738922845e+01 1.189033872722337293e+02 8.030678368389928323e+01 7.370321741858187181e+01 8.797096752125679586e+01 9.293894565865282686e+01 7.560829808109708949e+01 1.069686387873298372e+02
1.014886682540291645e+02 8.590522930202057239e+01 9.124132278852486877e+01 5.421734792119287505e+01 8.095568089563020919e+01 1.110511960152321933e+02 8.987656745126732005e+01 9.652080051285173568e+01
8.020502578959640516e+01 1.207742939734225018e+02 9.679370130688749896e+01 5.174659850468552946e+01 9.096163384831676524e+01 1.123997847574610631e+02 8.210647116794709177e+01 1.130302532310209216e+02
5.711296863088958276e+01 1.203900564224091596e+02 9.383015569680952694e+01 7.999144256250608009e+01 9.455564860126574445e+01 1.022967084520332008e+02 8.712294395759097654e+01 1.075521316647508172e+02
9.871593293604185249e+01 1.006673656662789540e+02 7.767999363353079900e+01 7.391422286833055466e+01 6.972801943090462373e+01 1.002175020653864124e+02 7.282952867525656870e+01 8.801353335780061116e+01
5.352638813927015349e+01 1.184007886432500811e+02 1.000167659495045314e+02 8.829281624228697467e+01 9.116602748476258000e+01 9.346308247681731984e+01 8.863195767124810232e+01 1.041378844605943641e+02
7.531404862713824855e+01 1.187497706233594243e+02 8.858708765540993113e+01 6.063649319508200364e+01 9.447684046516091882e+01 1.073450547802605399e+02 7.854794177907821506e+01 1.027513906431231874e+02
9.161237601585457924e+01 9.464403303071807727e+01 1.105863247847838267e+02 5.184035510850110740e+01 8.665977836280276847e+01 1.084017076055092446e+02 8.881962669124106924e+01 1.049835595816375218e+02
6.730883280261551249e+01 1.128150678758734529e+02 9.613726584721086965e+01 6.790792704084685738e+01 9.310894493373497482e+01 1.100046654217494790e+02 8.540204716891631165e+01 1.014898860034377606e+02
5.448619952198098559e+01 1.213578427495465490e+02 1.040044436881322412e+02 9.072491654090923419e+01 9.957918902779594816e+01 9.954467209389837024e+01 9.102176637114486368e+01 1.113129209119287282e+02
7.184305198427709627e+01 1.035865943798028752e+02 1.044229404696523034e+02 5.589453114474426343e+01 8.766520208187390040e+01 1.106092903342973841e+02 8.062762262149072967e+01 1.078454742627844780e+02
7.840976979054468643e+01 1.152262750172511119e+02 7.391090892942557389e+01 6.485956419843240894e+01 8.210972733005799284e+01 9.792252810731874035e+01 6.522371419369542878e+01 9.977415897850761439e+01
7.218245863045011390e+01 1.121779530812392522e+02 9.103157654030104595e+01 6.388548596795596524e+01 8.551038037489018961e+01 1.039678628261944198e+02 7.678971313993801573e+01 1.053113980894597432e+02
9.321788129267203260e+01 9.929332557536736203e+01 6.350275021592346292e+01 8.951076476819218897e+01 7.640010861473901116e+01 9.740338968612610415e+01 7.143096335982382072e+01 9.222322891031953418e+01
7.350083880719819263e+01 1.185777262480880125e+02 9.241987363036339787e+01 6.791147110383235486e+01 8.671617368249854962e+01 1.014180170026498047e+02 8.294232050742894558e+01 1.051306908777421825e+02
7.587977052727390515e+01 1.125493263695459660e+02 7.343820366321249082e+01 6.564880227665932466e+01 8.669053606059647166e+01 9.883035417366622255e+01 6.663682045397430898e+01 9.990753104150118702e+01
9.377141231256423737e+01 1.104284945981027306e+02 6.410092631074336111e+01 8.530729714947305808e+01 7.735981031375519024e+01 9.834603183957104022e+01 7.194556596838619100e+01 1.059287234105918571e+02
8.363273679763933899e+01 1.114510743244846509e+02 7.820996104142436423e+01 6.368960091144193569e+01 7.833735999836095232e+01 1.003666259976228474e+02 6.642594258304862365e+01 1.021564734857359440e+02
8.719724727734758574e+01 1.007911326056454158e+02 6.977155605690751372e+01 7.287380792304097099e+01 7.687027459023225617e+01 9.307803062724367749e+01 6.613765387376068361e+01 9.416389330605821328e+01
9.059135450512198418e+01 1.079635495694062968e+02 7.811113649201716669e+01 7.913079442918549944e+01 7.419539010682032654e+01 9.702706926005591015e+01 7.230604672809957378e+01 9.359651839686421226e+01
1.001117099626325313e+02 1.017211148540338570e+02 5.085378308476347797e+01 8.923970982611957936e+01 7.547209152786706454e+01 9.936128299919040785e+01 7.887034923117919050e+01 8.914980157721717546e+01
7.858373528843867462e+01 1.048935296355476510e+02 9.235842939837905874e+01 9.392773294828738528e+01 7.082820261819473728e+01 9.584441877249433617e+01 8.362462399986682726e+01 9.931429643828471399e+01
9.821594267453028237e+01 9.980127014884152459e+01 5.735749318635485139e+01 9.203117240131030030e+01 8.070499750295016383e+01 9.194354800990096521e+01 7.614812040191031883e+01 8.836740302130988312e+01
8.953164345202961272e+01 9.986340841737289509e+01 7.030911099387890317e+01 6.104510730972874200e+01 8.236874145114219914e+01 9.566193771379548139e+01 6.668959177890437218e+01 9.339227560031508801e+01
7.564408300992050727e+01 1.195338051231211409e+02 9.302295263526309554e+01 8.045096055608109964e+01 7.806106377794341711e+01 1.031744108382159339e+02 7.100062288033394964e+01 1.125891567270299447e+02
7.951579093346732918e+01 1.118639089776581415e+02 8.011789332613020065e+01 8.250438748164317815e+01 8.180411126597404348e+01 1.043252029928624864e+02 6.369515241175390940e+01 9.988126293260921784e+01
6.641004324511098389e+01 1.155504833106543146e+02 8.728673771682628058e+01 8.265443973076990858e+01 8.363704164846424760e+01 1.024707363607661676e+02 7.242180131204339943e+01 1.001798078409322557e+02
8.353335529174397323e+01 1.101920866503393910e+02 7.151662365478105698e+01 7.880054237296728559e+01 8.601122761827392083e+01 9.602043844856247290e+01 7.285428114413781486e+01 9.390519408689019087e+01
9.514176956744593383e+01 1.086151702553482608e+02 8.458832561151717755e+01 8.663814553642698968e+01 7.290955107986390260e+01 1.115336747031071809e+02 7.845850734307762764e+01 9.363873628121726256e+01
6.325743808225247733e+01 1.141292440939913604e+02 8.382442115967180030e+01 7.963481952978818867e+01 7.749279972301579278e+01 9.778726417018161499e+01 7.722464478456151937e+01 1.028574848289186434e+02
7.837419809433534112e+01 1.105608155885078787e+02 8.907946659406758272e+01 8.584084323432203689e+01 7.584930028985186823e+01 8.816836634167627551e+01 7.941172102564108570e+01 8.899772319265605347e+01
8.984108176415104197e+01 1.129708007586613121e+02 6.835703914045062390e+01 8.487749669328709956e+01 8.963432151400024850e+01 9.627114220783825260e+01 6.350001516836493920e+01 1.012192920179538476e+02
7.412339564368575395e+01 1.150130784212286699e+02 7.738905208470538355e+01 8.281775974003507201e+01 7.781495412682703261e+01 9.460867459722003048e+01 6.636674602534365874e+01 9.968571063151696876e+01
8.309539846103319860e+01 1.074295691028232653e+02 8.889115613430203666e+01 6.395542246834810385e+01 8.713820542371246347e+01 1.018466229984503713e+02 7.462451971070468915e+01 9.543026837221773917e+01
8.918080699879659790e+01 9.501491878892844056e+01 7.510833870867303119e+01 8.036546388274733488e+01 7.432565404804270770e+01 8.598996473173127697e+01 8.134396838800680030e+01 8.826920203422693589e+01
8.933338731032009150e+01 1.039619029233338665e+02 7.783263290307917259e+01 6.602126223618931533e+01 8.543935942528756300e+01 9.921144042638037774e+01 7.452333466747818136e+01 9.538412934224476203e+01
9.194222117883336409e+01 1.116157158041847026e+02 6.832662237681513773e+01 8.984974241770311210e+01 8.117558240114263413e+01 9.146182408541726261e+01 6.808920326449909055e+01 9.897259297901294417e+01
8.017443372884386577e+01 1.152732779735498099e+02 7.631318376304650997e+01 9.806967412142664386e+01 8.067265626185637473e+01 8.680155591462944642e+01 6.990448483324450990e+01 8.573157395316357565e+01
8.440105076484232427e+01 1.040866174245490186e+02 8.752412778023553130e+01 8.146190161889970227e+01 7.523160544547542372e+01 8.481425194203733042e+01 8.034209192348023976e+01 8.304504036141743484e+01
8.379449151037027832e+01 1.078106333961417818e+02 5.965196921721278756e+01 9.342108971865063438e+01 8.186621209765277740e+01 9.416599645349555203e+01 7.490394413482529501e+01 9.723968918761536884e+01
6.716975379360589216e+01 1.157519398676282094e+02 9.847877374114942484e+01 6.679458068579519647e+01 7.850937294506745445e+01 1.035498008761502007e+02 6.234464389956077213e+01 1.032749201050588965e+02
6.920518288152990749e+01 1.166805521260522340e+02 9.618660146973388692e+01 6.278153113925452544e+01 8.700270344551552171e+01 1.089915780700106751e+02 7.453365815786031590e+01 1.050087305544445258e+02
5.745135288198132173e+01 1.279860311455357049e+02 1.028588846795053371e+02 8.684700408019681106e+01 9.442479731202256232e+01 1.010657944554203596e+02 9.038667402691923769e+01 1.123644297734855257e+02
5.126509155933396045e+01 1.223845829361350042e+02 9.928624999713660770e+01 9.314489476887658270e+01 9.827002269319581274e+01 9.822482489243840575e+01 8.723349114956350547e+01 1.095381242391524381e+02
5.755859773596963436e+01 1.130964565169166605e+02 1.001681865983792505e+02 7.231613955836103003e+01 9.221953857987239189e+01 1.081804763941324268e+02 8.860729633018156903e+01 1.026962556515662754e+02
7.712723510313827546e+01 1.089225513443090563e+02 9.639455138454297867e+01 6.501043108165654871e+01 9.102285024105562172e+01 1.055037005332205666e+02 8.191986187849568068e+01 9.303568157559809038e+01
6.433214109576110218e+01 1.197006663254029775e+02 9.381148115443306779e+01 7.814668791507162382e+01 9.008506625203672513e+01 1.028669944403451950e+02 7.767243932940729678e+01 1.003217076685656082e+02
0.000000000000000000e+00 1.222503870377650799e+02 1.034292586143866828e+02 9.231148160278551984e+01 8.951922653703216781e+01 1.002521442267970571e+02 8.534951563918548345e+01 1.120157265317274948e+02
5.448619952198098559e+01 1.213578427495465490e+02 1.040044436881322412e+02 9.072491654090923419e+01 9.957918902779594816e+01 9.954467209389837024e+01 9.102176637114486368e+01 1.113129209119287282e+02
6.334188613009484214e+01 1.198246638302678377e+02 8.798749618640282222e+01 7.121861891266037503e+01 8.767671308023503229e+01 9.907057608994949760e+01 7.366302942951617183e+01 1.042714325334940213e+02
8.020793591901623643e+01 1.008054166799087312e+02 1.057121442113198384e+02 4.807977324153833365e+01 7.883535657271987418e+01 1.049242753278679743e+02 8.503282129418187196e+01 1.093839763320177667e+02
6.250127817861205415e+01 1.132959760331670509e+02 1.028106999408755087e+02 6.639726679119088715e+01 9.036299184508997939e+01 1.017875610989042769e+02 8.896656118248588996e+01 1.079038303716313010e+02
6.039369896419221106e+01 1.185209485767966413e+02 9.289783634735671569e+01 7.833688508010330054e+01 9.304349419016094203e+01 1.002378975498263145e+02 7.379530421337007340e+01 1.058039408470596925e+02
6.150489369812668627e+01 1.229210947592858929e+02 1.015592551868206641e+02 9.498309342214649575e+01 9.848597274804177459e+01 9.694112358996136436e+01 9.365124518028837031e+01 1.092929232389944900e+02
7.531404862713824855e+01 1.187497706233594243e+02 8.858708765540993113e+01 6.063649319508200364e+01 9.447684046516091882e+01 1.073450547802605399e+02 7.854794177907821506e+01 1.027513906431231874e+02
6.763480738903938061e+01 1.154209583163555806e+02 1.129448604179998199e+02 5.734244012419183889e+01 9.091015358864068219e+01 1.024801586212677051e+02 8.603705934588883508e+01 1.058563713068120933e+02
4.981504766567682907e+01 1.209077842607014901e+02 9.983271711709835472e+01 8.521390791362065897e+01 8.516599705441863932e+01 9.933973391239162254e+01 7.409316166807306558e+01 1.092249889274590089e+02
7.864036416213794212e+01 1.124684710979034321e+02 9.995169990336931676e+01 6.207862180695668997e+01 8.560004851457026120e+01 1.085468896731858166e+02 8.446185709415111376e+01 1.036214914570300891e+02
9.131491774670989514e+01 1.055988416034681023e+02 8.996089327885458431e+01 7.586181180693790793e+01 8.369689327869269846e+01 9.411336511975159169e+01 7.349361682238154003e+01 8.862074981186322020e+01
9.786771128641899509e+01 1.008535574080197392e+02 8.506146840295313893e+01 8.218285162460912829e+01 6.920550465455904998e+01 9.197424165532115126e+01 7.843602157294102994e+01 8.639915332875814613e+01
8.111018712515381424e+01 1.101278718916475725e+02 9.114218715330810028e+01 5.195293596646074263e+01 8.464498115511538856e+01 1.152150792546427738e+02 7.254723041098549174e+01 1.048783174221919694e+02
8.656248250885778361e+01 9.994071582665841902e+01 8.944677373448551805e+01 5.734103109970794776e+01 8.059463822099968411e+01 1.067048776444389233e+02 7.891025285435607373e+01 8.684499288345119794e+01
8.710880338777405996e+01 1.038079125823203128e+02 6.825705589728627842e+01 6.530519459360077406e+01 8.697363960524323545e+01 9.166348090078143684e+01 7.479266778854220377e+01 9.238769981319413205e+01
1.222503870377650799e+02 0.000000000000000000e+00 1.042383632259526962e+02 1.037881093691933216e+02 9.953635751606918802e+01 8.341774009741639873e+01 1.190355069809624382e+02 8.267437258599260019e+01
9.211856459933528640e+01 9.634785672270146506e+01 7.632001678218256302e+01 6.066011835762340354e+01 7.924827072121524907e+01 9.737268248810133286e+01 7.997180219595395556e+01 8.632071363615750670e+01
7.604782612620940085e+01 1.001715008795777209e+02 8.748156543310966526e+01 6.023541483804005736e+01 8.651526111156215393e+01 9.653457641388497734e+01 7.654311516668971649e+01 9.437828458608777282e+01
7.348361262544790407e+01 1.048515506979263421e+02 9.956944536311569038e+01 6.577074557031878044e+01 8.514623107311395245e+01 9.818822888851948960e+01 8.199291235124499622e+01 9.705887025550146063e+01
7.786420159429734156e+01 1.099466036234431527e+02 8.586856763792874858e+01 6.442228346026088559e+01 7.177943914359497057e+01 1.128710036606001239e+02 7.160020059569940543e+01 9.755730246267518169e+01
9.167446903741915776e+01 1.010438429295177087e+02 8.491223038865221895e+01 6.078089908589196710e+01 9.068536910252197458e+01 1.043538151980216924e+02 7.929183973265746488e+01 9.119074421375108841e+01
8.056567209393470819e+01 1.034587675162181597e+02 9.533446775281525731e+01 5.861884937622505021e+01 8.832197365460943672e+01 1.147635326243423322e+02 7.855933438152497672e+01 1.036061134351709683e+02
8.150792729477161913e+01 1.056229257546073228e+02 8.464853782977363039e+01 6.605945565915527595e+01 7.659437861739901621e+01 9.621452113990335420e+01 7.945591060030020003e+01 1.005329530094268193e+02
9.049286869090832397e+01 1.157428438004009763e+02 7.400948336003314409e+01 8.635708797474934784e+01 8.106733357981947563e+01 9.822392758141830882e+01 7.445971342428832429e+01 1.008593820635962288e+02
1.002521442267970571e+02 8.341774009741639873e+01 8.732349330282001176e+01 1.152426660443897504e+02 8.952564457313596336e+01 0.000000000000000000e+00 1.079143043475778114e+02 7.923551174356050808e+01
7.606062199232465559e+01 1.114461632549013501e+02 6.476331348641743091e+01 7.496672811090391519e+01 8.719366694111391780e+01 8.368412431655841033e+01 6.441136544953198495e+01 9.906880858126689304e+01
9.514176956744593383e+01 1.086151702553482608e+02 8.458832561151717755e+01 8.663814553642698968e+01 7.290955107986390260e+01 1.115336747031071809e+02 7.845850734307762764e+01 9.363873628121726256e+01
8.554621496911269674e+01 1.023740666329831583e+02 9.025642783811136383e+01 7.229101492850742261e+01 7.447292823143156681e+01 9.216051614262299552e+01 8.012479250043278967e+01 8.908870151632240209e+01
8.989357617797655564e+01 1.028333366629080246e+02 7.458494677683508201e+01 8.002644292912962953e+01 7.651547417327068956e+01 9.923574195842233792e+01 7.567254815838582260e+01 9.495173667594696099e+01
9.821594267453028237e+01 9.980127014884152459e+01 5.735749318635485139e+01 9.203117240131030030e+01 8.070499750295016383e+01 9.194354800990096521e+01 7.614812040191031883e+01 8.836740302130988312e+01
9.209766034461839013e+01 1.121034739301798169e+02 6.231466428174190497e+01 8.489964534536981944e+01 9.163749851678566927e+01 9.544254293932534949e+01 7.116474750880833255e+01 9.844905990472571489e+01
6.157859689202731346e+01 1.207616816445738550e+02 9.477316949920981415e+01 7.522789362282779280e+01 8.520953756251446976e+01 1.045429361553112102e+02 6.829168645023381146e+01 1.026255329924992168e+02
8.105216039954906648e+01 1.103433594282182213e+02 7.689034383179847509e+01 7.240123232255074015e+01 8.618506236750191363e+01 9.244406858694837581e+01 7.506797337357804167e+01 9.367708234412683055e+01
1.022118192151424836e+02 1.018069671038002326e+02 5.359807555677561908e+01 8.856362152351856309e+01 7.494031108427546428e+01 8.683100867060282724e+01 7.724011046047213824e+01 8.720525412689335099e+01
8.812499481933485868e+01 1.181881204990737757e+02 5.798973823467677846e+01 9.696848583258251608e+01 8.045324183698937759e+01 9.205985735628971156e+01 7.115931674501163684e+01 9.951623678635709780e+01
7.590669761749636280e+01 1.184973190486722245e+02 5.872833564556238173e+01 9.307490457265353712e+01 8.244214747621182937e+01 9.298385322484790549e+01 7.260269724932861379e+01 9.690235975507735589e+01
8.508558524302857506e+01 1.089679803620505112e+02 8.010124173729963104e+01 8.460515611535784330e+01 7.701898494597476486e+01 9.818885313926396918e+01 6.991138959289084198e+01 8.674600488341104665e+01
9.621375878237303425e+01 1.123121427018836584e+02 5.500450001648776777e+01 9.083439489625094154e+01 7.912792716332879195e+01 9.948287116332804203e+01 7.811384641262938544e+01 9.449345350598323989e+01
8.229801702672436647e+01 1.141130147566315713e+02 1.004123441838672477e+02 7.650490656720712934e+01 8.677302756361370939e+01 1.044687872459087998e+02 7.383940301804280182e+01 1.049707002270610303e+02
6.906620626296475507e+01 1.165569156840784331e+02 8.056015047676869756e+01 6.227695228015894457e+01 8.650262316594286460e+01 9.295108033802608816e+01 7.650656290108599933e+01 1.012976196406062002e+02
6.901711008398619640e+01 1.166315713839235855e+02 8.106625400612635701e+01 8.632712501847919384e+01 7.852192328347923933e+01 9.407760174730400138e+01 7.165550286294723037e+01 9.241981840747988031e+01
8.984108176415104197e+01 1.129708007586613121e+02 6.835703914045062390e+01 8.487749669328709956e+01 8.963432151400024850e+01 9.627114220783825260e+01 6.350001516836493920e+01 1.012192920179538476e+02
9.284619137905887953e+01 1.088945694072253616e+02 6.251578513467082843e+01 8.048225330391140631e+01 8.440986646537052707e+01 8.139399863211954766e+01 7.330559983946470481e+01 9.440455457240534543e+01
7.225055295599206318e+01 1.194497250558048052e+02 9.070401241261082248e+01 6.573992307128199286e+01 7.732942500997415891e+01 1.000902092726605161e+02 8.275441246096046655e+01 1.019126301219323523e+02
7.922882831398996473e+01 1.116508561580451300e+02 7.958689380278708825e+01 7.401463186179331899e+01 7.901047218864698607e+01 1.046614208827429735e+02 6.476173612505527899e+01 1.023692246825725931e+02
7.412339564368575395e+01 1.150130784212286699e+02 7.738905208470538355e+01 8.281775974003507201e+01 7.781495412682703261e+01 9.460867459722003048e+01 6.636674602534365874e+01 9.968571063151696876e+01
8.386286274461947698e+01 1.181570269112195888e+02 5.687584873068696822e+01 7.927638563406320316e+01 8.745183806685741956e+01 8.754570327398977270e+01 7.017855566734679940e+01 9.974242387801760401e+01
8.476073865523895279e+01 1.074400438406993885e+02 7.873810631691935669e+01 9.082749179335412748e+01 6.262355602588812076e+01 8.905738253854906361e+01 7.152203215012218607e+01 9.012834506401804902e+01
6.361460530336071884e+01 1.185729737203030538e+02 8.705168438479836368e+01 7.882014966215966467e+01 8.118453486649428896e+01 9.605520546834262063e+01 7.631757625671565393e+01 9.522827083887716526e+01
9.573663117934037814e+01 1.040575191531959547e+02 6.848229499261826447e+01 8.338585889888197755e+01 6.984930179316658894e+01 9.623699107344555159e+01 7.660283427124487332e+01 9.553974430146131169e+01
8.953164345202961272e+01 9.986340841737289509e+01 7.030911099387890317e+01 6.104510730972874200e+01 8.236874145114219914e+01 9.566193771379548139e+01 6.668959177890437218e+01 9.339227560031508801e+01
1.034292586143866828e+02 1.042383632259526962e+02 0.000000000000000000e+00 9.884595472679899331e+01 8.911314155925889224e+01 8.732349330282001176e+01 8.272750203221542620e+01 9.011407965230205264e+01
8.480210386574634640e+01 1.049568152694296543e+02 6.485759606948195710e+01 7.339588620594484780e+01 8.589082134123572132e+01 8.212626185585870076e+01 7.543266957963298580e+01 9.317466419923029264e+01
8.034835490006139480e+01 9.901681897607319627e+01 1.025722485830973483e+02 5.288421746366054066e+01 7.943502678992476262e+01 1.022414371327263325e+02 9.568262926053996864e+01 1.052332508804527578e+02
6.334188613009484214e+01 1.198246638302678377e+02 8.798749618640282222e+01 7.121861891266037503e+01 8.767671308023503229e+01 9.907057608994949760e+01 7.366302942951617183e+01 1.042714325334940213e+02
6.956769639872084099e+01 1.170781295366200112e+02 1.001261347865216749e+02 7.268577223563897860e+01 8.983730026636682453e+01 9.932849999501280536e+01 8.128141893940907892e+01 1.070451793130928024e+02
9.786771128641899509e+01 1.008535574080197392e+02 8.506146840295313893e+01 8.218285162460912829e+01 6.920550465455904998e+01 9.197424165532115126e+01 7.843602157294102994e+01 8.639915332875814613e+01
6.758805285136999430e+01 1.283919432411390176e+02 9.170437963159585593e+01 8.384871169360111764e+01 7.900099810255527188e+01 1.027744961789630764e+02 7.837914263301340156e+01 1.092547305949331928e+02
8.730580287725526034e+01 8.837616138970797408e+01 9.233540787567443431e+01 5.451344984729058041e+01 8.892141212688174789e+01 1.087580860670778549e+02 9.376257249822380402e+01 1.000643628228838367e+02
8.056567209393470819e+01 1.034587675162181597e+02 9.533446775281525731e+01 5.861884937622505021e+01 8.832197365460943672e+01 1.147635326243423322e+02 7.855933438152497672e+01 1.036061134351709683e+02
8.740078937240429013e+01 8.700150757091863341e+01 9.370371081119489531e+01 5.475908789125725917e+01 7.164086733628202808e+01 1.069106584606462320e+02 8.492162327056608717e+01 9.882830903413260160e+01
5.588246172870772455e+01 1.222658962299441328e+02 1.025144146817236361e+02 9.790109268075725879e+01 9.589792959740502454e+01 9.525066757270185747e+01 9.611688240586741472e+01 1.076847386627551941e+02
6.801633281244100715e+01 1.201638919991957835e+02 9.433803797140873826e+01 6.815364536254998029e+01 9.135949451822432366e+01 1.082316767122885892e+02 8.469621396028198035e+01 1.002593472342510950e+02
7.786420159429734156e+01 1.099466036234431527e+02 8.586856763792874858e+01 6.442228346026088559e+01 7.177943914359497057e+01 1.128710036606001239e+02 7.160020059569940543e+01 9.755730246267518169e+01
7.074408036646153164e+01 1.064066904119835328e+02 1.014425670041781871e+02 8.029639157275407513e+01 8.444840074614842251e+01 9.960772308828434518e+01 8.699402493565304439e+01 1.020036991403019044e+02
5.426210632721360128e+01 1.215626231755273068e+02 1.040433914138068161e+02 9.279050126184873193e+01 9.580369718705154014e+01 9.441137852793968932e+01 9.410051398030515202e+01 1.090074381736456530e+02
6.136671914790492366e+01 1.207405968457704404e+02 9.106212811960254783e+01 6.953379653757063750e+01 9.261915720056681778e+01 1.041891675317241379e+02 8.443926771415067378e+01 1.066610791890436190e+02
8.592648457034835019e+01 9.764813186809766421e+01 1.009060065612422648e+02 5.035116757077386040e+01 8.162119220107359752e+01 1.087500511221919623e+02 8.279375969873065344e+01 1.028885383593455458e+02
7.875193611758535894e+01 1.116090756201247984e+02 9.946140887641215045e+01 5.531345291661526176e+01 9.150681801207917943e+01 1.107208100023227075e+02 7.962091892154060702e+01 1.044137013473713012e+02
9.871593293604185249e+01 1.006673656662789540e+02 7.767999363353079900e+01 7.391422286833055466e+01 6.972801943090462373e+01 1.002175020653864124e+02 7.282952867525656870e+01 8.801353335780061116e+01
6.535013392584070857e+01 1.155765132303822895e+02 9.101675449382446459e+01 7.474543038416634033e+01 8.379443531225594199e+01 1.002315697725197339e+02 8.183552420790562110e+01 9.518241960589571704e+01
9.423318693471011898e+01 8.717823639145350967e+01 1.080276616374285652e+02 5.425437338775019214e+01 7.902762200473333110e+01 9.927568995336177693e+01 9.217207845398191068e+01 9.856986894922188469e+01
8.281922627810713777e+01 1.090346076187442605e+02 8.879340585575815226e+01 5.559078697090626520e+01 8.995896231756898942e+01 1.029150432426034456e+02 8.149005514182027810e+01 1.000731636468795216e+02
7.348361262544790407e+01 1.048515506979263421e+02 9.956944536311569038e+01 6.577074557031878044e+01 8.514623107311395245e+01 9.818822888851948960e+01 8.199291235124499622e+01 9.705887025550146063e+01
5.081278626030678680e+01 1.219405287721418887e+02 9.999811120676199039e+01 9.150916436927731468e+01 9.830919510202326705e+01 9.848010380103664829e+01 8.574668776223906264e+01 1.102801187159653864e+02
8.656248250885778361e+01 9.994071582665841902e+01 8.944677373448551805e+01 5.734103109970794776e+01 8.059463822099968411e+01 1.067048776444389233e+02 7.891025285435607373e+01 8.684499288345119794e+01
5.133868039411809292e+01 1.210517071218507965e+02 1.091105741180984552e+02 8.777532362926166343e+01 9.544976772476711346e+01 9.599765257145827491e+01 8.691729807807114128e+01 1.096925549679216090e+02
5.711296863088958276e+01 1.203900564224091596e+02 9.383015569680952694e+01 7.999144256250608009e+01 9.455564860126574445e+01 1.022967084520332008e+02 8.712294395759097654e+01 1.075521316647508172e+02
7.120529745634031826e+01 1.147151904701456857e+02 8.755640092786964601e+01 7.973313117951038009e+01 7.566670970952804964e+01 1.008382408348280848e+02 6.999056702628048754e+01 9.834072903755347284e+01
8.020502578959640516e+01 1.207742939734225018e+02 9.679370130688749896e+01 5.174659850468552946e+01 9.096163384831676524e+01 1.123997847574610631e+02 8.210647116794709177e+01 1.130302532310209216e+02
8.710880338777405996e+01 1.038079125823203128e+02 6.825705589728627842e+01 6.530519459360077406e+01 8.697363960524323545e+01 9.166348090078143684e+01 7.479266778854220377e+01 9.238769981319413205e+01
7.039505558535958585e+01 1.210486995496333833e+02 9.524047571831991377e+01 5.541512513799544593e+01 8.522506003038260758e+01 1.040551674438070222e+02 7.830700398443713084e+01 1.057649763370750406e+02
7.579345347681329770e+01 1.117703352979926876e+02 9.221281228236922800e+01 6.061353186099542256e+01 8.970915944577744483e+01 1.026895191973667067e+02 8.372209632429172643e+01 1.015423717954274139e+02
8.812499481933485868e+01 1.181881204990737757e+02 5.798973823467677846e+01 9.696848583258251608e+01 8.045324183698937759e+01 9.205985735628971156e+01 7.115931674501163684e+01 9.951623678635709780e+01
9.523662710793955455e+01 9.363135700851094612e+01 6.391229874378064579e+01 8.133940472696362178e+01 7.009051394404968960e+01 9.262985813666877277e+01 7.816898332257713378e+01 9.037563845749590996e+01
7.503522790432404577e+01 1.117784381443367607e+02 7.862991530178578614e+01 7.307457823108838113e+01 8.567897547574983719e+01 9.789171590350542829e+01 6.195118883028492007e+01 9.914160246432697932e+01
1.022118192151424836e+02 1.018069671038002326e+02 5.359807555677561908e+01 8.856362152351856309e+01 7.494031108427546428e+01 8.683100867060282724e+01 7.724011046047213824e+01 8.720525412689335099e+01
1.004331698806950328e+02 1.033251954926318632e+02 4.731603251591328529e+01 9.116186721613145494e+01 7.777073659031103148e+01 9.214585806014305547e+01 7.258807243504979567e+01 9.621576235365051843e+01
7.958902143314610100e+01 1.099366513408580204e+02 7.451335216721831500e+01 7.702867206980924664e+01 9.045228437777396380e+01 8.791027637499661296e+01 7.338800300914856223e+01 9.727930696650207665e+01
7.434285923774881155e+01 1.071680031180402324e+02 8.016053284432497605e+01 5.667008006710416623e+01 8.405278099653148161e+01 1.037596287414875746e+02 7.274915353138507612e+01 9.842047104900055388e+01
8.476073865523895279e+01 1.074400438406993885e+02 7.873810631691935669e+01 9.082749179335412748e+01 6.262355602588812076e+01 8.905738253854906361e+01 7.152203215012218607e+01 9.012834506401804902e+01
9.408198764082865750e+01 1.079473027214722975e+02 5.501758029038137465e+01 1.010650333689020499e+02 8.018511415765028971e+01 9.897113511363150451e+01 7.492135330652251923e+01 1.008285841846446544e+02
8.440105076484232427e+01 1.040866174245490186e+02 8.752412778023553130e+01 8.146190161889970227e+01 7.523160544547542372e+01 8.481425194203733042e+01 8.034209192348023976e+01 8.304504036141743484e+01
8.017443372884386577e+01 1.152732779735498099e+02 7.631318376304650997e+01 9.806967412142664386e+01 8.067265626185637473e+01 8.680155591462944642e+01 6.990448483324450990e+01 8.573157395316357565e+01
8.067899992604340298e+01 1.157007653413833737e+02 8.585376853364778071e+01 5.978917728048761404e+01 7.810828442838693775e+01 1.018346599861569217e+02 7.192144011861878994e+01 1.036342429847743176e+02
8.295658164380628818e+01 9.821476521648352787e+01 8.075111535984223110e+01 8.655472783165578221e+01 7.325766446999904247e+01 9.424690496598152833e+01 7.833338365396367919e+01 8.438087447120823015e+01
7.893314461000932170e+01 1.141536305508286944e+02 6.172390416788665846e+01 8.063707734892508938e+01 8.645895607688395046e+01 1.012928206861063671e+02 6.393363628335535509e+01 9.579795584984509560e+01
7.858373528843867462e+01 1.048935296355476510e+02 9.235842939837905874e+01 9.392773294828738528e+01 7.082820261819473728e+01 9.584441877249433617e+01 8.362462399986682726e+01 9.931429643828471399e+01
9.059135450512198418e+01 1.079635495694062968e+02 7.811113649201716669e+01 7.913079442918549944e+01 7.419539010682032654e+01 9.702706926005591015e+01 7.230604672809957378e+01 9.359651839686421226e+01
8.306041974247342807e+01 1.105003715891343319e+02 7.700692901739739682e+01 7.928314831780281224e+01 7.734164948854970589e+01 1.083244808287301737e+02 7.300349322995239731e+01 9.360376568060800651e+01
8.353335529174397323e+01 1.101920866503393910e+02 7.151662365478105698e+01 7.880054237296728559e+01 8.601122761827392083e+01 9.602043844856247290e+01 7.285428114413781486e+01 9.390519408689019087e+01
8.412039897807959221e+01 1.089059368884653196e+02 6.547178284953588445e+01 8.585325478593479431e+01 6.975757603131094697e+01 9.793791234287854763e+01 7.089157275272553704e+01 1.006656600378002224e+02
8.060572328474215453e+01 1.093346520591589410e+02 8.012184317821652257e+01 5.871142192852737196e+01 8.248590351461719195e+01 1.000783877040154835e+02 6.831351658733322552e+01 9.615920283849905559e+01
9.943144194142003300e+01 1.039247666979840830e+02 5.582795588409737775e+01 9.621223183627020603e+01 8.495694764181985192e+01 8.911141672770992272e+01 7.614222038638949641e+01 8.957996295362383421e+01
7.218245863045011390e+01 1.121779530812392522e+02 9.103157654030104595e+01 6.388548596795596524e+01 8.551038037489018961e+01 1.039678628261944198e+02 7.678971313993801573e+01 1.053113980894597432e+02
8.556191028493137196e+01 1.187161747940569683e+02 8.351927767153546256e+01 7.555849199531360227e+01 8.465606168704881895e+01 1.067030136041637149e+02 6.899501586167293965e+01 9.530609554729625188e+01
8.473116129725195833e+01 1.075515083755842483e+02 7.028252451679301771e+01 7.214544456087607216e+01 8.282797700945052100e+01 9.411611937711396081e+01 6.793078126854696563e+01 9.158616273591522372e+01
1.120157265317274948e+02 8.267437258599260019e+01 9.011407965230205264e+01 1.058672313138389711e+02 8.557856147672629277e+01 7.923551174356050808e+01 9.910095901128966034e+01 0.000000000000000000e+00
7.830205226012913045e+01 1.076265683659299555e+02 8.090509004251445901e+01 6.314655227447884300e+01 8.567645363323877916e+01 9.994126082431071723e+01 7.634610416776027364e+01 9.024611919371628233e+01
8.989357617797655564e+01 1.028333366629080246e+02 7.458494677683508201e+01 8.002644292912962953e+01 7.651547417327068956e+01 9.923574195842233792e+01 7.567254815838582260e+01 9.495173667594696099e+01
8.773767062286164276e+01 1.098025181228782827e+02 6.726954187766374105e+01 7.915078919803310953e+01 8.126548500805535014e+01 8.659367618681635292e+01 6.615832788159185895e+01 9.622898780038059385e+01
7.606062199232465559e+01 1.114461632549013501e+02 6.476331348641743091e+01 7.496672811090391519e+01 8.719366694111391780e+01 8.368412431655841033e+01 6.441136544953198495e+01 9.906880858126689304e+01
1.185643528222163923e+02 7.271501163362806608e+01 9.034181898474372474e+01 1.099892200086137564e+02 9.480852793033335502e+01 9.473084099905058508e+01 1.110102322813902873e+02 9.060826313575597624e+01
7.888408155824622270e+01 9.975114728032619382e+01 1.092815288615927756e+02 6.778126647867554766e+01 8.129528773296591737e+01 1.065926395351774971e+02 9.330069232662057743e+01 1.041196249213530791e+02
5.615015898782198178e+01 1.208474587480821754e+02 1.098294940931561285e+02 8.460910500577793414e+01 9.631702084477446135e+01 1.001520705420166735e+02 9.122278889028602578e+01 1.093937596216529187e+02
8.534951563918548345e+01 1.190355069809624382e+02 8.272750203221542620e+01 8.119522575760105099e+01 8.863164225647649630e+01 1.079143043475778114e+02 0.000000000000000000e+00 9.910095901128966034e+01
6.159798555662347042e+01 1.249192566705445842e+02 9.664731201041379904e+01 6.878297112148985093e+01 8.796391479906398558e+01 1.037097887843782331e+02 7.647921917939324032e+01 1.088933669188413660e+02
8.391069603383454023e+01 1.138179376760539299e+02 1.019715147266633437e+02 7.267064903937377096e+01 8.953621212057858259e+01 1.062186793569376135e+02 8.921188448678024940e+01 9.646178251109904522e+01
6.795436541223956795e+01 1.129200863234992909e+02 9.895738877163309155e+01 6.787106807463956670e+01 8.715438746258301705e+01 1.039262892974831516e+02 7.809329404082316728e+01 1.105336358979632791e+02
5.755859773596963436e+01 1.130964565169166605e+02 1.001681865983792505e+02 7.231613955836103003e+01 9.221953857987239189e+01 1.081804763941324268e+02 8.860729633018156903e+01 1.026962556515662754e+02
6.900523971767269416e+01 1.163661215442470507e+02 9.663231613165812917e+01 6.534941650050407702e+01 9.233751240038503738e+01 1.065603481318588024e+02 8.227120380413957434e+01 1.007656610939754671e+02
6.535013392584070857e+01 1.155765132303822895e+02 9.101675449382446459e+01 7.474543038416634033e+01 8.379443531225594199e+01 1.002315697725197339e+02 8.183552420790562110e+01 9.518241960589571704e+01
6.039369896419221106e+01 1.185209485767966413e+02 9.289783634735671569e+01 7.833688508010330054e+01 9.304349419016094203e+01 1.002378975498263145e+02 7.379530421337007340e+01 1.058039408470596925e+02
6.355595477623534606e+01 1.242004033984307227e+02 9.157895232325165580e+01 7.565472345936285592e+01 8.937980673538126553e+01 1.049593469892099193e+02 7.246241504523428034e+01 1.050682591208544636e+02
7.433867026141524548e+01 1.097185512340279843e+02 7.951492283773771419e+01 7.429110710234243697e+01 8.322276342971596819e+01 9.505896779255249385e+01 6.613346259797583571e+01 9.912772615070085180e+01
9.231148160278551984e+01 1.037881093691933216e+02 9.884595472679899331e+01 0.000000000000000000e+00 9.057442092838545022e+01 1.152426660443897504e+02 8.119522575760105099e+01 1.058672313138389711e+02
5.303286118751535128e+01 1.170243869233655687e+02 1.013071185429839147e+02 9.802530143491739523e+01 9.262059494042752306e+01 8.918155764089125626e+01 9.726216393117270798e+01 1.060309051158508424e+02
8.710880338777405996e+01 1.038079125823203128e+02 6.825705589728627842e+01 6.530519459360077406e+01 8.697363960524323545e+01 9.166348090078143684e+01 7.479266778854220377e+01 9.238769981319413205e+01
5.126509155933396045e+01 1.223845829361350042e+02 9.928624999713660770e+01 9.314489476887658270e+01 9.827002269319581274e+01 9.822482489243840575e+01 8.723349114956350547e+01 1.095381242391524381e+02
8.304774071850710015e+01 1.176312818843094448e+02 8.720734416316773263e+01 7.305355463366068136e+01 8.312003597936848109e+01 1.018551918071581071e+02 6.893313167027704935e+01 9.485595929867528753e+01
6.025334969650681671e+01 1.185657172361992480e+02 8.991416789902704920e+01 8.155959519398527391e+01 7.032121763770852851e+01 1.064804261809196646e+02 6.683929412018055416e+01 1.040919772624706354e+02
5.627620706090151259e+01 1.112879892200240732e+02 9.551242100682114256e+01 7.824631102095149515e+01 9.012613523610468746e+01 1.044143502261395042e+02 8.286092767672212744e+01 1.013474845047960571e+02
7.875193611758535894e+01 1.116090756201247984e+02 9.946140887641215045e+01 5.531345291661526176e+01 9.150681801207917943e+01 1.107208100023227075e+02 7.962091892154060702e+01 1.044137013473713012e+02
5.649887218533200439e+01 1.248034764375989312e+02 1.021705518104967467e+02 9.458731871039380223e+01 9.927038331839700902e+01 9.643493401653509522e+01 9.279414786187093966e+01 1.101912077466774349e+02
6.562178404848455671e+01 1.243503806949123884e+02 1.039846653413786015e+02 1.017153481919665836e+02 1.003572808109276480e+02 9.507303301086797376e+01 1.000669701708136472e+02 1.105784019308623556e+02
8.163930140018514692e+01 1.100196206529330141e+02 1.043238408629663496e+02 6.465956872450489357e+01 8.330453259468221461e+01 1.063059631311966058e+02 8.170983538640182076e+01 9.954675115868121793e+01
4.906959041422522461e+01 1.228679929828669088e+02 1.092257957130895818e+02 8.728438099691516072e+01 9.781677066795998599e+01 9.838487286786555330e+01 8.859874639642563920e+01 1.102765608933112560e+02
5.791799622756234101e+01 1.130496360998601091e+02 9.728653866816564744e+01 7.263797364475315987e+01 9.359175337051460986e+01 1.013012418127226653e+02 8.785393797891717327e+01 9.583888730511009157e+01
5.914393271315966416e+01 1.178624992855671820e+02 9.691120855384501453e+01 6.990896166409534374e+01 9.127005892771893514e+01 1.052893093612500905e+02 8.310824990511093802e+01 9.965451399445322522e+01
8.740078937240429013e+01 8.700150757091863341e+01 9.370371081119489531e+01 5.475908789125725917e+01 7.164086733628202808e+01 1.069106584606462320e+02 8.492162327056608717e+01 9.882830903413260160e+01
7.094977839401600761e+01 1.212721406879826134e+02 9.959016991703187216e+01 6.291901677162714179e+01 8.595472909433206610e+01 1.058033589297119619e+02 8.070350095880286290e+01 1.054965907853834040e+02
6.099060058608929324e+01 1.238117240744664116e+02 9.022235061212262508e+01 8.481540454886874159e+01 8.732379015240620390e+01 1.021435662426214037e+02 8.098413342166439577e+01 1.072385572521368005e+02
7.964643406207896703e+01 1.129337175599210354e+02 7.261120528311438704e+01 7.760423642612842343e+01 8.061135652061607004e+01 9.619880459968590003e+01 6.945372787004039594e+01 9.398784358321617560e+01
9.053949087938478613e+01 9.783780884805516109e+01 8.842555115533869525e+01 9.560137103509153178e+01 7.098684791852006981e+01 8.625921901560934657e+01 9.147564263031775056e+01 8.353984003880472642e+01
6.906620626296475507e+01 1.165569156840784331e+02 8.056015047676869756e+01 6.227695228015894457e+01 8.650262316594286460e+01 9.295108033802608816e+01 7.650656290108599933e+01 1.012976196406062002e+02
1.051469368087904286e+02 9.166743805082765562e+01 5.953248111334870885e+01 9.643166945952054903e+01 6.526309313413044322e+01 8.696199364573314483e+01 7.971773433639599205e+01 8.205973851313362388e+01
9.023838239551892570e+01 1.104436364202478273e+02 7.346587348685166319e+01 8.704489523514465077e+01 8.431380133523700238e+01 9.405741730304085024e+01 6.833951304584000752e+01 9.003448334205677384e+01
6.901711008398619640e+01 1.166315713839235855e+02 8.106625400612635701e+01 8.632712501847919384e+01 7.852192328347923933e+01 9.407760174730400138e+01 7.165550286294723037e+01 9.241981840747988031e+01
8.432131672053877480e+01 1.093587821467315138e+02 7.704299173602166206e+01 6.504600309244308676e+01 8.990811035725654676e+01 9.116657128759392492e+01 7.497017800637088669e+01 9.868712271913489076e+01
7.972971380322306345e+01 1.108939548681676541e+02 1.006259213730808426e+02 9.352475913056224499e+01 7.720829018130231702e+01 8.727836230299664066e+01 9.408332042107853965e+01 8.650858597268560857e+01
8.295658164380628818e+01 9.821476521648352787e+01 8.075111535984223110e+01 8.655472783165578221e+01 7.325766446999904247e+01 9.424690496598152833e+01 7.833338365396367919e+01 8.438087447120823015e+01
1.022118192151424836e+02 1.018069671038002326e+02 5.359807555677561908e+01 8.856362152351856309e+01 7.494031108427546428e+01 8.683100867060282724e+01 7.724011046047213824e+01 8.720525412689335099e+01
8.508558524302857506e+01 1.089679803620505112e+02 8.010124173729963104e+01 8.460515611535784330e+01 7.701898494597476486e+01 9.818885313926396918e+01 6.991138959289084198e+01 8.674600488341104665e+01
7.503522790432404577e+01 1.117784381443367607e+02 7.862991530178578614e+01 7.307457823108838113e+01 8.567897547574983719e+01 9.789171590350542829e+01 6.195118883028492007e+01 9.914160246432697932e+01
7.927455840901339457e+01 1.160083975286292031e+02 6.968728118992763143e+01 7.487756892483574234e+01 9.180669403893412550e+01 8.734446119154701194e+01 7.027104389560057029e+01 9.852341911223484772e+01
7.606062199232465559e+01 1.114461632549013501e+02 6.476331348641743091e+01 7.496672811090391519e+01 8.719366694111391780e+01 8.368412431655841033e+01 6.441136544953198495e+01 9.906880858126689304e+01
9.082951068906196213e+01 1.045302751752869597e+02 6.519872516405843044e+01 7.859318815004729686e+01 8.682126866177972602e+01 9.429449263630512235e+01 7.538081428142258744e+01 8.932164447347665259e+01
9.817993978719168524e+01 1.095856902604301837e+02 5.982404409423192959e+01 9.646207180933436121e+01 7.721817692336384198e+01 9.385034121509734462e+01 8.135087101133693466e+01 8.761142221284143261e+01
8.752151213752142667e+01 1.056912993125177280e+02 7.478901040836868219e+01 7.375853581596069830e+01 6.998389159064915077e+01 9.800282472577748649e+01 7.479396678476953753e+01 9.051826340990301389e+01
9.178045447232496201e+01 1.021213422236167787e+02 7.632834866385289274e+01 8.673118564344910908e+01 6.694453461671884043e+01 9.612073212999403893e+01 8.461811204736716263e+01 8.890472449806077293e+01
6.157859689202731346e+01 1.207616816445738550e+02 9.477316949920981415e+01 7.522789362282779280e+01 8.520953756251446976e+01 1.045429361553112102e+02 6.829168645023381146e+01 1.026255329924992168e+02
1.034292586143866828e+02 1.042383632259526962e+02 0.000000000000000000e+00 9.884595472679899331e+01 8.911314155925889224e+01 8.732349330282001176e+01 8.272750203221542620e+01 9.011407965230205264e+01
1.003309696864904055e+02 9.341687054098358090e+01 5.372102964442691331e+01 9.981970886008623722e+01 7.050756956599515490e+01 8.795340337700265820e+01 8.360368682086813408e+01 8.170943309223089557e+01
8.659598918483722230e+01 1.011759538572302688e+02 8.805927149826486300e+01 6.703964669996152281e+01 7.003835918694223039e+01 9.667934604051245628e+01 7.116380532033464590e+01 8.934828226167425669e+01
7.649973841138280761e+01 1.153544454842053426e+02 8.499617825472039101e+01 7.147259133826855759e+01 8.372044884272381182e+01 9.994858195219656238e+01 6.888629739974430777e+01 9.661541150259012056e+01
6.148766045608992670e+01 1.177166318399745109e+02 9.013624260022135104e+01 7.080952941147803870e+01 8.253023387123315047e+01 1.033300398482168134e+02 7.432187439555163166e+01 1.034282811020210033e+02
8.951922653703216781e+01 9.953635751606918802e+01 8.911314155925889224e+01 9.057442092838545022e+01 0.000000000000000000e+00 8.952564457313596336e+01 8.863164225647649630e+01 8.557856147672629277e+01
8.920829070651574000e+01 1.018409039708742512e+02 9.000001799543461800e+01 7.506726027160254944e+01 7.668745557619709530e+01 1.001584671299943068e+02 7.156086138144512176e+01 9.723760390439062462e+01
7.443865306796107006e+01 1.083134228173398554e+02 8.793133538601772159e+01 7.891594295687244198e+01 7.346502016666278223e+01 9.890111484476267378e+01 7.626158115943813698e+01 9.240843515008955933e+01
8.399080474588261325e+01 1.106247210844338440e+02 7.512221905297600699e+01 9.834021057134152954e+01 8.572145932094106513e+01 8.565414646352475359e+01 9.334778741511107114e+01 8.947376299049646775e+01
1.011773185831544595e+02 1.056048451226168083e+02 6.378482609592828823e+01 9.158008546837756114e+01 8.181761964755686733e+01 9.653902932124222502e+01 7.765735076757462707e+01 9.964997916757624807e+01
8.067899992604340298e+01 1.157007653413833737e+02 8.585376853364778071e+01 5.978917728048761404e+01 7.810828442838693775e+01 1.018346599861569217e+02 7.192144011861878994e+01 1.036342429847743176e+02
1.063882316427977486e+02 9.564556093354363497e+01 4.775628704744972453e+01 1.041579979902035689e+02 8.244509651516028725e+01 8.849080876774635840e+01 8.689891060841330273e+01 8.962608240181140218e+01
5.744056897803208273e+01 1.164891770670982680e+02 9.382259363486390669e+01 8.227665403825409385e+01 9.129015780266122704e+01 1.001709468821056532e+02 8.050193554117163330e+01 1.037016586482593254e+02
5.792759317040369638e+01 1.233253747931720596e+02 9.156120041587411151e+01 7.925259116287210759e+01 8.906611444166212266e+01 1.057413886664366913e+02 8.238644843092239967e+01 1.083095663188876188e+02
5.791799622756234101e+01 1.130496360998601091e+02 9.728653866816564744e+01 7.263797364475315987e+01 9.359175337051460986e+01 1.013012418127226653e+02 8.785393797891717327e+01 9.583888730511009157e+01
5.426210632721360128e+01 1.215626231755273068e+02 1.040433914138068161e+02 9.279050126184873193e+01 9.580369718705154014e+01 9.441137852793968932e+01 9.410051398030515202e+01 1.090074381736456530e+02
9.871593293604185249e+01 1.006673656662789540e+02 7.767999363353079900e+01 7.391422286833055466e+01 6.972801943090462373e+01 1.002175020653864124e+02 7.282952867525656870e+01 8.801353335780061116e+01
1.161655971071324700e+02 8.540000033188016459e+01 6.344683602821376667e+01 8.857575476100080891e+01 8.307857204119883932e+01 8.769626671745987778e+01 1.039812210344345829e+02 8.945048014471828424e+01
6.795436541223956795e+01 1.129200863234992909e+02 9.895738877163309155e+01 6.787106807463956670e+01 8.715438746258301705e+01 1.039262892974831516e+02 7.809329404082316728e+01 1.105336358979632791e+02
7.579345347681329770e+01 1.117703352979926876e+02 9.221281228236922800e+01 6.061353186099542256e+01 8.970915944577744483e+01 1.026895191973667067e+02 8.372209632429172643e+01 1.015423717954274139e+02
7.805161011190094200e+01 1.175664504939085901e+02 1.029108549958495473e+02 7.342535056126466486e+01 9.084838954124394661e+01 9.769756784855499632e+01 8.440251992584614982e+01 9.457759873087644564e+01
6.519194035804459020e+01 1.105695146102978157e+02 9.312046570077735907e+01 7.047732522514694153e+01 6.690566319701193265e+01 1.053706726235100035e+02 7.696211172907680975e+01 9.849011657758839533e+01
6.956769639872084099e+01 1.170781295366200112e+02 1.001261347865216749e+02 7.268577223563897860e+01 8.983730026636682453e+01 9.932849999501280536e+01 8.128141893940907892e+01 1.070451793130928024e+02
6.355595477623534606e+01 1.242004033984307227e+02 9.157895232325165580e+01 7.565472345936285592e+01 8.937980673538126553e+01 1.049593469892099193e+02 7.246241504523428034e+01 1.050682591208544636e+02
6.850594530020441653e+01 1.208884656104837489e+02 8.794128380413401658e+01 6.183336565802923701e+01 8.806287961790012275e+01 1.073905294149047904e+02 7.374200677917269786e+01 1.026170076678043870e+02
9.161237601585457924e+01 9.464403303071807727e+01 1.105863247847838267e+02 5.184035510850110740e+01 8.665977836280276847e+01 1.084017076055092446e+02 8.881962669124106924e+01 1.049835595816375218e+02
8.081243493875071238e+01 1.115078553129410892e+02 9.330004546999882109e+01 5.754659323591312159e+01 8.971323286351072568e+01 1.050264980269078450e+02 7.461246629201610858e+01 9.492252943209808791e+01
8.281922627810713777e+01 1.090346076187442605e+02 8.879340585575815226e+01 5.559078697090626520e+01 8.995896231756898942e+01 1.029150432426034456e+02 8.149005514182027810e+01 1.000731636468795216e+02
8.034835490006139480e+01 9.901681897607319627e+01 1.025722485830973483e+02 5.288421746366054066e+01 7.943502678992476262e+01 1.022414371327263325e+02 9.568262926053996864e+01 1.052332508804527578e+02
7.763593921795887809e+01 1.073881112651248060e+02 8.495803142849325695e+01 5.102172293302258765e+01 9.076330802898091576e+01 1.083056101512934504e+02 7.271334152197985645e+01 1.010290753669577555e+02
5.271247552144122039e+01 1.257487657776321299e+02 9.659272175770394142e+01 7.842959555032969376e+01 8.814587942055864289e+01 1.086705563950993394e+02 8.172332079876922251e+01 1.075815540436440472e+02
5.615015898782198178e+01 1.208474587480821754e+02 1.098294940931561285e+02 8.460910500577793414e+01 9.631702084477446135e+01 1.001520705420166735e+02 9.122278889028602578e+01 1.093937596216529187e+02
8.331737543680175406e+01 9.786121759859072711e+01 7.827892898931048649e+01 6.653371910330244532e+01 8.164441045782373862e+01 9.837663367126036462e+01 7.583230029685960005e+01 9.098545625255191283e+01
6.758805285136999430e+01 1.283919432411390176e+02 9.170437963159585593e+01 8.384871169360111764e+01 7.900099810255527188e+01 1.027744961789630764e+02 7.837914263301340156e+01 1.092547305949331928e+02
7.433867026141524548e+01 1.097185512340279843e+02 7.951492283773771419e+01 7.429110710234243697e+01 8.322276342971596819e+01 9.505896779255249385e+01 6.613346259797583571e+01 9.912772615070085180e+01
9.790708602363451973e+01 1.007330759230992641e+02 7.536814559056365681e+01 5.800002152381822640e+01 8.328683381475360648e+01 9.530333633387965619e+01 7.699530157191713897e+01 9.038703770461174258e+01
8.723160776842050268e+01 8.996656103488793121e+01 1.092155720558506573e+02 5.447428839561565184e+01 7.518160993281689741e+01 1.024382157763582057e+02 8.973588814840144323e+01 9.760665689796960010e+01
8.085206037858040418e+01 1.085435011588920560e+02 8.018080721351613249e+01 5.767280384138665994e+01 8.907446929076354536e+01 1.010938391926080016e+02 6.840221524363040828e+01 9.769948020773841790e+01
8.730580287725526034e+01 8.837616138970797408e+01 9.233540787567443431e+01 5.451344984729058041e+01 8.892141212688174789e+01 1.087580860670778549e+02 9.376257249822380402e+01 1.000643628228838367e+02
7.136721342953642022e+01 1.147142229445989017e+02 8.216038068900492419e+01 7.596202469079841535e+01 7.433490102126445720e+01 1.003599161532032298e+02 7.187032409938629485e+01 9.101264834669549941e+01
5.841544702780178255e+01 1.185725843475233461e+02 1.023419743460630542e+02 1.028045868906884976e+02 9.568714530485418379e+01 9.247664564399032372e+01 9.392215917387382262e+01 1.106163888816818286e+02
6.896956991753940258e+01 1.245126245721386624e+02 9.793989490665809683e+01 6.991112132688796521e+01 8.707955203047093562e+01 1.044597816937109940e+02 8.388912319135344831e+01 1.038991731035178248e+02
9.523662710793955455e+01 9.363135700851094612e+01 6.391229874378064579e+01 8.133940472696362178e+01 7.009051394404968960e+01 9.262985813666877277e+01 7.816898332257713378e+01 9.037563845749590996e+01
9.051387827339051739e+01 1.167622068446592323e+02 6.074208872220408040e+01 8.773181315073227893e+01 8.421175394342094478e+01 1.032630445031989552e+02 6.826656616284617485e+01 9.901302842775950808e+01
8.918080699879659790e+01 9.501491878892844056e+01 7.510833870867303119e+01 8.036546388274733488e+01 7.432565404804270770e+01 8.598996473173127697e+01 8.134396838800680030e+01 8.826920203422693589e+01
7.927455840901339457e+01 1.160083975286292031e+02 6.968728118992763143e+01 7.487756892483574234e+01 9.180669403893412550e+01 8.734446119154701194e+01 7.027104389560057029e+01 9.852341911223484772e+01
1.063882316427977486e+02 9.564556093354363497e+01 4.775628704744972453e+01 1.041579979902035689e+02 8.244509651516028725e+01 8.849080876774635840e+01 8.689891060841330273e+01 8.962608240181140218e+01
1.004331698806950328e+02 1.033251954926318632e+02 4.731603251591328529e+01 9.116186721613145494e+01 7.777073659031103148e+01 9.214585806014305547e+01 7.258807243504979567e+01 9.621576235365051843e+01
8.363273679763933899e+01 1.114510743244846509e+02 7.820996104142436423e+01 6.368960091144193569e+01 7.833735999836095232e+01 1.003666259976228474e+02 6.642594258304862365e+01 1.021564734857359440e+02
9.900574409384294938e+01 1.032341024226042521e+02 5.777141610893066570e+01 9.200855609786371758e+01 7.793139453425159502e+01 8.757876636459063491e+01 8.387070783322667467e+01 9.395614410038473352e+01
9.943144194142003300e+01 1.039247666979840830e+02 5.582795588409737775e+01 9.621223183627020603e+01 8.495694764181985192e+01 8.911141672770992272e+01 7.614222038638949641e+01 8.957996295362383421e+01
9.543328429560455106e+01 1.037024895687111865e+02 5.932708662030563573e+01 9.284538092220809347e+01 7.053699733616176104e+01 8.976224809350129874e+01 8.118168849461358150e+01 9.087415801918552916e+01
8.412039897807959221e+01 1.089059368884653196e+02 6.547178284953588445e+01 8.585325478593479431e+01 6.975757603131094697e+01 9.793791234287854763e+01 7.089157275272553704e+01 1.006656600378002224e+02
1.051469368087904286e+02 9.166743805082765562e+01 5.953248111334870885e+01 9.643166945952054903e+01 6.526309313413044322e+01 8.696199364573314483e+01 7.971773433639599205e+01 8.205973851313362388e+01
8.655399988807863565e+01 1.135324055722256844e+02 6.408838084392762369e+01 7.851591514874829159e+01 8.885659997548732747e+01 8.101006174654531833e+01 7.336030625326640120e+01 9.689908348676416949e+01
1.185643528222163923e+02 7.271501163362806608e+01 9.034181898474372474e+01 1.099892200086137564e+02 9.480852793033335502e+01 9.473084099905058508e+01 1.110102322813902873e+02 9.060826313575597624e+01
8.295658164380628818e+01 9.821476521648352787e+01 8.075111535984223110e+01 8.655472783165578221e+01 7.325766446999904247e+01 9.424690496598152833e+01 7.833338365396367919e+01 8.438087447120823015e+01
1.011773185831544595e+02 1.056048451226168083e+02 6.378482609592828823e+01 9.158008546837756114e+01 8.181761964755686733e+01 9.653902932124222502e+01 7.765735076757462707e+01 9.964997916757624807e+01
7.503522790432404577e+01 1.117784381443367607e+02 7.862991530178578614e+01 7.307457823108838113e+01 8.567897547574983719e+01 9.789171590350542829e+01 6.195118883028492007e+01 9.914160246432697932e+01
8.017443372884386577e+01 1.152732779735498099e+02 7.631318376304650997e+01 9.806967412142664386e+01 8.067265626185637473e+01 8.680155591462944642e+01 6.990448483324450990e+01 8.573157395316357565e+01
7.048896192232470526e+01 1.156424016106667949e+02 9.449735193110632281e+01 7.648332052478968990e+01 7.987944871480547704e+01 9.149969401083019704e+01 8.840650249969350227e+01 9.906254146648467440e+01
8.304680079868568043e+01 1.089785669079667798e+02 7.984306218776880826e+01 6.560623643919372228e+01 8.414477163612698973e+01 9.863421042541618533e+01 7.642205686902784123e+01 9.412289598907599952e+01
6.148766045608992670e+01 1.177166318399745109e+02 9.013624260022135104e+01 7.080952941147803870e+01 8.253023387123315047e+01 1.033300398482168134e+02 7.432187439555163166e+01 1.034282811020210033e+02
9.053949087938478613e+01 9.783780884805516109e+01 8.842555115533869525e+01 9.560137103509153178e+01 7.098684791852006981e+01 8.625921901560934657e+01 9.147564263031775056e+01 8.353984003880472642e+01
7.564408300992050727e+01 1.195338051231211409e+02 9.302295263526309554e+01 8.045096055608109964e+01 7.806106377794341711e+01 1.031744108382159339e+02 7.100062288033394964e+01 1.125891567270299447e+02
1.009396240420391138e+02 9.098393451400825427e+01 6.033260879226642714e+01 7.922121441345426263e+01 7.460232376198482029e+01 9.111277797674070200e+01 7.810624966055284801e+01 9.307666690390314557e+01
1.003309696864904055e+02 9.341687054098358090e+01 5.372102964442691331e+01 9.981970886008623722e+01 7.050756956599515490e+01 8.795340337700265820e+01 8.360368682086813408e+01 8.170943309223089557e+01
9.408198764082865750e+01 1.079473027214722975e+02 5.501758029038137465e+01 1.010650333689020499e+02 8.018511415765028971e+01 9.897113511363150451e+01 7.492135330652251923e+01 1.008285841846446544e+02
7.507259608888362834e+01 1.119101210003023255e+02 9.249425565457644893e+01 6.704337457095728325e+01 8.215819529855671988e+01 1.028228848983574579e+02 8.255743162707028659e+01 9.959085185567448661e+01
8.627456105180519330e+01 1.072727348137861441e+02 8.193324883856936935e+01 8.438273714091575073e+01 6.324214173914050008e+01 1.032329753946134616e+02 7.402163266867405866e+01 9.571333446126993749e+01
8.440105076484232427e+01 1.040866174245490186e+02 8.752412778023553130e+01 8.146190161889970227e+01 7.523160544547542372e+01 8.481425194203733042e+01 8.034209192348023976e+01 8.304504036141743484e+01
7.388517710425244900e+01 1.056969212559854299e+02 6.857288525421614622e+01 7.917959198745653282e+01 8.540462131094351150e+01 9.039690897434823569e+01 7.641382274256588403e+01 8.996499614063618822e+01
6.025334969650681671e+01 1.185657172361992480e+02 8.991416789902704920e+01 8.155959519398527391e+01 7.032121763770852851e+01 1.064804261809196646e+02 6.683929412018055416e+01 1.040919772624706354e+02
7.006379410918060557e+01 1.105500395970131393e+02 1.118712616046074260e+02 6.151790561709709237e+01 8.880805031833739349e+01 1.055747356250063689e+02 8.686973346243094340e+01 1.050579264764559753e+02
5.745135288198132173e+01 1.279860311455357049e+02 1.028588846795053371e+02 8.684700408019681106e+01 9.442479731202256232e+01 1.010657944554203596e+02 9.038667402691923769e+01 1.123644297734855257e+02
6.900523971767269416e+01 1.163661215442470507e+02 9.663231613165812917e+01 6.534941650050407702e+01 9.233751240038503738e+01 1.065603481318588024e+02 8.227120380413957434e+01 1.007656610939754671e+02
5.791799622756234101e+01 1.130496360998601091e+02 9.728653866816564744e+01 7.263797364475315987e+01 9.359175337051460986e+01 1.013012418127226653e+02 8.785393797891717327e+01 9.583888730511009157e+01
5.564504354370790651e+01 1.187913605477823182e+02 1.030213197688767934e+02 9.821387663005154423e+01 9.655158978902305478e+01 9.262857894722822039e+01 9.039115135006140633e+01 1.113298934620897853e+02
5.352638813927015349e+01 1.184007886432500811e+02 1.000167659495045314e+02 8.829281624228697467e+01 9.116602748476258000e+01 9.346308247681731984e+01 8.863195767124810232e+01 1.041378844605943641e+02
5.649887218533200439e+01 1.248034764375989312e+02 1.021705518104967467e+02 9.458731871039380223e+01 9.927038331839700902e+01 9.643493401653509522e+01 9.279414786187093966e+01 1.101912077466774349e+02
5.744056897803208273e+01 1.164891770670982680e+02 9.382259363486390669e+01 8.227665403825409385e+01 9.129015780266122704e+01 1.001709468821056532e+02 8.050193554117163330e+01 1.037016586482593254e+02
5.686644395683075714e+01 1.229866076350980961e+02 1.008724188883786468e+02 9.316025940877229061e+01 9.774441927412273401e+01 9.887028478552061017e+01 9.103678778002239369e+01 1.091597674483907099e+02
4.906959041422522461e+01 1.228679929828669088e+02 1.092257957130895818e+02 8.728438099691516072e+01 9.781677066795998599e+01 9.838487286786555330e+01 8.859874639642563920e+01 1.102765608933112560e+02
7.833706045388979078e+01 1.019663504804291136e+02 1.151469587865388178e+02 5.880002441981110195e+01 8.802222964426964325e+01 1.077863985122214103e+02 9.058181472399986944e+01 1.072635445205818030e+02
6.099060058608929324e+01 1.238117240744664116e+02 9.022235061212262508e+01 8.481540454886874159e+01 8.732379015240620390e+01 1.021435662426214037e+02 8.098413342166439577e+01 1.072385572521368005e+02
7.949935636460422472e+01 1.042604646175950052e+02 7.954282686940801739e+01 5.451238781755070306e+01 8.224671091960782121e+01 1.013339234236377848e+02 7.388356999358063604e+01 9.641248338064437462e+01
8.030466972835250772e+01 1.191535920322148883e+02 9.878821513854867931e+01 5.503632346115561091e+01 8.728740369668361154e+01 1.055313997151853442e+02 8.250175212098626787e+01 1.055884623989656745e+02
5.615015898782198178e+01 1.208474587480821754e+02 1.098294940931561285e+02 8.460910500577793414e+01 9.631702084477446135e+01 1.001520705420166735e+02 9.122278889028602578e+01 1.093937596216529187e+02
1.222503870377650799e+02 0.000000000000000000e+00 1.042383632259526962e+02 1.037881093691933216e+02 9.953635751606918802e+01 8.341774009741639873e+01 1.190355069809624382e+02 8.267437258599260019e+01
6.264041670962092923e+01 1.129862964652722610e+02 1.062109531524463364e+02 8.096474181781468360e+01 9.430896714069463371e+01 9.828953342866122966e+01 9.355798686637149331e+01 1.038834177029097532e+02
9.102605289746261974e+01 8.884907110370298255e+01 1.107589424191063472e+02 5.679821597254677812e+01 7.861970989165081392e+01 1.061364471149619533e+02 9.547099062975172501e+01 9.731873115917088057e+01
8.569139862290977305e+01 1.031859757357131997e+02 7.991645297223993794e+01 5.851020083609794398e+01 8.290421484735379920e+01 9.853637499261165544e+01 7.581575997719122029e+01 9.767597425318088256e+01
6.039369896419221106e+01 1.185209485767966413e+02 9.289783634735671569e+01 7.833688508010330054e+01 9.304349419016094203e+01 1.002378975498263145e+02 7.379530421337007340e+01 1.058039408470596925e+02
1.161655971071324700e+02 8.540000033188016459e+01 6.344683602821376667e+01 8.857575476100080891e+01 8.307857204119883932e+01 8.769626671745987778e+01 1.039812210344345829e+02 8.945048014471828424e+01
6.689897710887913718e+01 1.172169662476087808e+02 9.503318832441145503e+01 6.223980266646821491e+01 9.105268807604061010e+01 1.099536187170935904e+02 7.880972794699518147e+01 1.090151750262736812e+02
7.094977839401600761e+01 1.212721406879826134e+02 9.959016991703187216e+01 6.291901677162714179e+01 8.595472909433206610e+01 1.058033589297119619e+02 8.070350095880286290e+01 1.054965907853834040e+02
8.483741659948390179e+01 1.181266420121002909e+02 8.021464243965210983e+01 5.611777227674185298e+01 8.942762971250526505e+01 1.064665820548053716e+02 7.279975896546646652e+01 1.053035000727768704e+02
7.257326056046477447e+01 1.094071433113983431e+02 8.496539356784849417e+01 6.701465581801001292e+01 8.221429150597262492e+01 9.487573806209708493e+01 7.911034735359127978e+01 9.944372790901508097e+01
9.161237601585457924e+01 9.464403303071807727e+01 1.105863247847838267e+02 5.184035510850110740e+01 8.665977836280276847e+01 1.084017076055092446e+02 8.881962669124106924e+01 1.049835595816375218e+02
8.061247520091218632e+01 1.201933347707930579e+02 8.726717164473090804e+01 6.882718061644101226e+01 9.145482612002456335e+01 1.064416589169697147e+02 7.583361957258708230e+01 1.007365965175642657e+02
8.199916094925299603e+01 1.045479395555810811e+02 9.020461416580270964e+01 5.403732746764122652e+01 8.960652135271249108e+01 1.044871782523099171e+02 8.518518226003530458e+01 9.779172528636507877e+01
8.081243493875071238e+01 1.115078553129410892e+02 9.330004546999882109e+01 5.754659323591312159e+01 8.971323286351072568e+01 1.050264980269078450e+02 7.461246629201610858e+01 9.492252943209808791e+01
7.564408300992050727e+01 1.195338051231211409e+02 9.302295263526309554e+01 8.045096055608109964e+01 7.806106377794341711e+01 1.031744108382159339e+02 7.100062288033394964e+01 1.125891567270299447e+02
6.822101385895140879e+01 1.177478918236359533e+02 8.804824847759169870e+01 7.742070059018013239e+01 7.948339224587392948e+01 1.036155388360628677e+02 7.420963942346421049e+01 1.090468783577077829e+02
9.377141231256423737e+01 1.104284945981027306e+02 6.410092631074336111e+01 8.530729714947305808e+01 7.735981031375519024e+01 9.834603183957104022e+01 7.194556596838619100e+01 1.059287234105918571e+02
9.178045447232496201e+01 1.021213422236167787e+02 7.632834866385289274e+01 8.673118564344910908e+01 6.694453461671884043e+01 9.612073212999403893e+01 8.461811204736716263e+01 8.890472449806077293e+01
8.933338731032009150e+01 1.039619029233338665e+02 7.783263290307917259e+01 6.602126223618931533e+01 8.543935942528756300e+01 9.921144042638037774e+01 7.452333466747818136e+01 9.538412934224476203e+01
1.002521442267970571e+02 8.341774009741639873e+01 8.732349330282001176e+01 1.152426660443897504e+02 8.952564457313596336e+01 0.000000000000000000e+00 1.079143043475778114e+02 7.923551174356050808e+01
9.025742620448797027e+01 1.050581960959129049e+02 7.738438276555250184e+01 7.578389452593270903e+01 7.574150382473131060e+01 1.007315597800945426e+02 6.916242538319208677e+01 1.020598189662008224e+02
8.599389500295930588e+01 1.126954335654557156e+02 9.333124696430627409e+01 5.916611859416187968e+01 7.929804596165936914e+01 1.046018433422345169e+02 6.884611966037304853e+01 1.018602550163545288e+02
7.590669761749636280e+01 1.184973190486722245e+02 5.872833564556238173e+01 9.307490457265353712e+01 8.244214747621182937e+01 9.298385322484790549e+01 7.260269724932861379e+01 9.690235975507735589e+01
6.325743808225247733e+01 1.141292440939913604e+02 8.382442115967180030e+01 7.963481952978818867e+01 7.749279972301579278e+01 9.778726417018161499e+01 7.722464478456151937e+01 1.028574848289186434e+02
7.807416370579345255e+01 1.121511681479499885e+02 7.556147477781628652e+01 8.643840302317562418e+01 6.355206871572048044e+01 8.983321432111785043e+01 7.199994342227820709e+01 8.729161977676375272e+01
8.655399988807863565e+01 1.135324055722256844e+02 6.408838084392762369e+01 7.851591514874829159e+01 8.885659997548732747e+01 8.101006174654531833e+01 7.336030625326640120e+01 9.689908348676416949e+01
8.854324832005033841e+01 1.050027397893684622e+02 6.124891635709816029e+01 9.523332782255603490e+01 8.089638780404371232e+01 8.315449867180268484e+01 7.368083941607915222e+01 8.925954713807260532e+01
8.480210386574634640e+01 1.049568152694296543e+02 6.485759606948195710e+01 7.339588620594484780e+01 8.589082134123572132e+01 8.212626185585870076e+01 7.543266957963298580e+01 9.317466419923029264e+01
8.814321634131351857e+01 1.087157365799559159e+02 7.732452859014424007e+01 6.631984304666551111e+01 8.551191676112983941e+01 1.015756655818131122e+02 7.906169127884599845e+01 9.363613024936302054e+01
1.009396240420391138e+02 9.098393451400825427e+01 6.033260879226642714e+01 7.922121441345426263e+01 7.460232376198482029e+01 9.111277797674070200e+01 7.810624966055284801e+01 9.307666690390314557e+01
7.683391982569766299e+01 1.147858496506462416e+02 7.205325704116792451e+01 8.546276027729538782e+01 8.196022325116219065e+01 9.956807923289541407e+01 6.785720398555891109e+01 9.660740154312452432e+01
7.972971380322306345e+01 1.108939548681676541e+02 1.006259213730808426e+02 9.352475913056224499e+01 7.720829018130231702e+01 8.727836230299664066e+01 9.408332042107853965e+01 8.650858597268560857e+01
8.680646646614539463e+01 1.036517991724333569e+02 6.794820368239406605e+01 8.639902685506049806e+01 6.753174469025289284e+01 9.104687360117985406e+01 7.599225711092768165e+01 9.241163644186688941e+01
8.105216039954906648e+01 1.103433594282182213e+02 7.689034383179847509e+01 7.240123232255074015e+01 8.618506236750191363e+01 9.244406858694837581e+01 7.506797337357804167e+01 9.367708234412683055e+01
8.772281289868809040e+01 1.153914907094305278e+02 8.856359868333854024e+01 6.654954558546150167e+01 7.997752230468726964e+01 1.014744106425246173e+02 7.422031310036987861e+01 1.036409121206845896e+02
8.386286274461947698e+01 1.181570269112195888e+02 5.687584873068696822e+01 7.927638563406320316e+01 8.745183806685741956e+01 8.754570327398977270e+01 7.017855566734679940e+01 9.974242387801760401e+01
8.918080699879659790e+01 9.501491878892844056e+01 7.510833870867303119e+01 8.036546388274733488e+01 7.432565404804270770e+01 8.598996473173127697e+01 8.134396838800680030e+01 8.826920203422693589e+01
9.023838239551892570e+01 1.104436364202478273e+02 7.346587348685166319e+01 8.704489523514465077e+01 8.431380133523700238e+01 9.405741730304085024e+01 6.833951304584000752e+01 9.003448334205677384e+01
9.821594267453028237e+01 9.980127014884152459e+01 5.735749318635485139e+01 9.203117240131030030e+01 8.070499750295016383e+01 9.194354800990096521e+01 7.614812040191031883e+01 8.836740302130988312e+01
9.049286869090832397e+01 1.157428438004009763e+02 7.400948336003314409e+01 8.635708797474934784e+01 8.106733357981947563e+01 9.822392758141830882e+01 7.445971342428832429e+01 1.008593820635962288e+02
7.507259608888362834e+01 1.119101210003023255e+02 9.249425565457644893e+01 6.704337457095728325e+01 8.215819529855671988e+01 1.028228848983574579e+02 8.255743162707028659e+01 9.959085185567448661e+01
8.532292367666553901e+01 1.091619471693525441e+02 7.563262964570778024e+01 8.376915446736110482e+01 7.349241537770778621e+01 1.159138740749442604e+02 7.094282753231833283e+01 1.075643938724053612e+02
9.573663117934037814e+01 1.040575191531959547e+02 6.848229499261826447e+01 8.338585889888197755e+01 6.984930179316658894e+01 9.623699107344555159e+01 7.660283427124487332e+01 9.553974430146131169e+01
9.321788129267203260e+01 9.929332557536736203e+01 6.350275021592346292e+01 8.951076476819218897e+01 7.640010861473901116e+01 9.740338968612610415e+01 7.143096335982382072e+01 9.222322891031953418e+01
