1.194841146519318897e+01 1.304884559989389103e+01 1.365580225890463062e+01 1.168165245138604114e+01 1.314523857071417190e+01 1.299694441055592087e+01 1.193390324245083356e+01 1.258021085011452200e+01
0.000000000000000000e+00 1.769668577936955955e+01 1.529067726507532399e+01 1.426482944641136541e+01 1.388649867854802800e+01 1.441220488910197162e+01 1.199030089819688527e+01 1.197125582531219301e+01
1.059496508107648260e+01 1.351121944692745380e+01 1.218262179580021076e+01 1.179666236999866236e+01 1.212272077703820372e+01 1.265410410534673602e+01 1.146806176755350748e+01 1.147118140718190382e+01
1.258496479089879827e+01 1.251288716486328134e+01 1.128124635739386505e+01 1.332398993889460748e+01 1.391541997187300339e+01 1.214335352603406548e+01 1.082974523324508809e+01 1.239810406752697958e+01
1.083333309177294623e+01 1.339755088862910171e+01 1.458436632452085036e+01 1.174619822387748336e+01 1.365024783160339616e+01 1.256674067627609581e+01 1.129001646169635720e+01 1.322809082214580556e+01
1.149375300993020588e+01 1.398011818670473261e+01 1.650893228725466955e+01 1.410114650905402023e+01 1.445928858650273696e+01 1.050266608575793548e+01 1.218899650669479406e+01 1.339820025773956047e+01
1.098333738965901141e+01 1.430372346900652403e+01 1.276082740330604537e+01 1.340911214156642473e+01 1.119086118692483112e+01 1.308312775447501508e+01 1.069538722200460512e+01 9.294127283567615194e+00
1.064014958180042569e+01 1.269065808379725091e+01 1.367389901654669337e+01 1.444208845505406735e+01 1.165046447617799963e+01 9.942514818269515331e+00 1.389757575308717463e+01 1.332275654548016064e+01
9.981674010049031764e+00 1.647515935482512717e+01 1.402086381769459855e+01 1.397740409411174767e+01 1.278234631183688386e+01 1.382832571584762604e+01 1.019625240368486629e+01 1.173668404222265771e+01
8.524865416706131072e+00 1.503520122910862789e+01 1.440528209401442261e+01 1.245182409166710791e+01 1.281705600921376664e+01 1.346190079362431291e+01 1.022504655422888220e+01 1.270974988220291380e+01
1.081705970579567833e+01 1.453969342127672881e+01 1.306692955773442399e+01 1.129770175709555602e+01 1.206168855777488247e+01 1.281930431154771455e+01 1.004665845561359916e+01 1.284974735510906285e+01
1.016307322504976796e+01 1.409882798090045242e+01 1.343748871719908067e+01 1.228904380270635777e+01 1.232458307425590682e+01 1.278340384060849289e+01 1.074275310178176035e+01 1.250389026287009742e+01
9.368499899606522519e+00 1.565991075110914288e+01 1.327915710812824557e+01 1.566585498962996681e+01 1.011962183548551941e+01 1.254234601078301203e+01 1.231492782294896848e+01 1.274136422753682751e+01
1.276045297027419068e+01 1.200133480238991446e+01 1.460861260216139001e+01 1.501897572019201021e+01 1.215826036233240615e+01 1.171266883740542752e+01 9.484003717508809217e+00 1.522128256142601010e+01
8.327331109784593011e+00 1.386932127570978146e+01 1.440959484831033954e+01 1.420449615415244082e+01 1.160877909430053201e+01 1.220980648620815145e+01 1.160579110526791702e+01 1.103915666566127562e+01
1.176273297884522329e+01 1.365633311498120328e+01 1.198561846065117997e+01 1.326895988502539936e+01 1.112109123441727299e+01 1.364622390420399256e+01 1.290202230815363293e+01 1.035717715077970169e+01
1.007567190988256911e+01 1.523222327506137930e+01 1.535529066157659450e+01 1.397373579993541881e+01 1.334297331084569294e+01 1.061436188282715953e+01 1.191431735267191883e+01 1.280921839763576742e+01
1.086424013855867265e+01 1.545725116501597007e+01 1.264646858941438623e+01 1.592136081867370123e+01 1.103859047937630145e+01 1.220058939547177346e+01 8.993188286593772673e+00 1.086350070560238912e+01
1.124509982676504016e+01 1.392937733397526578e+01 1.656791204933113093e+01 1.255258508947195928e+01 1.411129419297007992e+01 9.005693771911916556e+00 1.277693366837025302e+01 1.278817357468387428e+01
1.149040862459455603e+01 1.464540089318886196e+01 1.526698304531980455e+01 1.415725315488458946e+01 1.306597775547200868e+01 1.115250780929707197e+01 1.094624945643009895e+01 1.240504082803876429e+01
1.089098290629406307e+01 1.576475787232531189e+01 1.583238212574468484e+01 1.432398859315068052e+01 1.393115227019936242e+01 1.201086681307134008e+01 1.109734423143314963e+01 1.256005005237201111e+01
1.245848772119420467e+01 1.266847762804252042e+01 1.366258051081538127e+01 1.531653215283880876e+01 1.377122514068822490e+01 1.034284198511277886e+01 1.156211165721500933e+01 1.426052584815713509e+01
1.185938904982010555e+01 1.440478654528698677e+01 1.519419995548312130e+01 1.430956763137355026e+01 1.191040348045324038e+01 1.057471975910948458e+01 1.236664089552554024e+01 9.500813459455905274e+00
1.140738969162418215e+01 1.361047249545136140e+01 1.389831806299293504e+01 1.510128751691370574e+01 1.434598089600588011e+01 9.724824551539624551e+00 1.349119788062432157e+01 1.402438056035857095e+01
1.193829597563918021e+01 1.353409774094152773e+01 1.485499375446096515e+01 1.095812131742791173e+01 1.377229626623649139e+01 1.232010032653522558e+01 1.324375799441906842e+01 1.325055887304677604e+01
8.952468202623924398e+00 1.391309282493103616e+01 1.634139676184629053e+01 1.283856158544470816e+01 1.449664024898528680e+01 1.331899799410353857e+01 1.485301886287616924e+01 1.400441615394052519e+01
1.114723804399637430e+01 1.123604387029442186e+01 1.181337428705797876e+01 1.168861694130164075e+01 1.357736198564960972e+01 1.063811455531666894e+01 1.256229373635600766e+01 1.022027547534457526e+01
1.207409311674241614e+01 1.421809868190279325e+01 1.153260385609229033e+01 1.335289597817600971e+01 9.841572287787702322e+00 1.376639026749653638e+01 1.028968186785583505e+01 9.702955660015540218e+00
1.194893806729692898e+01 1.330398450725370729e+01 1.488062148490380210e+01 1.305811338011653078e+01 1.378383608287087014e+01 1.257654761959687306e+01 1.244403527634015560e+01 1.405410292609386858e+01
8.930953226049599181e+00 1.563679368288129190e+01 1.608092791853132653e+01 1.173447452272000646e+01 1.410329506255335019e+01 1.332105244139827604e+01 1.146746905223426971e+01 1.279769604314896903e+01
8.670725807579964695e+00 1.517696945087850402e+01 1.408171734320441004e+01 1.347854519419841601e+01 1.083778961097581117e+01 1.222074458892485538e+01 1.231827705927155314e+01 1.113992799756323393e+01
1.191948611877850972e+01 1.302345770739198194e+01 1.376010221820069290e+01 1.184634333616045687e+01 1.239667017004220995e+01 1.138234918684792696e+01 1.239436554144261393e+01 1.457348039843962972e+01
1.098544057239910821e+01 1.468596064657568157e+01 1.400517339328476041e+01 1.594711830478597925e+01 1.269485026677779516e+01 1.068368630519421458e+01 1.140310878426325658e+01 9.851619872138247302e+00
1.006568345434675926e+01 1.382368015633975844e+01 1.124710576720162791e+01 1.484091047753718939e+01 1.213237518729960840e+01 1.251863257845109878e+01 1.131694285954918833e+01 1.038625871785441213e+01
9.807090672178294000e+00 1.450697051213534650e+01 1.160678460221927999e+01 1.257709195946166503e+01 1.276541578754747874e+01 1.277596961446939261e+01 1.233639714204472959e+01 9.249381472115812741e+00
1.293439797401878266e+01 9.924257934434951522e+00 1.517315215981252763e+01 1.467444579487016121e+01 1.428924878634961360e+01 1.110354696992242829e+01 1.238394975078973204e+01 1.301004252259149929e+01
9.164085916477388238e+00 1.627842774374245494e+01 1.422071812368697508e+01 1.343483348399032984e+01 1.313889341030439617e+01 1.283390075642043193e+01 1.251005183620649142e+01 1.140412720745425368e+01
1.081155434567712348e+01 1.478765091238138751e+01 1.512430730917720645e+01 1.216565372393767319e+01 1.358640617372312676e+01 1.094138233102126634e+01 1.261476242251519686e+01 1.263833259541737064e+01
8.660447968155073895e+00 1.388205370158855345e+01 1.469919590176770718e+01 1.425790180583343769e+01 1.289493285814937984e+01 1.117161901407627767e+01 1.144462752335281763e+01 9.925580533762435209e+00
9.885247033842590625e+00 1.527980703523913242e+01 1.273304821407070797e+01 1.098206512812383018e+01 1.277304106724046662e+01 1.279756688527966624e+01 9.846999131266695571e+00 9.909193242879682728e+00
9.083352677021176547e+00 1.472357022201219934e+01 1.465481849363271216e+01 1.482616779200820112e+01 1.289951431134092275e+01 1.133120466013088645e+01 1.190812834964294709e+01 1.149791363493618768e+01
1.160321819879826499e+01 1.291606165245840643e+01 1.387329362719756176e+01 1.286874095038290378e+01 1.367043095703624189e+01 1.256162661512237833e+01 1.237696739722964523e+01 1.308049985668309745e+01
8.862057239985350776e+00 1.516641109503265206e+01 1.525368649797519538e+01 1.185188643751485316e+01 1.434610376182576275e+01 1.300780036846268217e+01 1.262434684506801830e+01 1.158815600331729812e+01
1.054833905657891613e+01 1.484419586534115609e+01 1.569601087615820845e+01 1.494037521688685999e+01 1.195939941018441210e+01 1.127337951017237216e+01 1.284608858414751609e+01 1.227108013188320079e+01
1.078381185353579674e+01 1.435379285738491006e+01 1.242806928811620537e+01 1.280162145321633460e+01 1.140926455731092304e+01 1.357095459907788992e+01 1.136628237297324695e+01 1.004730744855756974e+01
1.512398729831600441e+01 1.157566147889199648e+01 1.210783911025962212e+01 1.335223662497559438e+01 1.573287528760175213e+01 1.049842523887389234e+01 1.375716864480875401e+01 1.322132502046298974e+01
1.058193672294800791e+01 1.508251677456843076e+01 1.620828243511749633e+01 1.495338067456981435e+01 1.298315288223214381e+01 1.182399464358755914e+01 1.017356976120496981e+01 1.114057566252563625e+01
1.769668577936955955e+01 0.000000000000000000e+00 1.425242314695295143e+01 1.343055907089021339e+01 1.311032030445738528e+01 1.286857880666540943e+01 1.347189771370789835e+01 1.355847353106218911e+01
1.284444434821290848e+01 1.226785384609180873e+01 1.430157366533547858e+01 1.016199831268239784e+01 8.392751116851902893e+00 1.318068204089290241e+01 1.245541055235978867e+01 1.033240460464514854e+01
1.254248177524617347e+01 1.087203076677048053e+01 1.416414386482544074e+01 1.158484485419348786e+01 8.760493714192032044e+00 1.324711888956929506e+01 1.227395557701246176e+01 1.211452545798710290e+01
1.136728709712613394e+01 1.300272622849022497e+01 1.422006176478300432e+01 1.295346552369425552e+01 9.016515046367834074e+00 1.175123407109554385e+01 1.190484166024796409e+01 1.158410721617066308e+01
1.494460540100899237e+01 1.048844110141661012e+01 1.211787203421302372e+01 8.497827974551068309e+00 1.230669198247760576e+01 1.072771274998916979e+01 1.446820449431463551e+01 1.196297873167400105e+01
1.269416014465894982e+01 1.277744658120176524e+01 1.476976468340997606e+01 9.963863313245076014e+00 1.117650116655012305e+01 1.301173008296568767e+01 1.301009718876108323e+01 9.532511342615745065e+00
1.500214329293580029e+01 1.284039849530993749e+01 1.199151687240441788e+01 1.036795446104001073e+01 1.233046886481079518e+01 1.431171254073569088e+01 1.603283643864574515e+01 1.419742856678513654e+01
1.500842076906987899e+01 1.056536404953416408e+01 1.208206144662442227e+01 1.223987582018428455e+01 9.768157783974814379e+00 1.081110378167618435e+01 1.286339712946405989e+01 1.015078462526565595e+01
1.549183924945677404e+01 8.102745965586695576e+00 1.351653273908092956e+01 1.209496847790997798e+01 1.185770001968737120e+01 1.166741151291288858e+01 1.261295143205192737e+01 1.286998930226117999e+01
1.451640673967227357e+01 1.096355531972445263e+01 1.444629195208436556e+01 9.514064286302309270e+00 1.256604250033850789e+01 1.305593378821274442e+01 1.586945112488840337e+01 1.147771748768397337e+01
1.396291103554041335e+01 1.105931408633059121e+01 1.283652698701309269e+01 1.184239378185192137e+01 9.871449746730990071e+00 1.184140002434953232e+01 1.112536591988438239e+01 9.894039576108179190e+00
1.486466910363280469e+01 1.075825188568379609e+01 1.530234723764010063e+01 1.086317079693606757e+01 1.219610938791072208e+01 1.445532902382027274e+01 1.541587245965464170e+01 1.072390574929096552e+01
1.452450271680654481e+01 1.092520925627258244e+01 1.259552992680487016e+01 1.151193417078724757e+01 1.216990551164433398e+01 1.081276231953192735e+01 1.105491465431258646e+01 1.418234745958527299e+01
1.383961021741670194e+01 1.134470153861739661e+01 1.329691940173419340e+01 8.531295290335307868e+00 1.368880864019119237e+01 1.332272091597168640e+01 1.380839000712023790e+01 1.319337727724082576e+01
1.403545571698344752e+01 9.542952803725091471e+00 1.453014521377608226e+01 1.182544413523031679e+01 8.420978659727273552e+00 1.162365624871430114e+01 1.122055049886463962e+01 1.014233980167197480e+01
1.466735244116962633e+01 1.279233909596216101e+01 8.542399376328807747e+00 1.225058207273598043e+01 1.284754017209976240e+01 1.293024631366177601e+01 1.323670897465089880e+01 1.098962212905662916e+01
1.291133648868016870e+01 1.051076397171955357e+01 1.670302413512944284e+01 1.118333101031200805e+01 1.068428067979408524e+01 1.206204721995039897e+01 1.172930228609697778e+01 1.149583251132956896e+01
1.100993516971601949e+01 1.376887019222941255e+01 1.383786826097048461e+01 1.090287237487939365e+01 8.596913759920306930e+00 1.457920304207093842e+01 1.308077002151479462e+01 8.588224677788950601e+00
1.448382659428634156e+01 1.223078849805960644e+01 1.321296896575459101e+01 7.584927365377655661e+00 1.112614373837920034e+01 1.373422593540742653e+01 1.450005602153618689e+01 1.329016468929118666e+01
1.586101491543058728e+01 7.614645984458367600e+00 1.409048184059708042e+01 1.270421290243031187e+01 1.190843993095196396e+01 9.462567327031496944e+00 1.200916708651578446e+01 1.352116869053114101e+01
1.316085435768509448e+01 1.353869637303294660e+01 1.272744744107737347e+01 7.499386478128957201e+00 1.393826902829533765e+01 1.467225546508877265e+01 1.246759886333389034e+01 1.337877249042188588e+01
1.094973857806462902e+01 1.082382940402852078e+01 1.362937041949274786e+01 1.389788262737997471e+01 1.044101027998383557e+01 1.296450059638964625e+01 1.367211302203394219e+01 1.107887903682406439e+01
1.396729907315146235e+01 1.289230982473024589e+01 1.365894291751665790e+01 1.319010174553252135e+01 1.085033690860549527e+01 1.130198721640568493e+01 1.144826607846917099e+01 1.353955775634019965e+01
1.393464892085374807e+01 1.037064538488988141e+01 1.581561532896978406e+01 1.100698112468426437e+01 1.403952371820927780e+01 1.100778438759115829e+01 1.220163241207440308e+01 1.412637228038042636e+01
1.425870471268357420e+01 8.705917732747769477e+00 1.396124193960371329e+01 9.790578625341989749e+00 1.266614109259164778e+01 1.421534705701573742e+01 1.348902685713683525e+01 1.295958079651926553e+01
1.103664897189453242e+01 1.537685785895693513e+01 1.398001287885425725e+01 1.176865852250427302e+01 1.163331583290579907e+01 1.477977618859522480e+01 1.243071610240266445e+01 7.541529985052202179e+00
1.412405056671084935e+01 1.172546865275376682e+01 1.243176583530031110e+01 9.786557491354525240e+00 1.411755699595274116e+01 1.476203697047700913e+01 1.289088985875260285e+01 1.355310805102573113e+01
1.426482944641136541e+01 1.343055907089021339e+01 1.395787207674494823e+01 0.000000000000000000e+00 1.453079163937479734e+01 1.334103560661699461e+01 1.421030137947240668e+01 1.386166477847935852e+01
1.129989704889374913e+01 1.083346461984060483e+01 1.222764434269502587e+01 1.169507017650995273e+01 1.281848530389550156e+01 1.226051966898321055e+01 1.108740365951035756e+01 9.918852766720675618e+00
1.153102504471008238e+01 1.388256852027804378e+01 1.428644554213221696e+01 1.293405754633146998e+01 9.995401963192939832e+00 1.365902436742171489e+01 1.171709753394979714e+01 9.528417179107826485e+00
1.580755332475646213e+01 8.012170228694252216e+00 1.247776785801681676e+01 1.007729259021187040e+01 1.210316276556141446e+01 1.027472378228827665e+01 1.166365066003457684e+01 1.199836938184387236e+01
1.688202168205011944e+01 6.914458423593519143e+00 1.425933268918639740e+01 1.196515159204167489e+01 1.364341791537414039e+01 1.209576862919417017e+01 1.327138997167554280e+01 1.561479192376719993e+01
1.350179176146382432e+01 1.165649505087179350e+01 1.311313435471960354e+01 1.268068891964271039e+01 8.861330129649727994e+00 1.067629127635581909e+01 1.338805063494361036e+01 1.298434613799367199e+01
1.424323929708241110e+01 1.221662537437832796e+01 1.305722636316804675e+01 1.066379111137305635e+01 9.391867316488404782e+00 1.119941810936989413e+01 1.471835533596079060e+01 1.137741948679107296e+01
1.302648737886026353e+01 1.274639628481819109e+01 1.527397663599225197e+01 1.300753947897307405e+01 9.814336359990400993e+00 1.086165392596877588e+01 8.972593114207924714e+00 9.175390686789977934e+00
1.276226167723285343e+01 1.270022237770896645e+01 1.253558975607599812e+01 8.689642513686656855e+00 1.114299526249817696e+01 1.331825459301813019e+01 9.882518609663017983e+00 1.270666412247474142e+01
1.438399408734290041e+01 1.071976398558143551e+01 1.280438402860061231e+01 8.518740748630721171e+00 1.358829153620908770e+01 1.225207249921176889e+01 1.437013025406388245e+01 1.022235034915705754e+01
1.501282818854311785e+01 1.004735332099223122e+01 1.271602097147082766e+01 1.257199385446892315e+01 9.621652597893499248e+00 1.136729265204615302e+01 1.113493528241785135e+01 1.313199843257044996e+01
1.440685429952965713e+01 1.119114675423124616e+01 9.191483070178954051e+00 1.061630156956870685e+01 1.218589697888066503e+01 1.326597778490475932e+01 1.303321636238741910e+01 1.089338799253766688e+01
1.578409137972577447e+01 8.904406581020024802e+00 1.400895756652992574e+01 1.049528859043453544e+01 1.073862335312475480e+01 1.065926898641363252e+01 1.269915411530153726e+01 1.230238385346153329e+01
1.280265645822676390e+01 1.064714248137124741e+01 1.342822754879923508e+01 8.149646302619146354e+00 1.296124955785736965e+01 1.409892655166281017e+01 9.751031016409021035e+00 1.366704612118175000e+01
1.388815433510145425e+01 1.228903948107427802e+01 1.215111909158215120e+01 1.172931785643162783e+01 1.115600724010094957e+01 1.296703896267048250e+01 1.385639721456939633e+01 9.749474579746628677e+00
1.312795541243041519e+01 1.200194145024802772e+01 1.186157242311447213e+01 1.393912591331627659e+01 1.033507264870551268e+01 1.179657733203682746e+01 1.241859695456144408e+01 9.374472947931334232e+00
1.431439002539493721e+01 9.100160686481091332e+00 1.699999759935638366e+01 1.174383209645416848e+01 1.279899392290409565e+01 1.303631032602674367e+01 1.461131386817416811e+01 1.308964775294641569e+01
1.295428982513929306e+01 1.092256193792109364e+01 1.278470515071116509e+01 1.047186433272908346e+01 1.177943236359899082e+01 1.377849673321613722e+01 1.427515955692136629e+01 8.624522825970743156e+00
1.343547511875909173e+01 1.226669654816508803e+01 1.415406802078074833e+01 1.189125552871190550e+01 7.747717434352170862e+00 1.383136478263388192e+01 1.326400194076114758e+01 1.088541653971705259e+01
1.342637429805548344e+01 1.278533571584975093e+01 1.301992694728575373e+01 8.883948193449315411e+00 1.342091271181208967e+01 1.373477554924097177e+01 1.375889155916459394e+01 7.749292807474111200e+00
1.197125582531219301e+01 1.355847353106218911e+01 1.195762221878823084e+01 1.386166477847935852e+01 1.241884332809347846e+01 1.410473846311205115e+01 1.315158956760095599e+01 0.000000000000000000e+00
1.388649867854802800e+01 1.311032030445738528e+01 1.636138782265642888e+01 1.453079163937479734e+01 0.000000000000000000e+00 1.328886803897422553e+01 1.245647058918117445e+01 1.241884332809347846e+01
1.378126619777393280e+01 8.081626748432153562e+00 1.447716229276429623e+01 1.097998258483417899e+01 8.681742548712630736e+00 1.221079274579662233e+01 1.137160693735435402e+01 1.373375854598491586e+01
1.241578132773645748e+01 1.256366590500002900e+01 1.110069534655981904e+01 1.323723832368185782e+01 1.133135797898268571e+01 1.261005014289458614e+01 1.031217794163702095e+01 1.241639704579469949e+01
1.316361682073763717e+01 1.433169077736799224e+01 8.544164476868267855e+00 1.260923021349926465e+01 1.379611624989319552e+01 1.111087018511266145e+01 1.112163137205287988e+01 1.120112782787289341e+01
1.388349907794126992e+01 1.341259932467105109e+01 1.140529663884603728e+01 1.482303515066323740e+01 1.270852026275771429e+01 1.269510326111721099e+01 1.172024782348529293e+01 1.252745485352111388e+01
1.303462060991040516e+01 1.170791839908928722e+01 6.755795971970914415e+00 1.245022950578514376e+01 1.319126477877148496e+01 1.024457753777153002e+01 8.168562022875596185e+00 1.184628125335858151e+01
1.418043381657708046e+01 1.334781380516359306e+01 1.015010316058781648e+01 1.543291093821702376e+01 1.317631497636770277e+01 9.959773107544940274e+00 8.743539380788305948e+00 1.052284646038694405e+01
1.246339132164257713e+01 1.357306598007853005e+01 1.098049809664830434e+01 1.412248365377337223e+01 1.198170576869817872e+01 1.204752130217046258e+01 1.139076865771195379e+01 1.145926293540442842e+01
1.438356366661562014e+01 1.233126825131116533e+01 9.213147378412310573e+00 1.307735870695180402e+01 1.220441179575396262e+01 1.131467776393558822e+01 1.086479322989502982e+01 1.140452459319676137e+01
1.351802100978200549e+01 1.267013158462887645e+01 9.916565172522444627e+00 1.300189657377335450e+01 1.128120713206697978e+01 1.154749786855584226e+01 8.726104390642706932e+00 1.308068364932440275e+01
1.205871906436533436e+01 1.390286493206535745e+01 9.460505414769912136e+00 1.001018161016801855e+01 1.410212620149562213e+01 1.328468559517063063e+01 1.210993315562446071e+01 1.227242419232207382e+01
1.095131241208513551e+01 1.466703947787263651e+01 1.007541807129599398e+01 1.380044154890270391e+01 1.535183257988128958e+01 1.315712208749126155e+01 9.112685186646549695e+00 1.132952666215215309e+01
1.431625146877585664e+01 1.118045079453623458e+01 1.020775516554463458e+01 1.383853006606785740e+01 1.371465795957072231e+01 1.208061158260725776e+01 7.144126806569127908e+00 1.151725966278976898e+01
1.194801897070664509e+01 1.187042123747673728e+01 1.193826758034106739e+01 1.476877978029744121e+01 1.314044837889436756e+01 1.044924051880904692e+01 6.083285630547704770e+00 1.175463438990436238e+01
1.551503593378858170e+01 1.401601968683710098e+01 6.983551596821469865e+00 1.290742359216444868e+01 1.354651503900100806e+01 1.350732492426877940e+01 1.283060039397707719e+01 1.028397456702378854e+01
1.138988851374490530e+01 1.414714618475128205e+01 8.507844227072643761e+00 1.297247046411567695e+01 1.380957239710480700e+01 1.354438502215015738e+01 1.097757821330833750e+01 1.093400268463522096e+01
1.541573029424902330e+01 1.189049412056413857e+01 8.767905789682131967e+00 1.465833420120887709e+01 1.260680014939113214e+01 1.134588657364788844e+01 1.108179747756399713e+01 1.266952150707884606e+01
1.180578488556374239e+01 1.492678317173507452e+01 1.099092243716613915e+01 1.402429516415999977e+01 1.374218010801435774e+01 1.127862953895349740e+01 1.043888220220564200e+01 1.046838709437300707e+01
1.216926491431237700e+01 1.326960355919126577e+01 1.112925601473001258e+01 1.559678370161718775e+01 1.246542781590788529e+01 1.156436101759292612e+01 8.631222801528746658e+00 1.265798491799401582e+01
1.218535304684145615e+01 1.491952226921740454e+01 8.392340925024559084e+00 9.091329064702298624e+00 1.431755096522653936e+01 1.414780092870105577e+01 1.186230162133724875e+01 1.100601387151180610e+01
1.341413056171317564e+01 1.165734466462889785e+01 9.317688225620937459e+00 1.366792216338549082e+01 1.345991011987190689e+01 1.209127320039546127e+01 8.947956902375000965e+00 1.267241292357222093e+01
1.368393368133846089e+01 1.402324765776130278e+01 7.653940954249470963e+00 1.420174194813491297e+01 1.507633512577168489e+01 1.106669189195155667e+01 1.140669640074153612e+01 1.142852285498851117e+01
1.403062410508940516e+01 1.405507224451120329e+01 1.137426393548132175e+01 1.141509393760446223e+01 1.034326887775610082e+01 1.171744040606099446e+01 9.194919067454394579e+00 1.242017499293789662e+01
1.452856877472065023e+01 1.275741682206349381e+01 9.444256880656753950e+00 1.553500930805403257e+01 1.231713651211973470e+01 1.209501318226040567e+01 8.792253579789392148e+00 1.270376256049106800e+01
1.225172800602604894e+01 1.481559702690804592e+01 1.050232361026022154e+01 1.409842279855847913e+01 1.359510192097979164e+01 1.240116720610865997e+01 1.174719235307169818e+01 9.336941914426500233e+00
1.180190311085797106e+01 1.264988105290779252e+01 8.127549715703766608e+00 1.137010436285376791e+01 1.475633573524451059e+01 1.491694425214416952e+01 9.228856431508575042e+00 1.095149195702633094e+01
1.541852481577017997e+01 1.252112362732456141e+01 1.006056038579772682e+01 1.252516621484319614e+01 1.121112736939456234e+01 1.213898670333855812e+01 1.159923599211598066e+01 1.211415725466914850e+01
1.462735739615953712e+01 1.324226057648570709e+01 7.396088014621750695e+00 1.325142343125920341e+01 1.290601154752845936e+01 1.261684724024040527e+01 1.237630995443103643e+01 1.044664491645455051e+01
1.348832848517989547e+01 1.371314395629198302e+01 8.135864471486524252e+00 1.391259091393627045e+01 1.485305100221757435e+01 1.280784408704372623e+01 1.114735980962608330e+01 1.281440051446839945e+01
1.273453199561673621e+01 1.474798080297170522e+01 8.914055310399211507e+00 1.470718082418399142e+01 1.385207569794862792e+01 1.185928112618141128e+01 1.238630214996840806e+01 1.226982207900343091e+01
1.042229428565500804e+01 1.242612101972685501e+01 1.157781499077497500e+01 1.175191581067347713e+01 1.382568709289209785e+01 1.253871146790105939e+01 1.125839878485613355e+01 1.251870183973118955e+01
1.097667598500310504e+01 1.335890034377128899e+01 1.016072748750935695e+01 1.276955024813959483e+01 1.284214345163577953e+01 1.115027087713997922e+01 6.511043970182750940e+00 1.373102899615257400e+01
1.208964677179244340e+01 1.258637311713293094e+01 1.123899472697410395e+01 1.138221958455831917e+01 1.043980477830568177e+01 1.246478344899893820e+01 8.970072393594900717e+00 1.269679156823278454e+01
1.193022189778880282e+01 1.266074681230238141e+01 8.345858249591962874e+00 1.429028150449114065e+01 1.372678626626723819e+01 9.905371471939893979e+00 9.237779690450977910e+00 1.090112118279109232e+01
1.165898066306434977e+01 1.236366093298547852e+01 1.055369720160715907e+01 1.347417873070403083e+01 1.334835284457271598e+01 1.314344187131368358e+01 8.159848112121430574e+00 1.113028590258336337e+01
1.236436743429105611e+01 1.374054220107702129e+01 8.370889201540661517e+00 1.375430311720486820e+01 1.278352714192771344e+01 1.020897655928876269e+01 8.905880703646516849e+00 1.033826315018147035e+01
1.454684844313627856e+01 1.326615235418150007e+01 9.497467857828560511e+00 1.537422493189229300e+01 1.247458206968384964e+01 1.028237536531797502e+01 1.002890346521366105e+01 1.224150494700149316e+01
1.418433690571683847e+01 1.364095120295803021e+01 8.036055278532808543e+00 1.514905571673504525e+01 1.290660749342754521e+01 1.212951362678052547e+01 1.171898652662015294e+01 1.345994852698357569e+01
1.148888036188590966e+01 1.315923247766382431e+01 1.130470908000464370e+01 1.221453203072926996e+01 1.252263780960961270e+01 1.125775666628555527e+01 7.146737440749492798e+00 1.346645265440553985e+01
1.481862856851305388e+01 1.288985882384564974e+01 8.308148172067994608e+00 1.327393585206245064e+01 1.158232657804517807e+01 9.965070128799316862e+00 9.683554794783418629e+00 1.236816261155108521e+01
1.311507577856329831e+01 1.128601871053748695e+01 1.008413234435890615e+01 1.376753352556366572e+01 1.231294157981293402e+01 1.312332346230994951e+01 9.813298613736495923e+00 1.079939503318303196e+01
1.224526280908707676e+01 1.355937095559494487e+01 1.046787018396319091e+01 1.266476396015285921e+01 1.222524956405210439e+01 1.193382316503521601e+01 9.569161510160256512e+00 1.324052290480931759e+01
1.274116611311290370e+01 1.472693253421725323e+01 9.774169249857402875e+00 1.229052732632207778e+01 1.445765122024363869e+01 1.378509527997754702e+01 1.120138615249858027e+01 1.109628867844921807e+01
1.324787606532174244e+01 1.493899869482891241e+01 7.557084208422720550e+00 1.185886929836671655e+01 1.464390897350957488e+01 1.360322452786856573e+01 1.214466584823128059e+01 1.199842733934023187e+01
1.493833043399878058e+01 1.305592487485979447e+01 7.513564346559442164e+00 1.219809031219893747e+01 1.470784199332819142e+01 1.257380297013386894e+01 1.295484355366322404e+01 1.097089393856555972e+01
1.164261978375883544e+01 1.160149088230577341e+01 9.189680185110967514e+00 1.053457969564173169e+01 1.319806645142553059e+01 1.159561201752576842e+01 9.961938739451959179e+00 1.152304772333688732e+01
1.229645088133512587e+01 1.375491051030040879e+01 1.186577764292913528e+01 1.530867489900588296e+01 1.289105301857027364e+01 1.112179416853221703e+01 8.402237122279165860e+00 1.035807745950129188e+01
1.050403441506465008e+01 1.506023151906170909e+01 1.039220834769186652e+01 1.156392219199616278e+01 1.211524064834418724e+01 1.322947710904518814e+01 1.082196488143585356e+01 9.563134595195258214e+00
1.547776118453892735e+01 1.255502283713428469e+01 5.313652443846735629e+00 1.520454284790103650e+01 1.356622443862904959e+01 1.277857551961926852e+01 1.216229625293249939e+01 1.156160327456259118e+01
1.285009773041550929e+01 1.421376962379111752e+01 1.067421295516784774e+01 1.338460384846529649e+01 1.129714005472015792e+01 1.030438682666794570e+01 1.054033309750090552e+01 1.294264596843640192e+01
1.201923670525423127e+01 1.179345882941463941e+01 9.668964681680700224e+00 1.386042822200215419e+01 1.363575221695906059e+01 1.257709901892663140e+01 8.636388076838152017e+00 1.222602515598169859e+01
1.447085440465098038e+01 1.274034576518298323e+01 8.232278486901959624e+00 1.537258628676595684e+01 1.342809405774666409e+01 1.182295955847402880e+01 1.158028735447340907e+01 1.256233332974523087e+01
8.826063993289356091e+00 1.473976492624985646e+01 1.145896623680867776e+01 1.126558187236939546e+01 1.211947451060927250e+01 1.427008703499176079e+01 1.221015809949524211e+01 1.164223946997889669e+01
1.241786226368957635e+01 1.182497557494263418e+01 1.506334028525752444e+01 1.322608160283628465e+01 1.331861399548158253e+01 1.040975516112663968e+01 1.138693274696293045e+01 1.337380860184394038e+01
1.255184989961856168e+01 1.186459886095344629e+01 1.291624675463023131e+01 1.246198352727307324e+01 1.450926646664243691e+01 1.068498906584373564e+01 1.420521800312264205e+01 1.239365356801970464e+01
1.206164730078800673e+01 1.242699410675529670e+01 1.323478500066148733e+01 1.273950129479801063e+01 1.428291075637451080e+01 1.172873826020205357e+01 1.205852906467242391e+01 1.249816532123920076e+01
1.283636092956144026e+01 1.163823916081045873e+01 1.371958215703218009e+01 1.248597499542939815e+01 1.427719466621854494e+01 1.116177705210080617e+01 1.366385126751441526e+01 1.235538898395207674e+01
9.656602702800777038e+00 1.461954444741465409e+01 1.305871919258991731e+01 1.421616270247892011e+01 1.176603959253758624e+01 1.258351299081695274e+01 1.144263021203470387e+01 7.383612401563243388e+00
1.022914239598800989e+01 1.216904081927117964e+01 1.462112131839761453e+01 1.354810952845180871e+01 1.395083977851954060e+01 1.375121848429218829e+01 1.252839294709367834e+01 1.062671919823321254e+01
1.048184459347718089e+01 1.453629991267784938e+01 1.302530281949851698e+01 1.305497327210610337e+01 1.479700573738526970e+01 1.074338621225562918e+01 1.086159297323523809e+01 1.190884586426051683e+01
1.074251070306633338e+01 1.398121866589575824e+01 1.226057206491797125e+01 1.361714250492506650e+01 1.319153694493999218e+01 1.184204065162350616e+01 1.096375967641299809e+01 1.172482033215354846e+01
1.150273953691331918e+01 1.551100437685906819e+01 1.440720212835667446e+01 1.060287188590401364e+01 1.419766909704731539e+01 1.547643363126906024e+01 1.337696925965143357e+01 1.387045251540814306e+01
1.045912514251982550e+01 1.238858653324824743e+01 1.602509398567398335e+01 1.507539361935819500e+01 1.406059374769395021e+01 1.137024757410056353e+01 1.174755699739640136e+01 1.189395582406971741e+01
9.133147005925055240e+00 1.609131834089126656e+01 1.393937008715751347e+01 1.308673453334522740e+01 1.130531486158719545e+01 1.411561636803027220e+01 1.112000935070532393e+01 1.221047107956588462e+01
8.034235485215109662e+00 1.466783487590587853e+01 1.536456499467941939e+01 1.439031071876697254e+01 1.382070125232883306e+01 1.224742813550072107e+01 1.232750665588199013e+01 1.343205356213766066e+01
1.084175520654768832e+01 1.406400293676532876e+01 1.382955480326750575e+01 1.200501552145855655e+01 1.203452817507246486e+01 1.283184282649756369e+01 1.098070060228478617e+01 1.052144990101354871e+01
1.268918294736271513e+01 1.250585251164524614e+01 1.544742182533985364e+01 1.503529818405522356e+01 1.517078318847839213e+01 1.083984175651105275e+01 1.282964740883945254e+01 1.322068296764629025e+01
9.898871482489727924e+00 1.378277190758392479e+01 1.584730620370409326e+01 1.346903187686847936e+01 1.337461658360488315e+01 1.138106270828883737e+01 1.157778592559198039e+01 1.234116761939740137e+01
1.332342937893673707e+01 1.320508579745741962e+01 1.339056126271389857e+01 9.091919678206558331e+00 1.454602637244786223e+01 1.474505953786321122e+01 1.344083701117186713e+01 1.254351171859363845e+01
1.093287624573285655e+01 1.357621681549835380e+01 1.473814723086088563e+01 1.056987281983944271e+01 1.110904006581588455e+01 1.444431017852348731e+01 1.248364678990990129e+01 1.134091879770347511e+01
9.692292033529351869e+00 1.310810815931211515e+01 1.271035081192266070e+01 1.252533436455497196e+01 1.409569708229612495e+01 1.203745418434619552e+01 8.655904473843612834e+00 9.095413318943226244e+00
1.214930643486013473e+01 1.226330050098274604e+01 1.686365380062025210e+01 1.328512680141234981e+01 1.343748912062160983e+01 1.047426011217086916e+01 1.328662153858918771e+01 1.394480010394355318e+01
7.710910048032405761e+00 1.510644324160749186e+01 1.446150037169350711e+01 1.190972972234743033e+01 1.439405001020115726e+01 1.255287850793469673e+01 1.101227315916689875e+01 1.432012046686719842e+01
1.200728207933714842e+01 1.263185915998223763e+01 1.411665228127413485e+01 1.084891689714855723e+01 1.206648508172177259e+01 1.340840090619555269e+01 1.330810214688935389e+01 1.160685982255432691e+01
1.212740253718290973e+01 1.276688985935179232e+01 1.271193554295881789e+01 1.285589685413004801e+01 1.421846300085770842e+01 1.185594020444383290e+01 1.253293244722417832e+01 1.230767232744710249e+01
1.178732388412561605e+01 1.198533396841742160e+01 1.455662251237845162e+01 1.215127725996496189e+01 1.343218989274886255e+01 1.141981637873473687e+01 1.218533415677537768e+01 1.143197646255237387e+01
7.491763246681755639e+00 1.581868794944541889e+01 1.409893579611175696e+01 1.320585918897004518e+01 1.161646642441968069e+01 1.171916061681618615e+01 1.040773240700938373e+01 1.195740488405017032e+01
8.597487050124952290e+00 1.428572983620906633e+01 1.179099930753294778e+01 1.237504544909285009e+01 1.424211545550888758e+01 1.335971079898758873e+01 1.137935703773960228e+01 1.077568921391327450e+01
9.110905985443766397e+00 1.628553698165769958e+01 1.339802822108741331e+01 1.270359768555731073e+01 1.334145292671268912e+01 1.380467151238656065e+01 1.028989526561408852e+01 1.186183988388490462e+01
1.158975325786797939e+01 1.289646297209160331e+01 1.198502956209778780e+01 1.474897809587097619e+01 1.518662606702385531e+01 1.069996828615226470e+01 8.613180064159644544e+00 1.208581501731026897e+01
8.652019175954858810e+00 1.444766145634109122e+01 1.351226560184708703e+01 1.478746653327889149e+01 1.159489166985928676e+01 1.259779606500552163e+01 1.113516420664718964e+01 1.067492393116641658e+01
7.688037007572190440e+00 1.526750880509926667e+01 1.452857441512186121e+01 1.481410901792081880e+01 1.329156561314504614e+01 1.314662985187506550e+01 1.276909517071567457e+01 1.065790249164634851e+01
8.839870247644562085e+00 1.496218618949984958e+01 1.498416466883911013e+01 1.673757415940138316e+01 9.513024534691572498e+00 1.364623007936243937e+01 1.227279818306915971e+01 1.114194470634180156e+01
9.761427673411837702e+00 1.408070550787796726e+01 1.457070710375432832e+01 1.171589911767468273e+01 1.523593196136799932e+01 1.396927138730827345e+01 1.279813889492811541e+01 1.218365808201915534e+01
9.791829998711657268e+00 1.550299597324560708e+01 1.272546831407900392e+01 1.162163271210343929e+01 1.212532222556857420e+01 1.228468459908289034e+01 1.282085001561070214e+01 1.359984003777613104e+01
1.239679092825080708e+01 1.329177268794007993e+01 1.308671420498180105e+01 1.072901162227789662e+01 1.439706624970898652e+01 1.225874648739834605e+01 1.078477300554129492e+01 1.350323363975927116e+01
1.189576591167550745e+01 1.399048787465017618e+01 1.559430238466954499e+01 1.281051964644069763e+01 1.443284139614841166e+01 1.249125316217684123e+01 1.119438174618830573e+01 1.208084222457882184e+01
1.100077202960463296e+01 1.391204085222358522e+01 1.422013291985680539e+01 1.157614486828047262e+01 1.312983929718651410e+01 1.079057214760913297e+01 1.140404168536614016e+01 1.469839709478623035e+01
1.226535464144734711e+01 1.184834106781739571e+01 1.444806230114307155e+01 1.528640123984272314e+01 1.446252451490658686e+01 1.070859962254087527e+01 1.439412487872329471e+01 1.488158083113896701e+01
1.257740342466931516e+01 1.141532256703263393e+01 1.485982925957581990e+01 1.515528493015586697e+01 1.391356435441349504e+01 1.109463513495713372e+01 1.400923972355853309e+01 1.246035933482693814e+01
8.028674156837594111e+00 1.477796434789385671e+01 1.465645196658740446e+01 1.374380730901905778e+01 1.427020447012207960e+01 1.281084152004475030e+01 1.320435723214547963e+01 1.161371232564630951e+01
1.075136387740313992e+01 1.340469340958669342e+01 1.613860133068307334e+01 1.556333700413035181e+01 1.385557958966300873e+01 1.242797369880012681e+01 1.244741294443974056e+01 1.390392767770908478e+01
1.314544581897200892e+01 1.427526881833418670e+01 1.253218808537278761e+01 8.180824464394213180e+00 1.443394296219394590e+01 1.435463771070936190e+01 1.194570748337047661e+01 1.248188494637848400e+01
9.308055981391714084e+00 1.284345396990159216e+01 1.683825436201632542e+01 1.329671072056789960e+01 1.366307823835501267e+01 1.270242404081067988e+01 1.234482196920146002e+01 1.244411033964270885e+01
9.933497354111546329e+00 1.321022855701762211e+01 1.570363107542638481e+01 1.164101758324151881e+01 1.371715657648432973e+01 1.052821421575278293e+01 1.360231933803951243e+01 1.302399982660587341e+01
1.080812625895743651e+01 1.391288821948942633e+01 1.484224730590284480e+01 1.111550789470540757e+01 1.513091385075927775e+01 1.215893345563014627e+01 1.287626666014330468e+01 1.506996913557240347e+01
1.393687191364918654e+01 1.243158960472704955e+01 1.467269691957970501e+01 1.068208258826968482e+01 1.172124288963989258e+01 1.253372582675585001e+01 1.315944455948052649e+01 1.262882987117951217e+01
1.441220488910197162e+01 1.286857880666540943e+01 1.432817065304855397e+01 1.334103560661699461e+01 1.328886803897422553e+01 0.000000000000000000e+00 1.199249077980278066e+01 1.410473846311205115e+01
1.102852391214011796e+01 1.369974326205800352e+01 1.449360920537229802e+01 1.203826295973981253e+01 1.318970513603352401e+01 1.363859986463435625e+01 1.320635633623406413e+01 1.300247944990073812e+01
1.062580784581336246e+01 1.427127950589242822e+01 1.593375869491450558e+01 1.367107116109085574e+01 1.393566451797750361e+01 1.311550294685251039e+01 1.172966789141429800e+01 1.283469704520869392e+01
9.025404747467112188e+00 1.435601391382417269e+01 1.517299015520892880e+01 1.284013379070750283e+01 1.305482412005082793e+01 1.133314349890602912e+01 1.357457143752702855e+01 1.267382458027622683e+01
1.107807906033961842e+01 1.145407863981547791e+01 1.398230174000394577e+01 1.273964349058418044e+01 1.360924923290086319e+01 1.155462327334224248e+01 1.151495344180964153e+01 9.618116068653922213e+00
1.464107244743504843e+01 1.264094761005017453e+01 1.107590492487353018e+01 1.034889219871359778e+01 1.260351003172065809e+01 1.391057213629612299e+01 1.303769658619513194e+01 1.071689654969623540e+01
1.108801341726790746e+01 1.225591572529468465e+01 1.460016275872541947e+01 1.046018092300376878e+01 9.244901171118458549e+00 1.431808091283818918e+01 1.146243559309243309e+01 1.261370308001155038e+01
1.671188873841031608e+01 1.108877546342448106e+01 1.201201698235263216e+01 7.134619437184569257e+00 1.364410095633485653e+01 1.330790894762204424e+01 1.521479269130785283e+01 1.149211251260036804e+01
1.410540793419380279e+01 1.117278595803110619e+01 1.375508143254507587e+01 1.027008880786065603e+01 1.004192401028338288e+01 1.325619078993257460e+01 1.362322536754890479e+01 1.110460100506175252e+01
1.433624928377739138e+01 1.270498797840061656e+01 1.290461787913653779e+01 1.146885204365952582e+01 1.208224066199021429e+01 1.401406717967713611e+01 1.374791600953512472e+01 1.232038635081811684e+01
1.166188604276267959e+01 1.207303236986288120e+01 1.361892828036467762e+01 1.191112739077994220e+01 1.035137602621914432e+01 1.311462023153933565e+01 1.293610550675532878e+01 9.356600279287325961e+00
1.314982003025283674e+01 9.753842292375548340e+00 1.273382873167155083e+01 1.135879005527192831e+01 1.276528766136580906e+01 1.363077680196123787e+01 1.199932659472253960e+01 1.162563055308654647e+01
1.377644710180695675e+01 9.508010789073772173e+00 1.527058536514249099e+01 1.012451905019725196e+01 1.184465279080288269e+01 1.350551790970230215e+01 1.398301436710301893e+01 1.281201326409607333e+01
1.422289480537474837e+01 1.038766986517826219e+01 1.443573894071486663e+01 8.538867744617057554e+00 9.051062699293790814e+00 1.219485171731051310e+01 1.183435311105987786e+01 1.140317714041837682e+01
1.375946341869184941e+01 1.196594413518742250e+01 1.486934286891669110e+01 1.308615256058228660e+01 1.024107398225547705e+01 1.330442002333874640e+01 1.088775237797479889e+01 1.162783461518801076e+01
1.113439098254609050e+01 1.402707940229673156e+01 1.622017805621433340e+01 1.065377342056968502e+01 1.063093322108850636e+01 1.511122157326526327e+01 1.387916620117067268e+01 1.215531258590676345e+01
1.545441181464536129e+01 1.271973013334496727e+01 1.523729124351749498e+01 1.072339141572598464e+01 1.301746781268392894e+01 1.334818353496377874e+01 1.584906423910108231e+01 1.187518384940501903e+01
1.233304507292155705e+01 1.249410666898007882e+01 1.491729100555109255e+01 1.338369247164377818e+01 6.811650923716436878e+00 1.312373348857687461e+01 1.245100259227220896e+01 1.234991749974050990e+01
1.432312143598925758e+01 1.357645105030156962e+01 1.233543213280759154e+01 9.680767824350192896e+00 1.141416425929659262e+01 1.329958732576915281e+01 1.451375271324159932e+01 1.107693392337860239e+01
1.147725587800745473e+01 1.511393922028337400e+01 1.449939922165795636e+01 1.284609714798527946e+01 7.379756786122979584e+00 1.433855378899718502e+01 1.462868029563500372e+01 1.116646558632024622e+01
1.124802191275005825e+01 1.480172679828218740e+01 1.211769555272823418e+01 9.616667678405196540e+00 1.345409118949769578e+01 1.494723260955042221e+01 1.101595613237651072e+01 1.009017515721363090e+01
1.418685311100355939e+01 9.494462279293424345e+00 1.452479978232105395e+01 1.028199619475433124e+01 1.141770889121911736e+01 9.563122643158946445e+00 1.498709551676865104e+01 1.393215252366412216e+01
1.286764154383071812e+01 1.139490348016722976e+01 1.371459940894489193e+01 9.370523979876359988e+00 1.257944714982583534e+01 1.191175899047134656e+01 1.338538955938448716e+01 1.187512231304079791e+01
1.392524183098012713e+01 1.018549332162781340e+01 1.587277771356715483e+01 1.260600292091537078e+01 9.850798008611713286e+00 1.228715792868526613e+01 1.164671759597118594e+01 1.276415639858261208e+01
1.530623176525343077e+01 1.027046735280043777e+01 1.617184202620350320e+01 1.146834312885865792e+01 1.037882203898479005e+01 1.037447811919322405e+01 1.253873458035564425e+01 1.277999765731438409e+01
1.236181377854836327e+01 1.208995397611043998e+01 1.451682901845586215e+01 1.247848495174298122e+01 6.414487890170650353e+00 1.319497497703659050e+01 1.242057893480081709e+01 1.347247955112567652e+01
1.473407765260454561e+01 1.155222586659180273e+01 1.501107182268301443e+01 1.263000183249661390e+01 1.501786896222068179e+01 1.249898304326032594e+01 1.405883551347914029e+01 1.309445128576655293e+01
9.872448020161602500e+00 1.509016211454096990e+01 1.337486950085323656e+01 1.051042746741546097e+01 1.094160992722571990e+01 1.384148089291105244e+01 1.191391695612028556e+01 8.592230671013325605e+00
1.246737496565208758e+01 1.216573271128813261e+01 1.560167327423699568e+01 1.010435681215332160e+01 7.996619629907717908e+00 1.337596516642885902e+01 1.389933233166002502e+01 1.164325722798367480e+01
1.499721165583781790e+01 1.173916656801277192e+01 1.336237285271596953e+01 1.201212151932405625e+01 1.580400446384377666e+01 1.321997045311787566e+01 1.600078740987692072e+01 1.218654056187893886e+01
1.586370265758012010e+01 7.150579705798093322e+00 1.217999825748168519e+01 1.082143004096220729e+01 1.199964224195879936e+01 1.232490062051840951e+01 1.161972287963494033e+01 1.361534697360863966e+01
1.459784071191979926e+01 1.208091640509888620e+01 1.465544152754292995e+01 9.714391150752323512e+00 1.241412191930316666e+01 1.241898139000433687e+01 1.520658973739244857e+01 1.122702966768324728e+01
1.243163399283783654e+01 1.365598004732511583e+01 1.259040723723859045e+01 1.212322403520771630e+01 1.074992968156675488e+01 9.854241860772074091e+00 9.998410887310544837e+00 1.022031248704750794e+01
1.135871289893746905e+01 1.432497683437625469e+01 1.541922659042555210e+01 1.043655125467684286e+01 9.638509501664673351e+00 1.473949712199712891e+01 1.247423139324796715e+01 1.189353294836758224e+01
1.302805114538072573e+01 1.227260059707062112e+01 1.140951383331142388e+01 9.628809546021274812e+00 9.832555394683845762e+00 1.349887223158644289e+01 1.329369226113130154e+01 8.601274019147160388e+00
1.395409621934980571e+01 8.559654017752773569e+00 1.256664832935294740e+01 1.258308492326802153e+01 1.279392232292733134e+01 1.256307217378712693e+01 1.519599519654608777e+01 1.029975116705627336e+01
1.491495638056030160e+01 9.955234041886519947e+00 1.539710215952700878e+01 1.201719772824818833e+01 1.146082817160225709e+01 1.155808990106405432e+01 1.348243280214067497e+01 1.287365045737871050e+01
1.602777631510820200e+01 1.038082616775906786e+01 1.302167040630715000e+01 1.012670510796669809e+01 1.291101454306562779e+01 1.381987458637930111e+01 1.423294875631514422e+01 1.276128097599351108e+01
1.445327508231230063e+01 1.307586220283918799e+01 1.370898747209211521e+01 8.896690847778017996e+00 1.095148120701246697e+01 1.347125755860953866e+01 1.480096768260150952e+01 1.148305302180295229e+01
1.495129048599781463e+01 1.332272797705767786e+01 1.050373418276094029e+01 1.137209354485276691e+01 1.095016548985771720e+01 1.345136833818156319e+01 1.323723397082052955e+01 9.952539651186542713e+00
1.428613945493729531e+01 1.238036173133062157e+01 1.489878154662729770e+01 1.037599042422143825e+01 1.336674569050875938e+01 1.349898013455709567e+01 1.601665882198763313e+01 1.366946391493628177e+01
1.274316088434194683e+01 1.067920806016806878e+01 1.417481707151742931e+01 9.870889549297709564e+00 1.191639519984424211e+01 1.208317217883961092e+01 1.082991975066665979e+01 1.365708511017819404e+01
1.125845188843616107e+01 1.335023459754062536e+01 1.360422542179924754e+01 1.141011572119733408e+01 1.003781280706550483e+01 1.357716358397134293e+01 1.093357827277838012e+01 1.170000058193224213e+01
1.549972124582801314e+01 1.132376484015186158e+01 1.384227033212880364e+01 6.823359484856779567e+00 1.303174497951395949e+01 1.383970220029861586e+01 1.464157468576716425e+01 1.340746693848443449e+01
1.141581732689330231e+01 1.318721976779026583e+01 1.501336801305868285e+01 1.288205797553938936e+01 6.193655652802877221e+00 1.448429022626766383e+01 1.104508510502633278e+01 1.251175920906667649e+01
1.416301830305216036e+01 1.139901242518296520e+01 1.640293513258769664e+01 8.901086352431121895e+00 1.269914768271944716e+01 1.266712421022115720e+01 1.572004204837318397e+01 1.111264903807429505e+01
1.598568808881579884e+01 1.060483908324962776e+01 1.065389098674198110e+01 7.963251014667725336e+00 1.135953162566663366e+01 1.467215806629344499e+01 1.348208727621276282e+01 1.113480765874509437e+01
1.432187642886268186e+01 1.408656932555844499e+01 1.330280599304450639e+01 8.395431557144519275e+00 1.251979768855641595e+01 1.494517183450820497e+01 1.436347235374976172e+01 1.112756584272770333e+01
1.296704221263962431e+01 1.074956914189288071e+01 1.391610189911775031e+01 1.252090088122351830e+01 1.388382935395321915e+01 1.181275021104020517e+01 1.323345664082861717e+01 1.000987781093976281e+01
1.159415172153151730e+01 1.212127527339167976e+01 1.521714360244053843e+01 1.179487054248237321e+01 8.349788411460712823e+00 1.382651820545687471e+01 1.224243965294755654e+01 1.205241725897402461e+01
1.226000223654346222e+01 1.251821314334760160e+01 1.382788763839870150e+01 1.322134971043740137e+01 8.796484939124649571e+00 1.144679672077559474e+01 9.973597379426925258e+00 1.119872542119877323e+01
1.434637945130998204e+01 1.089997400782401371e+01 1.439451522738174560e+01 9.812325448381958637e+00 1.182901942548330076e+01 1.272537617454139713e+01 1.456172486261890597e+01 1.100788005255729729e+01
1.549691170609264823e+01 1.019056265941615891e+01 1.343774562523579519e+01 1.010173748736732691e+01 1.244606859763142204e+01 1.294450970695178960e+01 1.540341971953545297e+01 1.267054126144417303e+01
1.354990771957081996e+01 1.029843255584868800e+01 1.115341926355717739e+01 1.265865346390890700e+01 1.115797327826830632e+01 1.431084449544070658e+01 1.309261042907792572e+01 1.108990254545143017e+01
1.131166345661475070e+01 1.483764932925428504e+01 1.505569046083232898e+01 1.276789184451691916e+01 9.652717900692788788e+00 1.394837176197820128e+01 1.455219914192383079e+01 1.111658340938419265e+01
1.353625223041833792e+01 1.246153505659210836e+01 9.661814554813743072e+00 1.039108641027219271e+01 1.464957198977626796e+01 1.333625016965597965e+01 1.050584353758397249e+01 9.225365916508138753e+00
1.479331592801453965e+01 1.327983788225632544e+01 8.026861166527908154e+00 1.152884523676854478e+01 1.258551563643715987e+01 1.280335346063067270e+01 1.159909856120835236e+01 1.258930177543857276e+01
1.402573694972399920e+01 1.382611248878120414e+01 1.125146434292344644e+01 1.386899980121417109e+01 1.117604044631741012e+01 1.158572645100828424e+01 1.035040424388434843e+01 1.192463879162436591e+01
1.117706763941495396e+01 1.481996027832003904e+01 1.234343616670341071e+01 1.380145243370293429e+01 1.144405215105684626e+01 1.055380979284363718e+01 9.468920935114438109e+00 1.350339768363761550e+01
1.108752937653356696e+01 1.328458018912500371e+01 1.101706348173001082e+01 1.388314199087979439e+01 1.413993928469540862e+01 1.144475288179153516e+01 1.110464400007524333e+01 1.257175785995925921e+01
1.432914784982320633e+01 1.364998372952331707e+01 1.042726677364909982e+01 1.143307455116751292e+01 1.214151407552486539e+01 1.433316054018056285e+01 1.046356961534860730e+01 1.278269724274903574e+01
1.510875067493735635e+01 1.233898134356248377e+01 1.012471159338813820e+01 1.548096028296715509e+01 1.079974444692459912e+01 1.109192544728601248e+01 1.162218664085879993e+01 1.189783837010038248e+01
1.457160556010565777e+01 1.315271801042628574e+01 8.083604606148430349e+00 1.437826800556467255e+01 1.282712257634497810e+01 1.209674621738717626e+01 7.850823854479687114e+00 1.416919795223150125e+01
1.628549716922486468e+01 1.326970957363166370e+01 7.981685816986684223e+00 1.404301607192325463e+01 1.185429952359713113e+01 1.077242033159493317e+01 1.080665289368490711e+01 1.267928823474077404e+01
1.082397007964245006e+01 1.444695248121806941e+01 1.093487285953849941e+01 1.177263304518348974e+01 1.349209857367364584e+01 1.410061219616992467e+01 8.515194764120435522e+00 1.145081887602627546e+01
1.178962976304674903e+01 1.366514707723298372e+01 1.237787780078786604e+01 1.246618875346512034e+01 1.180522571893934547e+01 1.203046506979176300e+01 7.326166544320051877e+00 1.084598249788653135e+01
1.409420080688328625e+01 1.444671523885959097e+01 6.525667150813625916e+00 1.154806292172367321e+01 1.417787089871089812e+01 1.289395312541141969e+01 1.122052225814441151e+01 1.216958166465933289e+01
1.282816663497132659e+01 1.211614058929303717e+01 1.022578337152479122e+01 1.310646120294343753e+01 1.231088222114986941e+01 1.351960682173953110e+01 8.529072261925255916e+00 1.350746849700215257e+01
1.447585131666066793e+01 1.364775704759405528e+01 6.074057884773244709e+00 1.455861732150338561e+01 1.552140587352385914e+01 1.207518903211730255e+01 1.239695266490062231e+01 1.332021952843418688e+01
1.359367101097466524e+01 1.396826106473029228e+01 1.098844435273459119e+01 1.397143688651336646e+01 1.185477188854077468e+01 1.032586948770489244e+01 1.122851636358816307e+01 1.224115057926172589e+01
1.544756169498216636e+01 1.284427426054135779e+01 7.638294251861664996e+00 1.390642865549731333e+01 1.236990760179283555e+01 1.168777360254411768e+01 1.182095699130047528e+01 1.102954716282668102e+01
1.201738853189122480e+01 1.375173118456993393e+01 9.914813260239785819e+00 1.169824357456329267e+01 1.388162887496990905e+01 1.395618961312700890e+01 1.005714250880370386e+01 1.197925472017287518e+01
1.132476359916933895e+01 1.325717656171458714e+01 1.016439359135685017e+01 1.177318291225008728e+01 1.228604634574122301e+01 1.137338063060864535e+01 1.150255163163527783e+01 1.093199042194087767e+01
1.176440587927016068e+01 1.382066875801031358e+01 9.467201171023752693e+00 1.121901563337270424e+01 1.279811528975098156e+01 1.347282709317385674e+01 9.603898114384408657e+00 1.033213249968595804e+01
1.338105394273849136e+01 1.193539078810952248e+01 1.115812726177548164e+01 1.379748695856004659e+01 1.249037826774359417e+01 1.308066515596245516e+01 9.880540062035263915e+00 1.380967800280622271e+01
1.293166771811396565e+01 1.310815818883018835e+01 8.777631698400286453e+00 1.379556670805803797e+01 1.238520144022674785e+01 1.046290729014014609e+01 8.770656204434677861e+00 1.212501303921884599e+01
1.392678727680767992e+01 1.444598319847530909e+01 9.873068862607205176e+00 1.249908430833948181e+01 1.372654141418598606e+01 1.300616998559349291e+01 9.777593681876640019e+00 9.909141657990188534e+00
1.529067726507532399e+01 1.425242314695295143e+01 0.000000000000000000e+00 1.395787207674494823e+01 1.636138782265642888e+01 1.432817065304855397e+01 1.211999542845001798e+01 1.195762221878823084e+01
1.181005190558376583e+01 1.261751309666545140e+01 1.173944418747180229e+01 1.324932010233039748e+01 1.369893919122331027e+01 1.336806576556898918e+01 9.263187595823676901e+00 1.170361115944301389e+01
1.216816596707656828e+01 1.635309302751054972e+01 1.053018166784645970e+01 1.319518670189928145e+01 1.462590847133372129e+01 1.441934254821043737e+01 1.085838942911882654e+01 1.254834198844361737e+01
1.373341385524283709e+01 1.148254599520501529e+01 8.672415167857105089e+00 1.161246103321439804e+01 1.320785194153816100e+01 1.287491169110266220e+01 1.036876987166710506e+01 1.274568761159754082e+01
1.312324840960120476e+01 1.475040041712418670e+01 8.382354224591503922e+00 1.233892634993047821e+01 1.270193650539784613e+01 1.344284162907235469e+01 1.170252572999842400e+01 1.133042385391899032e+01
1.149863986873386246e+01 1.235711431219390022e+01 1.195474386954421142e+01 1.192081535829610495e+01 1.210115961596444123e+01 1.115599902824617828e+01 9.342364782499773312e+00 1.262632667752705196e+01
1.331899516709328779e+01 1.149250548234468994e+01 1.003133012054263062e+01 1.263466270224222043e+01 1.018967916072121760e+01 1.181116110718731882e+01 8.250626877324991781e+00 1.108423874178307678e+01
1.492037328109412542e+01 1.183363811199084736e+01 8.986152402223673619e+00 1.414084655043844663e+01 1.183948798064127317e+01 1.163250962465983562e+01 1.002990443917806473e+01 1.204169921161619428e+01
1.391769280288175814e+01 1.290783967831385937e+01 9.694541055267547947e+00 1.292640113400395663e+01 1.227248354221538840e+01 1.251628284141636982e+01 1.026266293920093808e+01 1.265454346906831340e+01
1.506595432239690879e+01 1.116822116080212979e+01 7.436833458338655056e+00 1.013972754978221325e+01 1.267924442310711619e+01 1.326837860677875902e+01 1.218218295816271457e+01 1.076238885271519763e+01
1.118983359430697710e+01 1.527825538047948051e+01 1.048008125619259090e+01 1.302541509866988712e+01 1.482908628085954739e+01 1.261087065137487429e+01 7.684612638593289802e+00 1.061326687458865514e+01
1.333622848464369959e+01 1.516521098136167112e+01 8.772384889125985907e+00 1.182405603437823416e+01 1.410979036049081792e+01 1.337092151277032315e+01 1.100478636970625956e+01 1.257945106355052189e+01
1.003899048905193681e+01 1.367830230757137144e+01 1.187179911724755321e+01 1.447034544211206430e+01 1.265041377137718293e+01 1.089762066210092328e+01 9.058645353513590237e+00 1.246553759264745587e+01
1.309715003016444612e+01 1.285712709848442081e+01 9.821583367330822156e+00 8.591373810657870536e+00 1.201169223929329277e+01 1.332118308330261769e+01 1.310093518798680634e+01 1.025837822432403357e+01
1.391865604507910348e+01 1.138033600618190277e+01 9.025637788005630213e+00 1.398503323261955522e+01 1.189793192011621947e+01 1.258638359274688234e+01 9.663643820163176912e+00 1.247704531692609820e+01
1.288369969435023599e+01 1.458649192626416813e+01 9.693537832336957649e+00 1.070476495655707971e+01 1.285557906383981752e+01 1.419457070272157040e+01 9.314511932848162701e+00 1.259414673842654508e+01
1.158613465672429577e+01 1.386499680023430159e+01 1.000840470740238430e+01 1.265873732554678988e+01 1.217830065079535196e+01 1.222620466244989323e+01 1.102458675292389323e+01 9.356930922704403741e+00
1.334789131367643655e+01 1.341044088603597828e+01 1.042455411820320599e+01 1.371606896351084970e+01 1.150439350352108292e+01 1.133964162487211880e+01 1.074502593288024244e+01 1.390536012409627631e+01
1.446315917766145986e+01 1.188083707131389488e+01 7.994716563753047289e+00 1.279818133535966851e+01 1.334362560201054571e+01 1.106212146068086000e+01 1.012834229235768824e+01 1.197118491221368153e+01
1.468617444391037452e+01 1.294303809611661293e+01 1.063106441731414620e+01 1.346307100731132955e+01 9.658398829603246583e+00 1.071067022627979171e+01 8.459174742639810063e+00 1.284321570357798414e+01
1.377488635121465244e+01 1.277029641747544808e+01 8.973230081478371645e+00 1.355598864092995193e+01 1.254157324499426096e+01 1.099395560509727154e+01 1.130209024605490598e+01 1.169115530403353276e+01
1.207183810035115279e+01 1.549066742208807845e+01 1.030044962056879854e+01 1.338775120627576776e+01 1.284201154583801419e+01 1.076756648943061023e+01 9.003547775499193051e+00 1.285592017510235507e+01
1.199030089819688527e+01 1.347189771370789835e+01 1.211999542845001798e+01 1.421030137947240668e+01 1.245647058918117445e+01 1.199249077980278066e+01 0.000000000000000000e+00 1.315158956760095599e+01
1.470281794062839431e+01 1.260919525305062194e+01 7.490498653769352089e+00 1.455491276600536033e+01 1.331383230611670321e+01 1.176449374159124162e+01 1.133613532508921651e+01 1.232800751709652154e+01
1.456115686792210440e+01 1.415908613576953812e+01 1.022160591849457134e+01 1.223607379592335498e+01 1.470679640811775357e+01 1.235556736661897403e+01 1.206686335338473981e+01 1.253461030890250427e+01
1.475432203933258357e+01 1.369904292744788243e+01 8.799598304039978558e+00 1.312659916600350307e+01 1.249366399105350212e+01 1.065564065834115048e+01 1.066458336186319933e+01 1.234467702646186105e+01
1.060783735660984384e+01 1.405070147410408055e+01 1.221567266906769333e+01 1.190638927993407670e+01 1.101509212705393104e+01 1.133595997601848815e+01 7.408754451881609526e+00 1.406781832702391632e+01
1.114871644716739496e+01 1.301129428327111093e+01 7.848682591294017463e+00 1.242647036607605315e+01 1.430461434298237222e+01 1.284811247458560501e+01 9.571832324395057157e+00 8.711220226692578450e+00
