1.308786675740439023e+02 1.411450891636455935e+02 1.683601382189527271e+02 1.514324247098683145e+02 1.709449083500585687e+02 1.577736418968003420e+02 1.581270298083260855e+02 1.509926793879972138e+02
0.000000000000000000e+00 1.914060332912396234e+02 1.684501623233804253e+02 1.648243249158115589e+02 1.820519847114856873e+02 1.543358988381995403e+02 1.660532639330647555e+02 1.501162742542409205e+02
1.090896869341882507e+02 1.617840954977970398e+02 1.538760983938261120e+02 1.736270521882121329e+02 1.776744200045084199e+02 1.552662342134316305e+02 1.632865770900244797e+02 1.411816844727105433e+02
1.643065862701815831e+02 1.725245321569229588e+02 1.402685785351812342e+02 1.594696764259109045e+02 1.726872236450096523e+02 1.427884206295098863e+02 1.578532170245964039e+02 1.546276520105074042e+02
1.820519847114856873e+02 1.591530747801127461e+02 1.673482372245736087e+02 1.612110203053697717e+02 0.000000000000000000e+00 1.637906089904568603e+02 1.505289736403839527e+02 1.640427050821050443e+02
7.726253636860394636e+01 1.700202094894904405e+02 1.533118917490954516e+02 1.615193092015981335e+02 1.730357570344505689e+02 1.505511161269709817e+02 1.642303042680867975e+02 1.394368027979462568e+02
1.047693639467086797e+02 1.628235018897389068e+02 1.688510592161621275e+02 1.520400742035159567e+02 1.624767403196376563e+02 1.456474867635508303e+02 1.660853404552927373e+02 1.332774055252246796e+02
1.473365698071497150e+02 1.437720511822018921e+02 1.397260683717267398e+02 1.764036146405043439e+02 1.559614784008931565e+02 1.593867428983089098e+02 1.560605444105303548e+02 1.297944206050208322e+02
1.418414609823786066e+02 1.395539619144847734e+02 1.581172025505453291e+02 1.533032161301145493e+02 1.657013443867630826e+02 1.500926101050305590e+02 1.538051696436711211e+02 1.217262651186702271e+02
1.126654865512690691e+02 1.815111049406874884e+02 1.428636513388802882e+02 1.638699084915978972e+02 1.715335582355105259e+02 1.648190865709590298e+02 1.567290430325197690e+02 1.579995414347037013e+02
9.628055808240507929e+01 1.878542766086389406e+02 1.552138329481364849e+02 1.683564563203828754e+02 1.810871365336835197e+02 1.460191487853238641e+02 1.484508501351688210e+02 1.496865759312713919e+02
1.457186881572499431e+02 1.795270309548935757e+02 1.450363693547047603e+02 1.517705344959162801e+02 1.674241872471926058e+02 1.640538776621542354e+02 1.596323378533070354e+02 1.544430893807503935e+02
1.419258565240251642e+02 1.778704921069831357e+02 1.747979597885840803e+02 1.437805182891363529e+02 1.684388409042550734e+02 1.513182840406787193e+02 1.910918075284611177e+02 1.515659802952013138e+02
1.340857283437191825e+02 1.628821421057784846e+02 1.356971915414470971e+02 1.724762165325145702e+02 1.669967231069805962e+02 1.566185219892901728e+02 1.363682965693668621e+02 1.430939854744691786e+02
1.427212109032535352e+02 1.535122796791717406e+02 1.358862374621872675e+02 1.623164662458490000e+02 1.613094402134918823e+02 1.485498722790444504e+02 1.370675561968297984e+02 1.308988290052486434e+02
1.740547474215311468e+02 1.318849925630231041e+02 1.404682124796612470e+02 1.679314419913312406e+02 1.558424665707911174e+02 1.599783221405828897e+02 1.524273023324405472e+02 1.280575208644058023e+02
1.304416811431976271e+02 1.377112312918887937e+02 1.502339563871979067e+02 1.502124141151352319e+02 1.496792913846465467e+02 1.613061857774023906e+02 1.454621874602846106e+02 1.323221085980872260e+02
1.132776956942248319e+02 1.646272130057218703e+02 1.552486516722766225e+02 1.755096959950230087e+02 1.800552803825041792e+02 1.582361249458759005e+02 1.633962878940841961e+02 1.449554856206374041e+02
5.793891210314669138e+01 1.656192399325162796e+02 1.686844757172387972e+02 1.710115128840572254e+02 1.797866239219488875e+02 1.598451002690951839e+02 1.704854386043899410e+02 1.389154048783627218e+02
1.463671205471530357e+02 1.304967138577150081e+02 1.468247764517267342e+02 1.431518949900129201e+02 1.494220279767345971e+02 1.445252619532668916e+02 1.642409376803590249e+02 1.206079083747434453e+02
1.228605384210700748e+02 1.602614504502659827e+02 1.534438311482402639e+02 1.601912032740318068e+02 1.651413796766725284e+02 1.413268026546168983e+02 1.520210397372317459e+02 1.004079233845995844e+02
1.193557091839410731e+02 1.712335221356967168e+02 1.355627824909207675e+02 1.636270584879825947e+02 1.515280884804397772e+02 1.434865658250600973e+02 1.648817935464910818e+02 1.438280692724661378e+02
1.557674578603513567e+02 1.524884813647996396e+02 1.362746154667547671e+02 1.712836236899833864e+02 1.722904868021371101e+02 1.584715552626294652e+02 1.554472738158316076e+02 1.401676228777775179e+02
1.381420397993512950e+02 1.684996411198568751e+02 1.466664259868809665e+02 1.553147524072477381e+02 1.590953607599346356e+02 1.698076227334080386e+02 1.655894702869179014e+02 1.387218231027266029e+02
1.627283623522781966e+02 1.442051269055636737e+02 1.467878156110653549e+02 1.570157886416048996e+02 1.540052795218917936e+02 1.633158380078696723e+02 1.517164690202569091e+02 1.561104818703264527e+02
1.396101562006895449e+02 1.491988788541723352e+02 1.199023919294623539e+02 1.526014711246442062e+02 1.673598240644221846e+02 1.642832327232429179e+02 1.494430435493125344e+02 1.289367415232383109e+02
1.060412032484715610e+02 1.531837954426152351e+02 1.455410582993508228e+02 1.703553235619431234e+02 1.677276177254330776e+02 1.434763691474264817e+02 1.483140362514827473e+02 1.326093090987758103e+02
1.235283093885337706e+02 1.265911840610982324e+02 1.402177719535532674e+02 1.618976109164008790e+02 1.669078790001279344e+02 1.460992155651058226e+02 1.581263395976467621e+02 1.069060531853310607e+02
1.320518221981702141e+02 1.490324575709708768e+02 1.388573520595413697e+02 1.512636722319079752e+02 1.685175207550871335e+02 1.474769505985802596e+02 1.343478465189289466e+02 1.339644628621230424e+02
9.554708186904498746e+01 1.764624885516180939e+02 1.407131930903312025e+02 1.697527354742167347e+02 1.758569850812145035e+02 1.546707385105398771e+02 1.537510845620204236e+02 1.337049334016138573e+02
1.445888820071186558e+02 1.519567080663875629e+02 1.332137538119034730e+02 1.681519390997997903e+02 1.617497241062835940e+02 1.516714105346619874e+02 1.246128189832331969e+02 1.290639882119221227e+02
1.343719360211397600e+02 1.633470582553770782e+02 1.095581113592036786e+02 1.708801755175705921e+02 1.711625621045656942e+02 1.633334587251037817e+02 1.545514676524894071e+02 1.350900169977015821e+02
1.459648923251437225e+02 1.466132896864943689e+02 1.210696474495825186e+02 1.642224335049389197e+02 1.513387718537978799e+02 1.374187209431380268e+02 1.508195039399078325e+02 1.490557914715173524e+02
1.323136607848662720e+02 1.435609935357090308e+02 1.424382008390480507e+02 1.627851379001173200e+02 1.621065272059356914e+02 1.500625533672812537e+02 1.297627244454003232e+02 1.315537508249787209e+02
1.517704927320253887e+02 1.444830259356116926e+02 1.357351720112075668e+02 1.616023977625442853e+02 1.587550079494316151e+02 1.475137399783114347e+02 1.395102615204641836e+02 1.511003353044130222e+02
1.576591839462995495e+02 1.309488733403509002e+02 1.754036545498641431e+02 1.413505973213837024e+02 1.323508948551690594e+02 1.576274435113921299e+02 1.610845230978848406e+02 1.509613211358739306e+02
1.448736877517078199e+02 1.315886804642118193e+02 1.666910172393772882e+02 1.608609732956556684e+02 1.576089123465565081e+02 1.323559197963726319e+02 1.570352659760061158e+02 1.349852375956530750e+02
1.449021579187215707e+02 1.412704835634784502e+02 1.260014470695401059e+02 1.601779572059085979e+02 1.615152812545852328e+02 1.582412629652434646e+02 1.366229435608002802e+02 1.381681744779186545e+02
1.257159426140348302e+02 1.352859025602530778e+02 1.450340140055080553e+02 1.706402572763355465e+02 1.699131434543994885e+02 1.362180383340749472e+02 1.298069349703422972e+02 1.384097749805283399e+02
1.033167844580715240e+02 1.634894178968128529e+02 1.566244657674741347e+02 1.731196438269879536e+02 1.720015129733128276e+02 1.530695697963450357e+02 1.662617105180195551e+02 1.408730381689777005e+02
4.959766452626570299e+01 1.734357098353401057e+02 1.680966482095332424e+02 1.605588976358382070e+02 1.805895593551450702e+02 1.541524549954448844e+02 1.655256886353717221e+02 1.332988436287018885e+02
6.720946476230730582e+01 1.619642942934480345e+02 1.570785138982443527e+02 1.624165504025011444e+02 1.714095859600044207e+02 1.694132597741216841e+02 1.623086431975863775e+02 1.427311510815263489e+02
8.360015154058611131e+01 1.811500600223032791e+02 1.567289710318946732e+02 1.616456661949481202e+02 1.713969584418093177e+02 1.427644042997060581e+02 1.682433933707567064e+02 1.515693770806324494e+02
1.519339204506485714e+02 1.377522595980377673e+02 1.353002673780719363e+02 1.722209847749343226e+02 1.579729304913197439e+02 1.496189827089745563e+02 1.504336955101811384e+02 1.474929066506624054e+02
1.392749843320675325e+02 1.444822510184151838e+02 1.378494631338579666e+02 1.664327489609881354e+02 1.686237865560461273e+02 1.409307406240105252e+02 1.417454815758960933e+02 1.450406585229673055e+02
1.294953966727745467e+02 1.641667062135892365e+02 1.472804550243475887e+02 1.753386611866919225e+02 1.806339895093705081e+02 1.347957856540298280e+02 1.490001597002784308e+02 1.420374417696153841e+02
1.472017434464743815e+02 1.448307695155323245e+02 1.267305965709077640e+02 1.641897427976410597e+02 1.637196389612157077e+02 1.563337118517928275e+02 1.314682323082422499e+02 1.449837099087182537e+02
1.517093317612693966e+02 1.703017419935938506e+02 1.348612154565227002e+02 1.672163207904593207e+02 1.632947258625636380e+02 1.559421990970261618e+02 1.402841538672320212e+02 1.498444495202974451e+02
1.435792983881009945e+02 1.476180970965770882e+02 1.410715503454695465e+02 1.590554183764053278e+02 1.568472713035919242e+02 1.488566013906091712e+02 1.435981733354965399e+02 1.319342090697822982e+02
1.467903681359290431e+02 1.802380714237739028e+02 1.533605237968578194e+02 1.516111197678985434e+02 1.658506708259952802e+02 1.596553975354777037e+02 1.576710902885813539e+02 1.283703570662811160e+02
1.257588299215044572e+02 1.790386195686890574e+02 1.596488228776180449e+02 1.641713863912993361e+02 1.782060328731696188e+02 1.486954268379060125e+02 1.646034737573266682e+02 1.592021830571079306e+02
5.795988506627087133e+01 1.729455402202561345e+02 1.618245885827836616e+02 1.583170870585560124e+02 1.674224532650251831e+02 1.688335604203703895e+02 1.626056589889177246e+02 1.435435715526321587e+02
1.018172245472657238e+02 1.764209483062150525e+02 1.544790205545920685e+02 1.643138398879337103e+02 1.734572011763494856e+02 1.540295034519863862e+02 1.679612138031291124e+02 1.454019880255891337e+02
6.302617856219238490e+01 1.647854601734265145e+02 1.543102435586824015e+02 1.631322096350607183e+02 1.649907528740906741e+02 1.637050908351376677e+02 1.603190208224968956e+02 1.439849038822344482e+02
7.543372392077287714e+01 1.800394667537125883e+02 1.594303217136956334e+02 1.687832610578586809e+02 1.786639068273210285e+02 1.502041822105699111e+02 1.696874379726388895e+02 1.493505980066416612e+02
7.168627228272823970e+01 1.641132871340065833e+02 1.487150674160999131e+02 1.696192506212817079e+02 1.722270338698826038e+02 1.710967783762235968e+02 1.676300449524796363e+02 1.427524595101065188e+02
6.984980413520045772e+01 1.862046409719831672e+02 1.577753318498303940e+02 1.700331440181806215e+02 1.710081656264397907e+02 1.406592377612190887e+02 1.744845161317220743e+02 1.454866554060349699e+02
1.523149146718296549e+02 1.562160441875452932e+02 1.392868747591795966e+02 1.656333487083350349e+02 1.639486646837783610e+02 1.591361623924686910e+02 1.455648042644912437e+02 1.468283688558328208e+02
1.486462310758136880e+02 1.493698991368249551e+02 1.459503775068896800e+02 1.516177530394934081e+02 1.579356145837949441e+02 1.446935586677919048e+02 1.352702788475012881e+02 1.368189475321323698e+02
1.408345858605312344e+02 1.435513990600913701e+02 1.204361685497523666e+02 1.606215001687359631e+02 1.654175709814714708e+02 1.514548127205688104e+02 1.449883029108812877e+02 1.445905036852849719e+02
1.317055885586217698e+02 1.507978887862693682e+02 1.457488662963100694e+02 1.711586161417147025e+02 1.691395630326934736e+02 1.411639985397239911e+02 1.316489076259355215e+02 1.339778891554087750e+02
1.459951905351879589e+02 1.540470706014167490e+02 1.196730553199168554e+02 1.659251448148399106e+02 1.608195070307289996e+02 1.540077546209727757e+02 1.296683318137839933e+02 1.502275932374638785e+02
1.186149617511268133e+02 1.521053936887595341e+02 1.537114921014971287e+02 1.698255423021835497e+02 1.734967624077230823e+02 1.419649856988086469e+02 1.391070079844645875e+02 1.344604481429626048e+02
1.510161755077823784e+02 1.509608836041935547e+02 1.380335907365847561e+02 1.606700248682986967e+02 1.632708382446995756e+02 1.713866028235278236e+02 1.537668535485093457e+02 1.336549126315278784e+02
1.384207939112179702e+02 1.615516623853287115e+02 1.389457888511027477e+02 1.683289567000182387e+02 1.757740009239368248e+02 1.565430633076473157e+02 1.432913642075198197e+02 1.287087361099637519e+02
6.826700356173776640e+01 1.811396647543672032e+02 1.608968953092742709e+02 1.635372754287415091e+02 1.717706533621138192e+02 1.515417144959220934e+02 1.690306782792076490e+02 1.370001905940090694e+02
1.134384041061832846e+02 1.678167717296183810e+02 1.605673017679646364e+02 1.651602315077835499e+02 1.676636805030567530e+02 1.511709875963611580e+02 1.759914264380119562e+02 1.355649853650989201e+02
1.257592516751237639e+02 1.515209221505009509e+02 1.381733697247857720e+02 1.733472864497301487e+02 1.706214752589583554e+02 1.421438380688893233e+02 1.334642335217708364e+02 1.358545318977513716e+02
1.460636038767965772e+02 1.384589797169697647e+02 1.282169407774394472e+02 1.553386276359679528e+02 1.628870954458813856e+02 1.546628149918643373e+02 1.347192690505664530e+02 1.428137735034683260e+02
1.461693872537523191e+02 1.669844448734345406e+02 1.425571340890790566e+02 1.726907197147092177e+02 1.658680737509921528e+02 1.594013804200067455e+02 1.474348723773246945e+02 1.496369692484701659e+02
1.571050166374537582e+02 1.494165492559807262e+02 1.360390549126370843e+02 1.563131453687672661e+02 1.672395921415514408e+02 1.563481719892169508e+02 1.380732815568722174e+02 1.354497892842820477e+02
1.326866343069052903e+02 1.699128935151020983e+02 1.319122636525763141e+02 1.698352127132550322e+02 1.643104718800431954e+02 1.568001621643006160e+02 1.359997699608309745e+02 1.412111520302924248e+02
1.286759196692130445e+02 1.546179539832586158e+02 1.357992840778343577e+02 1.602912974447471868e+02 1.655095550655547356e+02 1.398471128680608615e+02 1.376004547278557482e+02 1.320425940217063214e+02
1.404343406544712991e+02 1.513316992113401511e+02 1.314678224909200708e+02 1.678682777077817434e+02 1.692322542181554468e+02 1.479747871355390885e+02 1.294601855899179839e+02 1.433321704860462944e+02
1.509502699823784155e+02 1.453366759040284819e+02 1.309565551018403937e+02 1.624071638133373767e+02 1.663187955981841526e+02 1.472832988253258009e+02 1.339334955089709354e+02 1.318015864089700813e+02
1.059449574862361061e+02 1.715901620607540394e+02 1.572769324949368297e+02 1.744546570384772792e+02 1.864467200116187371e+02 1.551422123710935352e+02 1.779654744970410718e+02 1.493150768903187497e+02
1.275419592563938380e+02 1.526143645872430454e+02 1.337897301398240018e+02 1.701708320807363179e+02 1.688708022035067415e+02 1.587560504742216096e+02 1.572245386154100117e+02 1.402085105707630817e+02
1.632836752744868534e+02 1.610628626834528632e+02 1.316396055877279707e+02 1.633598075539119066e+02 1.610400304132652991e+02 1.579668348931970456e+02 1.462568510856229977e+02 1.484607390989312989e+02
1.521503019914315757e+02 1.496991610338774592e+02 1.379920702716634082e+02 1.691448906259225851e+02 1.618741339001101665e+02 1.563277904765031110e+02 1.556873946794345898e+02 1.313823643208061753e+02
7.465594351464523015e+01 1.710988943867148464e+02 1.513466111839822759e+02 1.555151363139902401e+02 1.662227152904197567e+02 1.578996087051257007e+02 1.539286117604198125e+02 1.282702033337426997e+02
1.249714164333541362e+02 1.649836382258453398e+02 1.634066103657592635e+02 1.606902904078156951e+02 1.647820040813363676e+02 1.406419685864550502e+02 1.732000851428729788e+02 1.241271059476237610e+02
1.121684736123819022e+02 1.575621294891131754e+02 1.553660166010855903e+02 1.621559086226340014e+02 1.835659573528894555e+02 1.431719763560158469e+02 1.403000451718137356e+02 1.359046045773506250e+02
1.390827313086379036e+02 1.489556623009858356e+02 1.263239109064170407e+02 1.635937924304506339e+02 1.637430686696094710e+02 1.469345250542307326e+02 1.228271402901013118e+02 1.443535329570604517e+02
1.497768329117585608e+02 1.703005088529102693e+02 1.274847621679093805e+02 1.627788454544058823e+02 1.602929523346124370e+02 1.640322114468554844e+02 1.426885343694022481e+02 1.477989905660792260e+02
1.385533888715818591e+02 1.634787206508636643e+02 1.486014672064438855e+02 1.701471687407554612e+02 1.677467558318697058e+02 1.510339390656502587e+02 1.417080915622996997e+02 1.380624746731244272e+02
1.513528821855917670e+02 1.595185767579453682e+02 1.332430590633238694e+02 1.672526875585631387e+02 1.680241988599271394e+02 1.619121027918600078e+02 1.528471871859385089e+02 1.522593462221754237e+02
1.367528423990540034e+02 1.490515497833290510e+02 1.515816015805154109e+02 1.694304779735552700e+02 1.730939361192985189e+02 1.431047309782286163e+02 1.374192865912002617e+02 1.366859245291532261e+02
1.301095107970680260e+02 1.428883714922942261e+02 1.266603359437193888e+02 1.591086429908777120e+02 1.658872021565445607e+02 1.550502484272402626e+02 1.367795700069768543e+02 1.343548517523840360e+02
1.295456771264585427e+02 1.479055547651920790e+02 1.381198207106934888e+02 1.669226072403279204e+02 1.676200305955469219e+02 1.413250079961916867e+02 1.270187029234777896e+02 1.324721235077384733e+02
1.554484338732647188e+02 1.667335492057498811e+02 1.164721273859533426e+02 1.619083527643544471e+02 1.713627952683776243e+02 1.594157576321353531e+02 1.270541141779146983e+02 1.546474443647306600e+02
1.352915830485520985e+02 1.447765280869930677e+02 1.511495759740923575e+02 1.642163062876435617e+02 1.686698568890692513e+02 1.503972798541060740e+02 1.483118583797349856e+02 1.156485283269575746e+02
1.361365902812783588e+02 1.452917864531025600e+02 1.329533978366220879e+02 1.731311112800957233e+02 1.685896673392257981e+02 1.459321394725856749e+02 1.468761943164311958e+02 1.470675830899332652e+02
1.416856697536583169e+02 1.545967914581046614e+02 1.354365221443090945e+02 1.606432615662689614e+02 1.650579597426190617e+02 1.460828120003470190e+02 1.354760300004311091e+02 1.413761821004481192e+02
1.483066284188799955e+02 1.466420915557061448e+02 1.319893407732472213e+02 1.671683602651153251e+02 1.631650078602242786e+02 1.518451858195632269e+02 1.358381608153294735e+02 1.462763950813510689e+02
1.352426913173880223e+02 1.396585021854354522e+02 1.429038319582584791e+02 1.650878867346187917e+02 1.710613082388589419e+02 1.458621398670912868e+02 1.296887269481408111e+02 1.422131292336557635e+02
1.387973425066462312e+02 1.502003001332690530e+02 1.230721141738725777e+02 1.631650125203060497e+02 1.608087856659752504e+02 1.492437298131306989e+02 1.326937642448753252e+02 1.497864324793986555e+02
1.269774851847152206e+02 1.462627447045999247e+02 1.489694284446495374e+02 1.671947307697821543e+02 1.746176991140416135e+02 1.422098409813927162e+02 1.420654209582498027e+02 1.316689668428353457e+02
1.120838423541936493e+02 1.708227628679700842e+02 1.499801265875305489e+02 1.718357477919920200e+02 1.803472076255706895e+02 1.590944035395316689e+02 1.583421472676889721e+02 1.312659298078717143e+02
1.356086267411635902e+02 1.455048800389064922e+02 1.344110048953025682e+02 1.663373420610115829e+02 1.530645515607767493e+02 1.576048452792875878e+02 1.236648724225731257e+02 1.303517183659983516e+02
1.452732028976271010e+02 1.529248631597353665e+02 1.338001585667520033e+02 1.558993557946890007e+02 1.632226612669421399e+02 1.583173017132250209e+02 1.187540423259034270e+02 1.429867763006598125e+02
1.370927508975798048e+02 1.141631670980816295e+02 1.418054395012052282e+02 1.606272017196592401e+02 1.684112229264210612e+02 1.599151550779632487e+02 1.391323027751871564e+02 1.382629192991562377e+02
1.206739404754337954e+02 1.470216235119266628e+02 1.512355603145078931e+02 1.704674449622278587e+02 1.755223086689506147e+02 1.348508284689351058e+02 1.433272640403538105e+02 1.367113436983147210e+02
1.405128489303433525e+02 1.431839045152971437e+02 1.302874529827647052e+02 1.602576202072775402e+02 1.663912189236805546e+02 1.543390203477461284e+02 1.263111078159856788e+02 1.400833193758450932e+02
1.296313266889834210e+02 1.685753460573999121e+02 1.275172585569976889e+02 1.666244903836095261e+02 1.668670026698773654e+02 1.635129079478038534e+02 1.345605824051362447e+02 1.420138545834555543e+02
1.400297351758966045e+02 1.541888196540463127e+02 1.403266071589685282e+02 1.634392323699190968e+02 1.583793172298416607e+02 1.497594243306384953e+02 1.409048096370943597e+02 1.324778337296540371e+02
1.540608671379480370e+02 1.566946462647993030e+02 1.369945507021542426e+02 1.711977517672123952e+02 1.684258236427222926e+02 1.585152227935180349e+02 1.548260446689231458e+02 1.575260603449149528e+02
1.341493463015748944e+02 1.579714272900773437e+02 1.410448562677332234e+02 1.622259331870578194e+02 1.657898261495703025e+02 1.508639422969348516e+02 1.292858619536071387e+02 1.370733448888806549e+02
1.274813582394396150e+02 1.274611550954835906e+02 1.482566059645106975e+02 1.734501496827222127e+02 1.648601854927925103e+02 1.475499515947715565e+02 1.400681148974805978e+02 1.466501559331974818e+02
1.435411987188940373e+02 1.436377907846851372e+02 1.308902317044409358e+02 1.598174087481063452e+02 1.676104922223246660e+02 1.455805001001980372e+02 1.242405235998623283e+02 1.509190079264807594e+02
8.814575053091809309e+01 1.847310241038692311e+02 1.661276992835469457e+02 1.573748155310066466e+02 1.702582133387315650e+02 1.485482197200917938e+02 1.697318446608800286e+02 1.306780118734733094e+02
9.697098153571863577e+01 1.665033229012424272e+02 1.498489545147917283e+02 1.704137437933479760e+02 1.665008611448667182e+02 1.650949089995285703e+02 1.627742197097578583e+02 1.438794035179719799e+02
1.231893584516998743e+02 1.734962382741290696e+02 1.529129174156167039e+02 1.723675658081430697e+02 1.780564889713343462e+02 1.572526721728896177e+02 1.689982835396308758e+02 1.488580680603912185e+02
4.892926422915879670e+01 1.775009119321837261e+02 1.616281891675064628e+02 1.593584782863619580e+02 1.754708286057286557e+02 1.654912019653201014e+02 1.648284900043187804e+02 1.344046557072019539e+02
1.422266120694029610e+02 1.677959122109132295e+02 1.269670082586508926e+02 1.675987245520457520e+02 1.662187554845887689e+02 1.635380401299071877e+02 1.300312881463602253e+02 1.425987973609130961e+02
1.462274428206492303e+02 1.607631317519557399e+02 1.374382295249288006e+02 1.675982480853476773e+02 1.607469082266020166e+02 1.498977578811683316e+02 1.367102927907654646e+02 1.378482867909284550e+02
1.444220451456783394e+02 1.640696741562808540e+02 1.383591913906935247e+02 1.679503144151057654e+02 1.661775350601958792e+02 1.582608037701575654e+02 1.413854748009438822e+02 1.387539766570064614e+02
1.478282154328765046e+02 1.544281879088523226e+02 1.349354785138166051e+02 1.616673165274645498e+02 1.710179094092189587e+02 1.497994835837948813e+02 1.439720132818117690e+02 1.297024428375078458e+02
1.337971067586125287e+02 1.410187622581032372e+02 1.325168150813354657e+02 1.620407481766245041e+02 1.565202080506652464e+02 1.391060054121826965e+02 1.296195075732880184e+02 1.314184511345150383e+02
1.194769258401875902e+02 1.589937401003085427e+02 1.456059456343795375e+02 1.699159572433879362e+02 1.767491015371062417e+02 1.639562321273531609e+02 1.638895539766013769e+02 1.435503438791139672e+02
1.455846300802411974e+02 1.664822162164704196e+02 1.323746379290637378e+02 1.694935160717776057e+02 1.678469248028887364e+02 1.565052429597577657e+02 1.429560236336945138e+02 1.474072204757003419e+02
1.460540436311385122e+02 1.542813941473346233e+02 1.403438659468259573e+02 1.647613710157674802e+02 1.642357894084707368e+02 1.486402997931840559e+02 1.426319602008198899e+02 1.333459645872517001e+02
4.454617268443308120e+01 1.837910032400801015e+02 1.629918807352908630e+02 1.598162027547899129e+02 1.751430613978054396e+02 1.630200219979741689e+02 1.559373985263298437e+02 1.454070723210606104e+02
1.157539740398172938e+02 1.709544701309817754e+02 1.589161300999710988e+02 1.662572929538525841e+02 1.703001091758409302e+02 1.489385024419001979e+02 1.641135275307636050e+02 1.448287905316506965e+02
1.401111306399113232e+02 1.689858986242565777e+02 1.351716184751558671e+02 1.651426231131278257e+02 1.708239242162228777e+02 1.646032717521214011e+02 1.463614861580121840e+02 1.367689345383337240e+02
1.378821015694507537e+02 1.491868959456572270e+02 1.363587060107607272e+02 1.676298097817595192e+02 1.649364870016926545e+02 1.480055331315154490e+02 1.434797841916975472e+02 1.409634797839555063e+02
6.694453855123738606e+01 1.771168355029260226e+02 1.613730606244368460e+02 1.464736778474330094e+02 1.707565604033377156e+02 1.553026033420661065e+02 1.595597595564587721e+02 1.302238600381854212e+02
1.179290909687416615e+02 1.561187078703019608e+02 1.533280668448477115e+02 1.575832470682403539e+02 1.612459421984999608e+02 1.465703907162299799e+02 1.666203101413823617e+02 1.264331489169995422e+02
5.669377613592764931e+01 1.688272876511950926e+02 1.640512874689618172e+02 1.600433413349325065e+02 1.697937660331097902e+02 1.662058218859648946e+02 1.626890180307810567e+02 1.410903890846898889e+02
9.987199507761727091e+01 1.735586575065585180e+02 1.507618238998817048e+02 1.647291264358525780e+02 1.711867916800232763e+02 1.478269766488811570e+02 1.670017159654816510e+02 1.435407727606595927e+02
1.375028064736918338e+02 1.527546705137764036e+02 1.306579164129859407e+02 1.697099027789334968e+02 1.686751187281929845e+02 1.457369298039543821e+02 1.379988810238700978e+02 1.398484815971363275e+02
1.391179139918556871e+02 1.425438966980663338e+02 1.410339081323533605e+02 1.657652572898706467e+02 1.646074371821996749e+02 1.451119600918406434e+02 1.385396616990263681e+02 1.396129808229776188e+02
1.503899944660382459e+02 1.410410539062535804e+02 1.415220749985875273e+02 1.703575435065433226e+02 1.527881686094120255e+02 1.567410085305266421e+02 1.502066588185055593e+02 1.583881645186840785e+02
1.538177002764235226e+02 1.537919340538122128e+02 1.367008391133241219e+02 1.596173980179457033e+02 1.570771323956629146e+02 1.463793432539639241e+02 1.313547850447525036e+02 1.411205041517503673e+02
1.728961825319078400e+02 1.461846308383125574e+02 1.401953409008921767e+02 1.570924467477994426e+02 1.495012293621947208e+02 1.540242893540479372e+02 1.292255593204890829e+02 1.599177948215101424e+02
1.719103596844518904e+02 1.468580210633852801e+02 1.608247931565440751e+02 1.580471490323956516e+02 1.419143671749767748e+02 1.669362285317055239e+02 1.167864295016684224e+02 1.694145243778727377e+02
1.395352839909024283e+02 1.712571991875677213e+02 1.337129272950152199e+02 1.725785991101852801e+02 1.717454967861545754e+02 1.568589435352222949e+02 1.418108664255318843e+02 1.408703637729778393e+02
1.436483396761248059e+02 1.525390911218408121e+02 1.404217747768490767e+02 1.676240716555308552e+02 1.589553650050771409e+02 1.539040771176004228e+02 1.475307822908196727e+02 1.453302995120609182e+02
1.205494127369161816e+02 1.519023345823235616e+02 1.345385384707559808e+02 1.637028755119650327e+02 1.675449276882706897e+02 1.481969396384552908e+02 1.351243562181194022e+02 1.376643633904787691e+02
1.346720994987781808e+02 1.412234415286712590e+02 1.297869198213013533e+02 1.732890942705562054e+02 1.621692538615838259e+02 1.467558594142158483e+02 1.274220133263527970e+02 1.318954160448226105e+02
1.416620787299824258e+02 1.544870939393344713e+02 1.311056284670217735e+02 1.645175767154793789e+02 1.571606723685072211e+02 1.503920725998024466e+02 1.201719917383182690e+02 1.548523492923199854e+02
1.288776204714709195e+02 1.335588331028490359e+02 1.501480222518286212e+02 1.661874163709867958e+02 1.634220560629388785e+02 1.449598206170335004e+02 1.311576398998136597e+02 1.410549000197671603e+02
1.218783222151360661e+02 1.457693811439599187e+02 1.401831592398118858e+02 1.677482742464419800e+02 1.711399413401547349e+02 1.335745829017849076e+02 1.444042695957132025e+02 1.471206088927438600e+02
1.451379248233428427e+02 1.400566407560192488e+02 1.241907321931469710e+02 1.574588366483944526e+02 1.620769082159241350e+02 1.457124957493642512e+02 1.345409664325266590e+02 1.399131634054581923e+02
1.415972203127059004e+02 1.621159525985958396e+02 1.507486097835832766e+02 1.720702268422602401e+02 1.599678534423725580e+02 1.478521329423737711e+02 1.510630010020735199e+02 1.465505050956908519e+02
1.445349857070547159e+02 1.564724408595760110e+02 1.463302573591917906e+02 1.711822433564323944e+02 1.698599307725058338e+02 1.701091335695375619e+02 1.595530046860515654e+02 1.527713072374677949e+02
1.033330482340265490e+02 1.431073031168601517e+02 1.362217082783173794e+02 1.729794528516753473e+02 1.696104710096943506e+02 1.637253436240946201e+02 1.468502920333785369e+02 1.345406648585023675e+02
1.132731911544681367e+02 1.521064654459212022e+02 1.532159155277717559e+02 1.684906226064585439e+02 1.805944477860399218e+02 1.613364953997130158e+02 1.505404020787754007e+02 1.414028665916929128e+02
1.196898367311034264e+02 1.537126091335371427e+02 1.348716817406160544e+02 1.665742825242051026e+02 1.784681841926027346e+02 1.636694182828858573e+02 1.390232201977909483e+02 1.253155699666786234e+02
1.356208507727745314e+02 1.605252048559615048e+02 1.360214401939137190e+02 1.682333811990828565e+02 1.693447764146038708e+02 1.463105630031503495e+02 1.243195084136514197e+02 1.379195654945634146e+02
1.441876868751207894e+02 1.503863990966846131e+02 1.221050490886799480e+02 1.696407067261844759e+02 1.614999743311948350e+02 1.595040923700844644e+02 1.410914700309160139e+02 1.460586515977114175e+02
1.296539598728544149e+02 1.496116207383300321e+02 1.567208258798488032e+02 1.738745103722076237e+02 1.779924889640207937e+02 1.393518791465758397e+02 1.418856284852838883e+02 1.445647140921754499e+02
1.336177311200323459e+02 1.560614353389679252e+02 1.477307362979244658e+02 1.633093892877030555e+02 1.618108669087347380e+02 1.512465449622423250e+02 1.296183542719939226e+02 1.369835526109890225e+02
1.448063768092785892e+02 1.529882262351868860e+02 1.270075159553077953e+02 1.664737098108992939e+02 1.568217487497990135e+02 1.532907600022050190e+02 1.347007111242402004e+02 1.489541290283497972e+02
1.301455338527828189e+02 1.516351664827486161e+02 1.273235056258936453e+02 1.655580449576306137e+02 1.605685248631461093e+02 1.388473414888201773e+02 1.278982912125793945e+02 1.305765672712005312e+02
1.254889697872417855e+02 1.413768981440425989e+02 1.378411747308112183e+02 1.635742248898096989e+02 1.716978519813336561e+02 1.576789433387313295e+02 1.323060481874656489e+02 1.348810872756282322e+02
1.533305559891167889e+02 1.477024414095919269e+02 1.261334708778584996e+02 1.634594331935795992e+02 1.608079047648121502e+02 1.569431820369358945e+02 1.426902118775704480e+02 1.471590887126653229e+02
1.383702848441149627e+02 1.473201930605677887e+02 1.371796251678434544e+02 1.669464470922465296e+02 1.671505399060759487e+02 1.441195856827390287e+02 1.318053982356979077e+02 1.273318950705909742e+02
1.431434489690686576e+02 1.700073269712963224e+02 1.138368562034473825e+02 1.631704021008588086e+02 1.640756768264230629e+02 1.586428305043542082e+02 1.465963538911512956e+02 1.485867281850287895e+02
1.543358988381995403e+02 1.641277226577485067e+02 1.523304558106378579e+02 1.502356053046759428e+02 1.637906089904568603e+02 0.000000000000000000e+00 1.562166405848065551e+02 1.644286055138428537e+02
1.534697329817886384e+02 1.570004778703071509e+02 1.171198992923982445e+02 1.757817513311887296e+02 1.821378684042686302e+02 1.554685248085633305e+02 1.523543778405309297e+02 1.383615054245572935e+02
1.319502307404167709e+02 1.421145228712352377e+02 1.400356729057283474e+02 1.705667498931596242e+02 1.671998302851150413e+02 1.485202786917307947e+02 1.537593220128051996e+02 1.456472992881762707e+02
1.403438810619909134e+02 1.558320996671545515e+02 1.319461479637570562e+02 1.682462844909838680e+02 1.736228749165198622e+02 1.431560742030343647e+02 1.483887329191507831e+02 1.424581844850548009e+02
1.406210947439134600e+02 1.212915090330292855e+02 1.795312640050923676e+02 1.584922196094572087e+02 1.639979974868201396e+02 1.612958226479015593e+02 1.676609346128338416e+02 1.440480286899583291e+02
1.582310193024718785e+02 1.417903280805996644e+02 1.616949491423820575e+02 1.665846295526415020e+02 1.682214497729203231e+02 1.513850208282561312e+02 1.873872878618406048e+02 1.420891561954807969e+02
1.660106525591991442e+02 1.600821583547239868e+02 1.418868019425937632e+02 1.648037102508721716e+02 1.402972929579271408e+02 1.539614088602862694e+02 1.326940959951816978e+02 1.622666282413564431e+02
1.587716803565466819e+02 1.582816620903745104e+02 1.427446021778550289e+02 1.738032709996641074e+02 1.697487835429315339e+02 1.620773685355417797e+02 1.684536327020038584e+02 1.498957900860346513e+02
1.648243249158115589e+02 1.746942656124152791e+02 1.721660816202174829e+02 0.000000000000000000e+00 1.612110203053697717e+02 1.502356053046759428e+02 1.501809884026445729e+02 1.523737084597852913e+02
1.489641064693007309e+02 1.842722457496330719e+02 1.569948378197691170e+02 1.605815261711991582e+02 1.698048734553627241e+02 1.613954690539243586e+02 1.697361402408498634e+02 1.604957276249047595e+02
1.493875708356774510e+02 1.791945769865965588e+02 1.669938932148051265e+02 1.492407658811446822e+02 1.673628181146347629e+02 1.619667118758538891e+02 1.507525412186126061e+02 1.648729666661709814e+02
1.586150174462771645e+02 1.531604007270434238e+02 1.264374564962496521e+02 1.744392003371055750e+02 1.590348076470368142e+02 1.760226014817671398e+02 1.512350738202677007e+02 1.366355945642200140e+02
1.557434607002620055e+02 1.431942993178077188e+02 1.440347400381951388e+02 1.494422837400518631e+02 1.560531867314872159e+02 1.502132774300969231e+02 1.392122354484523328e+02 1.303141299878496113e+02
1.495942816079697764e+02 1.245165347173381605e+02 1.614144512679747550e+02 1.512124371263618059e+02 1.517961498316228415e+02 1.781109934870825100e+02 1.572990053240259556e+02 1.429343863434114894e+02
1.714626164959806260e+02 1.075110215369343933e+02 1.670776226106731315e+02 1.389447273837525074e+02 1.534437341755887019e+02 1.583334112272275718e+02 1.461183979004896401e+02 1.635436343935967329e+02
1.471320526250534044e+02 1.446381959643710218e+02 1.381407565470744601e+02 1.736799228613018897e+02 1.738264474332526959e+02 1.434455590920031227e+02 1.638252095096483174e+02 1.277448133857187855e+02
1.482145850865021828e+02 1.541262952651056537e+02 1.354699536156207387e+02 1.748315523483850882e+02 1.807028700945934361e+02 1.765717601309425788e+02 1.434703219869048496e+02 1.496391290608867735e+02
1.770174109978110266e+02 1.261165322651628600e+02 1.320909364951185694e+02 1.750328261660607154e+02 1.475980887222668230e+02 1.681053811863180556e+02 1.480545656261294027e+02 1.269404105970298247e+02
1.550617522617028499e+02 1.348196120783351830e+02 1.545835701810409546e+02 1.684135446192484835e+02 1.543885035778999679e+02 1.584608127849777475e+02 1.645145537939764893e+02 1.335891322702471768e+02
1.443728165235325491e+02 1.561004429982640715e+02 1.374926037699125629e+02 1.586190944026474483e+02 1.734273247890149321e+02 1.507556492927722616e+02 1.504694980805505224e+02 1.341906716169598042e+02
1.482447492085529746e+02 1.341455174128348347e+02 1.409169745229631019e+02 1.676487708093015669e+02 1.590175311426802125e+02 1.433082891323881256e+02 1.460841769526242899e+02 1.249810838537938054e+02
1.641572616452000659e+02 1.590710140749660013e+02 1.365496071765470560e+02 1.558531711211954018e+02 1.627677676729773850e+02 1.674461634945431285e+02 1.391325997828311074e+02 1.492759039903511677e+02
1.660532639330647555e+02 1.536625824182402198e+02 1.576141814835379478e+02 1.501809884026445729e+02 1.505289736403839527e+02 1.562166405848065551e+02 0.000000000000000000e+00 1.561114308565166766e+02
1.629584711247013047e+02 1.456013944664904329e+02 1.487075332281726219e+02 1.550798629858776394e+02 1.639967193022492324e+02 1.626245954411793946e+02 1.702735766224630254e+02 1.384412892770040173e+02
1.751658414902540244e+02 1.510034205473996849e+02 1.520988830036887123e+02 1.493526995093194500e+02 1.263226471225898706e+02 1.466883296269404582e+02 1.497357093374180295e+02 1.578378108374503199e+02
1.627601708618286125e+02 1.496406807861966684e+02 1.726446636458359478e+02 1.451312318754665398e+02 1.380856491085612276e+02 1.442225893640109007e+02 1.700479149504996315e+02 1.600393557165448328e+02
1.731845981077520662e+02 1.407392859572695727e+02 1.595473415932418391e+02 1.558603684438732557e+02 1.279212725635571672e+02 1.704087406007290326e+02 1.521029313043703439e+02 1.547006459138935668e+02
1.483808328621853150e+02 1.448601568731375266e+02 1.473108469845863908e+02 1.670547422529374160e+02 1.606242652669917277e+02 1.597449401937826678e+02 1.462269554955451838e+02 1.387839741305577093e+02
1.562093223743919168e+02 1.383792288715481220e+02 1.466221343683214116e+02 1.607639550864220723e+02 1.547461024507365437e+02 1.615826800592467123e+02 1.601575289181463972e+02 1.122614317104620483e+02
1.358630441348581144e+02 1.545065199917415271e+02 1.255307888572412907e+02 1.612762161085800301e+02 1.711100639697500299e+02 1.542838199700317432e+02 1.641330170217918294e+02 1.212531001690829555e+02
1.527665189438450568e+02 1.351105608840636023e+02 1.257522675558450942e+02 1.768528757057963503e+02 1.742540056585500281e+02 1.720826097084397759e+02 1.434802821246560427e+02 1.156714602258428641e+02
1.456136542213866676e+02 1.508620510788072693e+02 1.277433441309507600e+02 1.670904482686331960e+02 1.697437707645855198e+02 1.671567870841250283e+02 1.471884870165256132e+02 1.158607872141064377e+02
1.477210188481764988e+02 1.420551095676365492e+02 1.310831967701547001e+02 1.610295923026502578e+02 1.605483150938227084e+02 1.773744872404964212e+02 1.145610527373054879e+02 1.400117044942029736e+02
1.645797755705904990e+02 1.399536476610646787e+02 1.369794110208059692e+02 1.558091452267903207e+02 1.582662553595712041e+02 1.596588201826184275e+02 1.438068123072019944e+02 1.440842797734593717e+02
1.590355578461617938e+02 1.295296639759405934e+02 1.295653336304793299e+02 1.720964577487463885e+02 1.546823894431021245e+02 1.630703624737670623e+02 1.386287233004395887e+02 1.346440211062489993e+02
1.438760210620160933e+02 1.755939659510581237e+02 2.089995286858311658e+02 1.511727732878899815e+02 1.511366615586757121e+02 1.548074965394267224e+02 2.036635984108292519e+02 1.784182318000304690e+02
1.690632946138526620e+02 1.510140531614078725e+02 1.417750209036674676e+02 1.647766593969625148e+02 1.395773088997206060e+02 1.557088251722097993e+02 1.275180801560400141e+02 1.634325673691341478e+02
1.226871104249952253e+02 1.837462955127655846e+02 1.505588523697058747e+02 1.835187871846180485e+02 1.897111668594361618e+02 1.589249089964368693e+02 1.744973145313245197e+02 1.533806576055532958e+02
1.470053806636853153e+02 1.144140998833849920e+02 1.298426372972245701e+02 1.762944946407410214e+02 1.672068712072373273e+02 1.769619638381422817e+02 1.603704429554317414e+02 1.359736472810998862e+02
1.694095107981073625e+02 1.537284828120184841e+02 1.687921463090017937e+02 1.652547215347765075e+02 1.399945198544170069e+02 1.652566106259024252e+02 1.828083603009459068e+02 1.577543780387142931e+02
1.459196671492171902e+02 1.506620060627907378e+02 1.654513724136930080e+02 1.355661246612824868e+02 1.502165571211089343e+02 1.593985177290481658e+02 1.568351076566005702e+02 1.668985477401991488e+02
1.330798095555387306e+02 1.466943258059322091e+02 1.420617940334400373e+02 1.728982383410310035e+02 1.758441765291542254e+02 1.573956004426451045e+02 1.502335693048651422e+02 1.194417315377853441e+02
1.537060726914869804e+02 1.305318818634910372e+02 1.454655630884143704e+02 1.680463703689653983e+02 1.512677056312265051e+02 1.660667686854131375e+02 1.546016626198371284e+02 1.024379329980109787e+02
1.641572616452000659e+02 1.590710140749660013e+02 1.365496071765470560e+02 1.558531711211954018e+02 1.627677676729773850e+02 1.674461634945431285e+02 1.391325997828311074e+02 1.492759039903511677e+02
1.660532639330647555e+02 1.536625824182402198e+02 1.576141814835379478e+02 1.501809884026445729e+02 1.505289736403839527e+02 1.562166405848065551e+02 0.000000000000000000e+00 1.561114308565166766e+02
1.419192144931584210e+02 1.792953569485505341e+02 1.302884774125901117e+02 1.530796220737012447e+02 1.680979503393695040e+02 1.452334306521596261e+02 1.698211390628883066e+02 1.577688335378959721e+02
1.334746527405044390e+02 1.592594152867262096e+02 1.761133470684950169e+02 1.533554932117578744e+02 1.663015749152764329e+02 1.681516202623743368e+02 1.871423835046966815e+02 1.600723158931670582e+02
1.759036084771425124e+02 1.439967193810775541e+02 1.696567788674145731e+02 1.502190283173410421e+02 1.349569723938994343e+02 1.539509204590960394e+02 1.389184677894224933e+02 1.664766445865201945e+02
1.661002729604709316e+02 1.211782439117595231e+02 1.811250538628860340e+02 1.533087112158079321e+02 1.288203407762268000e+02 1.503585846177971632e+02 1.719478506080470197e+02 1.354640695586544439e+02
1.538112395036759779e+02 1.630237527431119986e+02 1.281824798488114538e+02 1.734405161351754430e+02 1.791789163959439861e+02 1.513877230288967155e+02 1.640429012529143620e+02 1.391778620137754672e+02
1.700135604491631511e+02 8.129312350619537142e+01 1.705717949597939196e+02 1.668572439695970502e+02 1.496499915515169050e+02 1.813838941641812141e+02 1.641467240314991329e+02 1.579656301549704835e+02
1.645797755705904990e+02 1.399536476610646787e+02 1.369794110208059692e+02 1.558091452267903207e+02 1.582662553595712041e+02 1.596588201826184275e+02 1.438068123072019944e+02 1.440842797734593717e+02
1.590355578461617938e+02 1.295296639759405934e+02 1.295653336304793299e+02 1.720964577487463885e+02 1.546823894431021245e+02 1.630703624737670623e+02 1.386287233004395887e+02 1.346440211062489993e+02
1.431434489690686576e+02 1.700073269712963224e+02 1.138368562034473825e+02 1.631704021008588086e+02 1.640756768264230629e+02 1.586428305043542082e+02 1.465963538911512956e+02 1.485867281850287895e+02
1.543358988381995403e+02 1.641277226577485067e+02 1.523304558106378579e+02 1.502356053046759428e+02 1.637906089904568603e+02 0.000000000000000000e+00 1.562166405848065551e+02 1.644286055138428537e+02
1.375070992744947205e+02 1.667945622520904294e+02 1.508650350233020276e+02 1.782034913465686543e+02 1.515930650166410203e+02 1.768890903565350641e+02 1.513678357492649695e+02 1.512230651882717325e+02
1.501162742542409205e+02 1.525087062524365251e+02 1.493118699257420587e+02 1.523737084597852913e+02 1.640427050821050443e+02 1.644286055138428537e+02 1.561114308565166766e+02 0.000000000000000000e+00
1.684501623233804253e+02 1.696932233638374043e+02 0.000000000000000000e+00 1.721660816202174829e+02 1.673482372245736087e+02 1.523304558106378579e+02 1.576141814835379478e+02 1.493118699257420587e+02
1.701749903245349174e+02 1.012678391855717024e+02 1.567420504105721761e+02 1.665768214090425943e+02 1.607363396979952768e+02 1.550483829657060255e+02 1.667286575658710888e+02 1.346983381260478438e+02
1.501920463445154326e+02 1.567477506096401783e+02 1.171314191471640811e+02 1.652861203657693636e+02 1.596854305990158593e+02 1.653575333433785204e+02 1.491300436022161193e+02 1.377460170063592386e+02
1.873796425874181182e+02 1.476457868554597326e+02 1.593777220232340142e+02 1.595491899671680756e+02 1.552510815070873491e+02 1.510627636493522630e+02 1.315986530538158092e+02 1.715588560614249047e+02
1.371412465840479058e+02 1.447392021270756572e+02 1.331332915432653579e+02 1.485658428524755550e+02 1.595103342213965050e+02 1.620147685846600609e+02 1.424433687194374443e+02 1.316918066229056308e+02
1.470764414667837059e+02 1.306533216698005049e+02 1.444023251655607964e+02 1.644937501528422956e+02 1.635015920313793742e+02 1.575475448670606795e+02 1.475088087986369771e+02 1.139939008515333114e+02
1.516788158430676106e+02 1.660504394980390543e+02 1.447485669919433633e+02 1.715962669356057688e+02 1.469553732024597252e+02 1.468196568945145657e+02 1.528670622547986682e+02 1.574910920716506553e+02
1.852531623289159199e+02 1.024722718561358903e+02 1.498240556858952175e+02 1.561535391620177506e+02 1.501675611541722901e+02 1.646667803955771774e+02 1.398101471418731876e+02 1.279882394721395826e+02
1.550985355935289647e+02 1.535749521919374843e+02 1.148996200862488024e+02 1.492908010964749508e+02 1.449449867286534754e+02 1.554413046343824760e+02 1.591033509404438462e+02 1.449001020762511587e+02
1.449920453874605357e+02 1.268299355084843256e+02 1.435676491144987494e+02 1.573212859334027769e+02 1.663168155048445271e+02 1.390286451294126948e+02 1.647472719495218882e+02 1.143741730356155699e+02
1.582310193024718785e+02 1.417903280805996644e+02 1.616949491423820575e+02 1.665846295526415020e+02 1.682214497729203231e+02 1.513850208282561312e+02 1.873872878618406048e+02 1.420891561954807969e+02
1.660106525591991442e+02 1.600821583547239868e+02 1.418868019425937632e+02 1.648037102508721716e+02 1.402972929579271408e+02 1.539614088602862694e+02 1.326940959951816978e+02 1.622666282413564431e+02
1.404836471795650539e+02 1.600620579585220753e+02 1.341864884676438123e+02 1.722392690065398142e+02 1.777090415842372693e+02 1.709483242025654306e+02 1.641445976983943069e+02 1.239077176023641300e+02
1.486949713175292516e+02 1.471859713176820890e+02 1.441614633780819474e+02 1.452149466220799354e+02 1.654563062399548130e+02 1.529636995364571703e+02 1.507270545457861886e+02 1.288678031043103829e+02
1.772908259850279080e+02 1.412049169117880183e+02 1.796652115639045633e+02 1.487648033802678924e+02 1.293316408004627647e+02 1.756376511395092734e+02 1.490683424048187931e+02 1.609631270165311889e+02
1.620610103832013635e+02 1.224122052017195728e+02 1.759768063069299160e+02 1.633780265852208800e+02 1.379445413986501592e+02 1.494920237432228873e+02 1.794751056461987275e+02 1.436012031019822075e+02
1.706701864415138630e+02 1.601471370794590428e+02 1.570831231668300632e+02 1.545068927320122611e+02 1.289515094770391670e+02 1.478066748106967339e+02 1.383759389913471409e+02 1.378737244967565800e+02
1.687496059394849510e+02 1.542540366583043863e+02 1.213633876326798600e+02 1.682600392175070567e+02 1.482738162023600523e+02 1.527245682166062863e+02 1.487559258229559020e+02 1.403336434303078306e+02
1.473365698071497150e+02 1.437720511822018921e+02 1.397260683717267398e+02 1.764036146405043439e+02 1.559614784008931565e+02 1.593867428983089098e+02 1.560605444105303548e+02 1.297944206050208322e+02
1.418414609823786066e+02 1.395539619144847734e+02 1.581172025505453291e+02 1.533032161301145493e+02 1.657013443867630826e+02 1.500926101050305590e+02 1.538051696436711211e+02 1.217262651186702271e+02
1.501920463445154326e+02 1.567477506096401783e+02 1.171314191471640811e+02 1.652861203657693636e+02 1.596854305990158593e+02 1.653575333433785204e+02 1.491300436022161193e+02 1.377460170063592386e+02
1.873796425874181182e+02 1.476457868554597326e+02 1.593777220232340142e+02 1.595491899671680756e+02 1.552510815070873491e+02 1.510627636493522630e+02 1.315986530538158092e+02 1.715588560614249047e+02
1.358630441348581144e+02 1.545065199917415271e+02 1.255307888572412907e+02 1.612762161085800301e+02 1.711100639697500299e+02 1.542838199700317432e+02 1.641330170217918294e+02 1.212531001690829555e+02
1.527665189438450568e+02 1.351105608840636023e+02 1.257522675558450942e+02 1.768528757057963503e+02 1.742540056585500281e+02 1.720826097084397759e+02 1.434802821246560427e+02 1.156714602258428641e+02
1.698916989943130034e+02 1.613709419129511673e+02 1.437399862004427291e+02 1.798610357863161369e+02 1.742830434939741338e+02 1.599767638106496292e+02 1.527374814883829970e+02 1.407950151477824079e+02
1.579977818780944574e+02 1.405019655725738801e+02 1.470352347253763696e+02 1.712929693418545583e+02 1.696995573887241164e+02 1.620381545835817860e+02 1.675307129111167797e+02 1.384448481356766933e+02
1.442436482309294377e+02 1.393364099787253849e+02 1.528126846954048688e+02 1.533852149395343076e+02 1.579243475174893376e+02 1.599273034019617796e+02 1.535549728010032595e+02 1.330819516530669091e+02
1.602691476885346731e+02 1.606052301656827694e+02 1.478399300919463997e+02 1.537749572806049514e+02 1.617740490038795826e+02 1.516450538268600781e+02 1.565162143079081716e+02 1.435723314125352772e+02
1.343719360211397600e+02 1.633470582553770782e+02 1.095581113592036786e+02 1.708801755175705921e+02 1.711625621045656942e+02 1.633334587251037817e+02 1.545514676524894071e+02 1.350900169977015821e+02
1.459648923251437225e+02 1.466132896864943689e+02 1.210696474495825186e+02 1.642224335049389197e+02 1.513387718537978799e+02 1.374187209431380268e+02 1.508195039399078325e+02 1.490557914715173524e+02
1.617642609486888432e+02 1.734728519039389880e+02 1.423121196524285494e+02 1.562302827173195396e+02 1.644658372380938260e+02 1.660201968371256669e+02 1.643172645763703201e+02 1.568248476176038082e+02
1.421223421781390357e+02 1.506299925190655813e+02 1.849438655437093075e+02 1.332134030132100975e+02 1.544822574655783001e+02 1.458512960719048976e+02 1.922785110812258154e+02 1.485465282240821239e+02
1.682393860269674235e+02 1.310174337980024859e+02 1.420948942034328866e+02 1.554287075225034016e+02 1.386553181045802035e+02 1.699072507140648725e+02 1.529829017320578828e+02 1.405746223334779756e+02
1.548732707576735947e+02 1.502441133690992956e+02 1.517108132767974382e+02 1.636744098825203366e+02 1.474294778411023970e+02 1.668034709442760288e+02 1.431743838531081963e+02 1.295157871513463306e+02
1.551228413016833940e+02 1.635036896376632285e+02 1.426326412700612707e+02 1.553793513012760457e+02 1.662108104696126816e+02 1.490096608207815905e+02 1.499678479832143410e+02 1.438468043550652169e+02
1.199265651893734344e+02 1.728740090191242871e+02 1.642738857480422041e+02 1.510529941435255523e+02 1.685192750743925387e+02 1.568502526820587377e+02 1.845376022966181893e+02 1.522997056448791398e+02
1.504435163005068148e+02 1.732308969316028708e+02 1.284637985235938800e+02 1.620424621454451142e+02 1.746386292785545038e+02 1.494096619820397791e+02 1.532381087372075399e+02 1.438958519420173161e+02
1.854133679355781510e+02 1.474243939580118194e+02 1.595965782625227973e+02 1.682286223970126571e+02 1.100852605743210830e+02 1.621790430036208761e+02 1.577198079624938885e+02 1.499345848082114969e+02
1.469724889123152423e+02 1.613792094888875681e+02 1.393702017417345189e+02 1.682811530530016455e+02 1.791052549667788583e+02 1.359777546435362865e+02 1.676119055844442300e+02 1.413099558116506387e+02
1.914060332912396234e+02 0.000000000000000000e+00 1.696932233638374043e+02 1.746942656124152791e+02 1.591530747801127461e+02 1.641277226577485067e+02 1.536625824182402198e+02 1.525087062524365251e+02
1.520570238407140096e+02 1.599698080678759879e+02 1.422119382927229765e+02 1.616290531527659766e+02 1.752704180839739081e+02 1.575908756074111636e+02 1.660995449100605867e+02 1.385410174321444288e+02
1.684746322481242089e+02 1.589251460256824657e+02 1.698393484250980237e+02 1.535486291525725449e+02 1.166275123493375645e+02 1.564379521902152135e+02 1.657713894461677171e+02 1.581399425398183496e+02
1.437302610612631781e+02 1.408837366434410683e+02 1.230975160768183798e+02 1.517653505429870506e+02 1.637449419219661877e+02 1.604140816149572402e+02 1.259838589954041339e+02 1.354416974387636685e+02
1.350740610590545714e+02 1.500400355743870762e+02 1.352598280223753022e+02 1.761412132625625020e+02 1.747181394138549138e+02 1.454423069224511096e+02 1.543619311092396913e+02 1.268522554370430839e+02
1.596711089715150251e+02 1.504976722999095671e+02 1.283261811483932604e+02 1.775644506551921609e+02 1.612681978790097332e+02 1.748729358811953887e+02 1.468735389398313487e+02 1.369971276033552385e+02
1.633269625424205458e+02 1.390882214535024843e+02 1.416162059840514758e+02 1.525145471246515854e+02 1.543148398618367025e+02 1.527953925389721235e+02 1.428260965358572321e+02 1.115137460282758610e+02
1.522142605114125899e+02 1.253594682274367358e+02 1.568649609691572095e+02 1.735610847866162487e+02 1.699275440639401893e+02 1.595470694402876290e+02 1.534785179453028832e+02 1.287696364417037103e+02
1.548204351342867540e+02 1.526113447407048511e+02 1.285747380620184686e+02 1.629305021826712334e+02 1.691519030694340131e+02 1.522037215906629228e+02 1.372391532054401182e+02 1.368444595953000658e+02
1.316409707076037989e+02 1.680277955999245307e+02 1.137469313398738677e+02 1.610657714668373615e+02 1.658038990953010057e+02 1.497720801565634758e+02 1.454875632483863228e+02 1.560813044931708475e+02
1.477810126912218891e+02 7.057249865831840907e+01 1.791455983971068235e+02 1.649123744969184600e+02 1.717792924187114068e+02 1.574115302054181029e+02 1.811959222851264997e+02 1.510667493385738567e+02
