2.130000000000000000e+02 2.380000000000000000e+02 8.610000000000000000e+02 7.670000000000000000e+02 5.510000000000000000e+02 5.940000000000000000e+02 3.140000000000000000e+02 4.140000000000000000e+02 3.130000000000000000e+02 4.240000000000000000e+02 4.310000000000000000e+02 8.800000000000000000e+02 5.380000000000000000e+02 4.740000000000000000e+02 4.750000000000000000e+02 4.030000000000000000e+02 3.550000000000000000e+02 8.960000000000000000e+02 4.540000000000000000e+02 4.820000000000000000e+02
1.690000000000000000e+02 1.110000000000000000e+02 5.750000000000000000e+02 4.980000000000000000e+02 1.670000000000000000e+02 1.850000000000000000e+02 8.600000000000000000e+01 2.600000000000000000e+01 3.460000000000000000e+02 6.180000000000000000e+02 1.070000000000000000e+02 5.610000000000000000e+02 7.010000000000000000e+02 3.790000000000000000e+02 8.930000000000000000e+02 2.200000000000000000e+01 1.370000000000000000e+02 2.150000000000000000e+02 6.650000000000000000e+02 7.720000000000000000e+02
2.920000000000000000e+02 1.280000000000000000e+02 1.580000000000000000e+02 9.100000000000000000e+02 5.820000000000000000e+02 9.150000000000000000e+02 4.900000000000000000e+02 7.260000000000000000e+02 8.220000000000000000e+02 4.190000000000000000e+02 4.800000000000000000e+01 4.300000000000000000e+01 1.220000000000000000e+02 6.880000000000000000e+02 3.550000000000000000e+02 4.550000000000000000e+02 7.580000000000000000e+02 5.970000000000000000e+02 7.040000000000000000e+02 6.540000000000000000e+02
3.150000000000000000e+02 8.600000000000000000e+02 6.860000000000000000e+02 7.800000000000000000e+02 4.360000000000000000e+02 5.640000000000000000e+02 2.050000000000000000e+02 5.830000000000000000e+02 7.440000000000000000e+02 9.000000000000000000e+00 2.490000000000000000e+02 1.980000000000000000e+02 5.650000000000000000e+02 7.990000000000000000e+02 3.600000000000000000e+01 7.360000000000000000e+02 5.860000000000000000e+02 7.220000000000000000e+02 8.310000000000000000e+02 6.770000000000000000e+02
7.290000000000000000e+02 5.300000000000000000e+02 2.850000000000000000e+02 7.940000000000000000e+02 3.400000000000000000e+01 5.520000000000000000e+02 5.400000000000000000e+02 8.010000000000000000e+02 2.640000000000000000e+02 3.720000000000000000e+02 8.730000000000000000e+02 7.620000000000000000e+02 8.870000000000000000e+02 2.970000000000000000e+02 1.650000000000000000e+02 2.250000000000000000e+02 8.300000000000000000e+02 3.530000000000000000e+02 2.300000000000000000e+01 6.100000000000000000e+01
7.950000000000000000e+02 8.050000000000000000e+02 2.540000000000000000e+02 3.120000000000000000e+02 3.190000000000000000e+02 1.480000000000000000e+02 3.030000000000000000e+02 7.000000000000000000e+02 1.150000000000000000e+02 8.920000000000000000e+02 6.600000000000000000e+01 4.810000000000000000e+02 6.160000000000000000e+02 1.360000000000000000e+02 8.770000000000000000e+02 4.890000000000000000e+02 1.600000000000000000e+01 8.440000000000000000e+02 6.990000000000000000e+02 1.210000000000000000e+02
8.200000000000000000e+02 2.600000000000000000e+01 8.560000000000000000e+02 1.010000000000000000e+02 2.700000000000000000e+02 7.660000000000000000e+02 2.820000000000000000e+02 7.720000000000000000e+02 8.930000000000000000e+02 4.980000000000000000e+02 8.270000000000000000e+02 1.000000000000000000e+02 5.960000000000000000e+02 7.230000000000000000e+02 6.650000000000000000e+02 6.180000000000000000e+02 7.550000000000000000e+02 3.170000000000000000e+02 3.790000000000000000e+02 7.420000000000000000e+02
8.250000000000000000e+02 4.770000000000000000e+02 7.980000000000000000e+02 7.990000000000000000e+02 3.390000000000000000e+02 5.560000000000000000e+02 7.470000000000000000e+02 1.880000000000000000e+02 8.200000000000000000e+01 3.500000000000000000e+01 8.990000000000000000e+02 4.700000000000000000e+02 6.770000000000000000e+02 7.440000000000000000e+02 1.300000000000000000e+02 1.350000000000000000e+02 5.450000000000000000e+02 4.430000000000000000e+02 8.330000000000000000e+02 2.210000000000000000e+02
4.290000000000000000e+02 2.200000000000000000e+02 4.080000000000000000e+02 2.500000000000000000e+02 2.340000000000000000e+02 3.910000000000000000e+02 6.430000000000000000e+02 3.620000000000000000e+02 4.410000000000000000e+02 3.930000000000000000e+02 3.580000000000000000e+02 8.670000000000000000e+02 1.120000000000000000e+02 5.080000000000000000e+02 6.310000000000000000e+02 8.030000000000000000e+02 3.320000000000000000e+02 6.000000000000000000e+02 4.590000000000000000e+02 2.230000000000000000e+02
8.950000000000000000e+02 6.650000000000000000e+02 7.230000000000000000e+02 7.830000000000000000e+02 8.930000000000000000e+02 2.260000000000000000e+02 4.740000000000000000e+02 7.720000000000000000e+02 6.210000000000000000e+02 4.690000000000000000e+02 7.420000000000000000e+02 5.070000000000000000e+02 4.950000000000000000e+02 6.180000000000000000e+02 5.330000000000000000e+02 3.310000000000000000e+02 6.050000000000000000e+02 9.300000000000000000e+01 7.660000000000000000e+02 2.600000000000000000e+01
