1.543000000000000000e+03 5.402000000000000000e+03 3.864000000000000000e+03 1.688000000000000000e+03 6.123000000000000000e+03
1.530000000000000000e+02 5.427000000000000000e+03 2.533000000000000000e+03 5.783000000000000000e+03 2.168000000000000000e+03
1.023000000000000000e+03 3.197000000000000000e+03 5.724000000000000000e+03 4.538000000000000000e+03 1.057000000000000000e+03
8.950000000000000000e+02 1.320000000000000000e+03 4.172000000000000000e+03 5.088000000000000000e+03 5.708000000000000000e+03
1.656000000000000000e+03 7.035000000000000000e+03 4.002000000000000000e+03 6.962000000000000000e+03 4.443000000000000000e+03
9.780000000000000000e+02 4.954000000000000000e+03 4.282000000000000000e+03 2.311000000000000000e+03 6.171000000000000000e+03
9.820000000000000000e+02 3.702000000000000000e+03 5.582000000000000000e+03 4.390000000000000000e+03 2.122000000000000000e+03
7.032000000000000000e+03 2.428000000000000000e+03 4.250000000000000000e+03 3.816000000000000000e+03 1.732000000000000000e+03
2.390000000000000000e+02 7.013000000000000000e+03 5.238000000000000000e+03 2.569000000000000000e+03 3.149000000000000000e+03
4.525000000000000000e+03 4.144000000000000000e+03 4.208000000000000000e+03 5.375000000000000000e+03 3.314000000000000000e+03
6.158000000000000000e+03 4.184000000000000000e+03 3.180000000000000000e+03 5.473000000000000000e+03 2.075000000000000000e+03
2.637000000000000000e+03 6.910000000000000000e+03 6.604000000000000000e+03 4.570000000000000000e+03 8.140000000000000000e+02
4.860000000000000000e+02 2.245000000000000000e+03 5.184000000000000000e+03 3.299000000000000000e+03 4.156000000000000000e+03
1.015000000000000000e+03 5.402000000000000000e+03 4.722000000000000000e+03 4.937000000000000000e+03 6.123000000000000000e+03
5.675000000000000000e+03 3.600000000000000000e+02 3.107000000000000000e+03 3.090000000000000000e+03 1.645000000000000000e+03
6.944000000000000000e+03 1.430000000000000000e+02 1.097000000000000000e+03 1.145000000000000000e+03 2.730000000000000000e+02
6.439000000000000000e+03 3.633000000000000000e+03 1.547000000000000000e+03 1.611000000000000000e+03 6.596000000000000000e+03
5.773000000000000000e+03 6.010000000000000000e+03 7.073000000000000000e+03 6.628000000000000000e+03 6.197000000000000000e+03
3.085000000000000000e+03 1.790000000000000000e+02 2.270000000000000000e+02 6.169000000000000000e+03 4.703000000000000000e+03
3.759000000000000000e+03 1.043000000000000000e+03 4.598000000000000000e+03 8.600000000000000000e+01 1.920000000000000000e+02
5.938000000000000000e+03 9.330000000000000000e+02 1.101000000000000000e+03 7.025000000000000000e+03 3.383000000000000000e+03
2.938000000000000000e+03 2.732000000000000000e+03 1.760000000000000000e+03 3.483000000000000000e+03 6.941000000000000000e+03
1.404000000000000000e+03 6.748000000000000000e+03 2.911000000000000000e+03 5.990000000000000000e+02 2.664000000000000000e+03
6.667000000000000000e+03 9.630000000000000000e+02 1.570000000000000000e+03 6.912000000000000000e+03 4.369000000000000000e+03
3.384000000000000000e+03 2.781000000000000000e+03 7.014000000000000000e+03 1.996000000000000000e+03 1.073000000000000000e+03
1.880000000000000000e+03 1.638000000000000000e+03 7.300000000000000000e+02 6.826000000000000000e+03 2.729000000000000000e+03
3.862000000000000000e+03 5.312000000000000000e+03 6.170000000000000000e+03 6.419000000000000000e+03 6.694000000000000000e+03
2.540000000000000000e+03 3.934000000000000000e+03 4.759000000000000000e+03 1.920000000000000000e+03 7.050000000000000000e+03
1.267000000000000000e+03 4.931000000000000000e+03 5.227000000000000000e+03 5.257000000000000000e+03 4.939000000000000000e+03
2.567000000000000000e+03 2.687000000000000000e+03 5.650000000000000000e+02 3.048000000000000000e+03 4.406000000000000000e+03
5.292000000000000000e+03 2.388000000000000000e+03 3.029000000000000000e+03 1.199000000000000000e+03 5.190000000000000000e+02
4.635000000000000000e+03 3.277000000000000000e+03 4.180000000000000000e+03 4.929000000000000000e+03 6.875000000000000000e+03
3.147000000000000000e+03 3.389000000000000000e+03 4.074000000000000000e+03 1.630000000000000000e+03 5.758000000000000000e+03
6.255000000000000000e+03 1.687000000000000000e+03 5.284000000000000000e+03 1.223000000000000000e+03 1.496000000000000000e+03
4.879000000000000000e+03 2.427000000000000000e+03 4.449000000000000000e+03 6.703000000000000000e+03 6.301000000000000000e+03
6.790000000000000000e+03 3.806000000000000000e+03 5.865000000000000000e+03 2.587000000000000000e+03 5.735000000000000000e+03
1.503000000000000000e+03 6.755000000000000000e+03 2.359000000000000000e+03 4.006000000000000000e+03 1.720000000000000000e+02
3.814000000000000000e+03 5.852000000000000000e+03 1.926000000000000000e+03 4.191000000000000000e+03 4.128000000000000000e+03
4.821000000000000000e+03 6.101000000000000000e+03 3.117000000000000000e+03 2.527000000000000000e+03 5.129000000000000000e+03
2.810000000000000000e+03 5.780000000000000000e+02 6.885000000000000000e+03 5.219000000000000000e+03 1.326000000000000000e+03
3.178000000000000000e+03 3.925000000000000000e+03 4.540000000000000000e+02 5.371000000000000000e+03 3.290000000000000000e+02
1.577000000000000000e+03 6.116000000000000000e+03 6.561000000000000000e+03 7.770000000000000000e+02 6.344000000000000000e+03
3.528000000000000000e+03 4.311000000000000000e+03 6.963000000000000000e+03 3.300000000000000000e+02 2.661000000000000000e+03
2.056000000000000000e+03 6.785000000000000000e+03 2.162000000000000000e+03 4.750000000000000000e+02 6.515000000000000000e+03
5.264000000000000000e+03 4.240000000000000000e+03 5.477000000000000000e+03 3.240000000000000000e+02 1.105000000000000000e+03
4.883000000000000000e+03 1.973000000000000000e+03 6.283000000000000000e+03 2.725000000000000000e+03 5.080000000000000000e+03
1.777000000000000000e+03 3.500000000000000000e+02 5.530000000000000000e+03 4.864000000000000000e+03 6.074000000000000000e+03
4.411000000000000000e+03 5.276000000000000000e+03 4.345000000000000000e+03 1.640000000000000000e+03 1.585000000000000000e+03
2.729000000000000000e+03 1.638000000000000000e+03 6.620000000000000000e+03 7.300000000000000000e+02 2.684000000000000000e+03
4.118000000000000000e+03 3.321000000000000000e+03 2.807000000000000000e+03 6.815000000000000000e+03 2.701000000000000000e+03
3.080000000000000000e+02 3.254000000000000000e+03 2.069000000000000000e+03 3.480000000000000000e+02 4.825000000000000000e+03
4.239000000000000000e+03 1.471000000000000000e+03 6.088000000000000000e+03 5.962000000000000000e+03 2.765000000000000000e+03
7.008000000000000000e+03 2.556000000000000000e+03 1.603000000000000000e+03 5.826000000000000000e+03 3.510000000000000000e+02
2.330000000000000000e+02 3.477000000000000000e+03 2.945000000000000000e+03 5.150000000000000000e+03 4.933000000000000000e+03
1.433000000000000000e+03 5.428000000000000000e+03 3.590000000000000000e+02 1.183000000000000000e+03 5.483000000000000000e+03
3.160000000000000000e+03 5.604000000000000000e+03 6.267000000000000000e+03 5.134000000000000000e+03 5.310000000000000000e+03
3.247000000000000000e+03 5.560000000000000000e+03 3.446000000000000000e+03 6.812000000000000000e+03 5.802000000000000000e+03
4.267000000000000000e+03 3.769000000000000000e+03 4.395000000000000000e+03 2.233000000000000000e+03 1.310000000000000000e+02
6.344000000000000000e+03 6.116000000000000000e+03 7.770000000000000000e+02 1.577000000000000000e+03 5.036000000000000000e+03
6.956000000000000000e+03 2.426000000000000000e+03 2.018000000000000000e+03 6.948000000000000000e+03 7.080000000000000000e+02
1.614000000000000000e+03 1.974000000000000000e+03 4.349000000000000000e+03 6.345000000000000000e+03 3.790000000000000000e+03
2.698000000000000000e+03 8.630000000000000000e+02 3.432000000000000000e+03 6.708000000000000000e+03 1.090000000000000000e+03
5.010000000000000000e+02 4.950000000000000000e+03 8.740000000000000000e+02 2.725000000000000000e+03 2.071000000000000000e+03
5.812000000000000000e+03 3.709000000000000000e+03 2.746000000000000000e+03 4.859000000000000000e+03 7.160000000000000000e+02
3.374000000000000000e+03 2.410000000000000000e+02 1.470000000000000000e+03 2.736000000000000000e+03 6.571000000000000000e+03
4.328000000000000000e+03 5.912000000000000000e+03 2.980000000000000000e+02 1.189000000000000000e+03 3.923000000000000000e+03
5.974000000000000000e+03 6.244000000000000000e+03 4.480000000000000000e+02 6.300000000000000000e+02 4.350000000000000000e+02
3.467000000000000000e+03 2.158000000000000000e+03 1.775000000000000000e+03 5.645000000000000000e+03 4.498000000000000000e+03
2.738000000000000000e+03 4.546000000000000000e+03 1.580000000000000000e+02 3.153000000000000000e+03 2.052000000000000000e+03
6.101000000000000000e+03 4.821000000000000000e+03 2.527000000000000000e+03 3.177000000000000000e+03 2.250000000000000000e+02
2.134000000000000000e+03 4.947000000000000000e+03 6.164000000000000000e+03 9.260000000000000000e+02 5.262000000000000000e+03
3.837000000000000000e+03 7.780000000000000000e+02 7.067000000000000000e+03 3.340000000000000000e+03 4.342000000000000000e+03
