1.688000000000000000e+03
2.533000000000000000e+03
3.197000000000000000e+03
5.708000000000000000e+03
7.035000000000000000e+03
6.171000000000000000e+03
2.122000000000000000e+03
7.032000000000000000e+03
5.238000000000000000e+03
4.208000000000000000e+03
6.158000000000000000e+03
2.637000000000000000e+03
4.860000000000000000e+02
1.015000000000000000e+03
5.675000000000000000e+03
1.097000000000000000e+03
1.611000000000000000e+03
6.010000000000000000e+03
1.790000000000000000e+02
4.598000000000000000e+03
5.938000000000000000e+03
2.938000000000000000e+03
6.748000000000000000e+03
6.667000000000000000e+03
2.781000000000000000e+03
1.638000000000000000e+03
6.419000000000000000e+03
1.920000000000000000e+03
5.257000000000000000e+03
4.406000000000000000e+03
1.199000000000000000e+03
4.180000000000000000e+03
5.758000000000000000e+03
5.284000000000000000e+03
6.703000000000000000e+03
2.587000000000000000e+03
6.755000000000000000e+03
4.128000000000000000e+03
6.101000000000000000e+03
5.219000000000000000e+03
3.178000000000000000e+03
6.344000000000000000e+03
3.528000000000000000e+03
6.515000000000000000e+03
3.240000000000000000e+02
6.283000000000000000e+03
1.777000000000000000e+03
5.276000000000000000e+03
2.684000000000000000e+03
3.321000000000000000e+03
3.080000000000000000e+02
6.088000000000000000e+03
5.826000000000000000e+03
4.933000000000000000e+03
5.483000000000000000e+03
3.160000000000000000e+03
5.802000000000000000e+03
3.769000000000000000e+03
7.770000000000000000e+02
2.018000000000000000e+03
4.349000000000000000e+03
2.698000000000000000e+03
5.010000000000000000e+02
7.160000000000000000e+02
1.470000000000000000e+03
4.328000000000000000e+03
6.244000000000000000e+03
1.775000000000000000e+03
3.153000000000000000e+03
4.821000000000000000e+03
6.164000000000000000e+03
3.340000000000000000e+03
