7.310000000000000000e+02 4.937000000000000000e+03 7.041000000000000000e+03 6.123000000000000000e+03 6.948000000000000000e+03 5.402000000000000000e+03 6.317000000000000000e+03 4.189000000000000000e+03 1.188000000000000000e+03 7.460000000000000000e+02 2.426000000000000000e+03 1.015000000000000000e+03 2.967000000000000000e+03 1.688000000000000000e+03 1.543000000000000000e+03 6.078000000000000000e+03 1.938000000000000000e+03 3.864000000000000000e+03 2.022000000000000000e+03 4.722000000000000000e+03
2.168000000000000000e+03 5.179000000000000000e+03 5.387000000000000000e+03 4.380000000000000000e+02 2.716000000000000000e+03 6.354000000000000000e+03 2.470000000000000000e+03 6.939000000000000000e+03 5.206000000000000000e+03 2.533000000000000000e+03 5.398000000000000000e+03 1.417000000000000000e+03 3.469000000000000000e+03 5.427000000000000000e+03 5.783000000000000000e+03 4.657000000000000000e+03 6.361000000000000000e+03 7.087000000000000000e+03 1.530000000000000000e+02 2.839000000000000000e+03
3.424000000000000000e+03 1.505000000000000000e+03 3.197000000000000000e+03 1.023000000000000000e+03 5.724000000000000000e+03 4.441000000000000000e+03 4.332000000000000000e+03 4.536000000000000000e+03 3.074000000000000000e+03 4.105000000000000000e+03 3.091000000000000000e+03 1.380000000000000000e+02 1.057000000000000000e+03 2.954000000000000000e+03 1.911000000000000000e+03 4.904000000000000000e+03 4.538000000000000000e+03 8.200000000000000000e+01 9.840000000000000000e+02 2.977000000000000000e+03
6.430000000000000000e+03 1.051000000000000000e+03 6.658000000000000000e+03 2.109000000000000000e+03 3.256000000000000000e+03 6.738000000000000000e+03 6.303000000000000000e+03 5.708000000000000000e+03 5.430000000000000000e+02 1.320000000000000000e+03 4.172000000000000000e+03 6.847000000000000000e+03 4.897000000000000000e+03 8.950000000000000000e+02 5.088000000000000000e+03 4.063000000000000000e+03 1.395000000000000000e+03 5.574000000000000000e+03 5.429000000000000000e+03 2.565000000000000000e+03
2.407000000000000000e+03 5.762000000000000000e+03 4.381000000000000000e+03 6.423000000000000000e+03 7.660000000000000000e+02 3.731000000000000000e+03 2.903000000000000000e+03 1.656000000000000000e+03 2.806000000000000000e+03 5.380000000000000000e+03 4.002000000000000000e+03 2.958000000000000000e+03 4.613000000000000000e+03 3.539000000000000000e+03 6.321000000000000000e+03 1.500000000000000000e+01 6.962000000000000000e+03 6.175000000000000000e+03 7.035000000000000000e+03 4.443000000000000000e+03
6.613000000000000000e+03 2.816000000000000000e+03 4.822000000000000000e+03 1.281000000000000000e+03 9.780000000000000000e+02 1.009000000000000000e+03 3.620000000000000000e+03 4.282000000000000000e+03 4.954000000000000000e+03 4.945000000000000000e+03 6.934000000000000000e+03 2.230000000000000000e+03 6.171000000000000000e+03 7.250000000000000000e+02 1.482000000000000000e+03 2.311000000000000000e+03 5.203000000000000000e+03 5.670000000000000000e+03 5.051000000000000000e+03 8.370000000000000000e+02
3.683000000000000000e+03 3.455000000000000000e+03 5.582000000000000000e+03 3.347000000000000000e+03 6.811000000000000000e+03 2.723000000000000000e+03 9.820000000000000000e+02 7.510000000000000000e+02 1.428000000000000000e+03 2.122000000000000000e+03 8.900000000000000000e+01 4.390000000000000000e+03 3.606000000000000000e+03 3.048000000000000000e+03 3.423000000000000000e+03 3.785000000000000000e+03 1.294000000000000000e+03 6.234000000000000000e+03 5.481000000000000000e+03 3.702000000000000000e+03
7.032000000000000000e+03 5.553000000000000000e+03 6.244000000000000000e+03 6.110000000000000000e+03 6.324000000000000000e+03 5.295000000000000000e+03 1.732000000000000000e+03 5.906000000000000000e+03 4.250000000000000000e+03 3.766000000000000000e+03 2.428000000000000000e+03 3.524000000000000000e+03 3.986000000000000000e+03 8.010000000000000000e+02 4.027000000000000000e+03 4.679000000000000000e+03 5.356000000000000000e+03 6.294000000000000000e+03 3.816000000000000000e+03 4.861000000000000000e+03
6.730000000000000000e+02 8.080000000000000000e+02 5.238000000000000000e+03 1.110000000000000000e+02 2.915000000000000000e+03 7.013000000000000000e+03 4.095000000000000000e+03 2.110000000000000000e+02 2.693000000000000000e+03 7.710000000000000000e+02 5.202000000000000000e+03 3.149000000000000000e+03 2.390000000000000000e+02 1.071000000000000000e+03 2.369000000000000000e+03 4.588000000000000000e+03 2.569000000000000000e+03 6.626000000000000000e+03 2.570000000000000000e+02 6.973000000000000000e+03
7.230000000000000000e+02 3.976000000000000000e+03 3.206000000000000000e+03 4.662000000000000000e+03 8.610000000000000000e+02 4.208000000000000000e+03 4.760000000000000000e+02 4.525000000000000000e+03 2.202000000000000000e+03 2.151000000000000000e+03 2.493000000000000000e+03 3.314000000000000000e+03 6.635000000000000000e+03 4.144000000000000000e+03 3.300000000000000000e+02 1.852000000000000000e+03 4.086000000000000000e+03 5.375000000000000000e+03 3.239000000000000000e+03 3.494000000000000000e+03
3.180000000000000000e+03 4.184000000000000000e+03 6.162000000000000000e+03 5.473000000000000000e+03 4.438000000000000000e+03 1.905000000000000000e+03 5.188000000000000000e+03 2.561000000000000000e+03 5.959000000000000000e+03 3.713000000000000000e+03 5.102000000000000000e+03 3.028000000000000000e+03 1.060000000000000000e+02 6.004000000000000000e+03 4.260000000000000000e+02 2.075000000000000000e+03 6.158000000000000000e+03 5.677000000000000000e+03 2.363000000000000000e+03 5.945000000000000000e+03
5.946000000000000000e+03 6.606000000000000000e+03 1.508000000000000000e+03 2.637000000000000000e+03 2.420000000000000000e+02 4.630000000000000000e+02 4.570000000000000000e+03 6.211000000000000000e+03 2.831000000000000000e+03 6.910000000000000000e+03 6.604000000000000000e+03 6.605000000000000000e+03 6.489000000000000000e+03 5.867000000000000000e+03 2.409000000000000000e+03 8.140000000000000000e+02 1.112000000000000000e+03 8.660000000000000000e+02 3.870000000000000000e+02 7.039000000000000000e+03
1.785000000000000000e+03 3.070000000000000000e+02 4.752000000000000000e+03 1.300000000000000000e+02 5.184000000000000000e+03 4.860000000000000000e+02 4.156000000000000000e+03 2.488000000000000000e+03 3.650000000000000000e+03 1.040000000000000000e+02 3.299000000000000000e+03 2.245000000000000000e+03 2.854000000000000000e+03 5.695000000000000000e+03 1.292000000000000000e+03 4.459000000000000000e+03 2.319000000000000000e+03 2.348000000000000000e+03 6.670000000000000000e+02 2.607000000000000000e+03
4.937000000000000000e+03 6.880000000000000000e+03 4.658000000000000000e+03 5.402000000000000000e+03 1.688000000000000000e+03 1.188000000000000000e+03 6.123000000000000000e+03 1.543000000000000000e+03 6.317000000000000000e+03 9.030000000000000000e+02 7.310000000000000000e+02 3.864000000000000000e+03 2.264000000000000000e+03 4.722000000000000000e+03 1.015000000000000000e+03 4.189000000000000000e+03 6.078000000000000000e+03 5.409000000000000000e+03 1.938000000000000000e+03 5.479000000000000000e+03
5.175000000000000000e+03 3.107000000000000000e+03 2.128000000000000000e+03 3.090000000000000000e+03 3.284000000000000000e+03 2.509000000000000000e+03 5.675000000000000000e+03 1.309000000000000000e+03 3.600000000000000000e+02 3.024000000000000000e+03 5.940000000000000000e+03 4.844000000000000000e+03 4.574000000000000000e+03 1.371000000000000000e+03 2.905000000000000000e+03 5.081000000000000000e+03 5.824000000000000000e+03 1.645000000000000000e+03 4.746000000000000000e+03 5.340000000000000000e+02
5.982000000000000000e+03 4.307000000000000000e+03 6.900000000000000000e+01 4.176000000000000000e+03 1.097000000000000000e+03 5.271000000000000000e+03 1.145000000000000000e+03 6.944000000000000000e+03 1.166000000000000000e+03 1.430000000000000000e+02 3.930000000000000000e+02 4.090000000000000000e+03 2.034000000000000000e+03 2.926000000000000000e+03 3.373000000000000000e+03 2.800000000000000000e+03 4.262000000000000000e+03 1.342000000000000000e+03 2.730000000000000000e+02 3.557000000000000000e+03
6.599000000000000000e+03 1.547000000000000000e+03 6.278000000000000000e+03 1.611000000000000000e+03 6.964000000000000000e+03 3.633000000000000000e+03 3.688000000000000000e+03 5.995000000000000000e+03 3.110000000000000000e+03 7.990000000000000000e+02 8.750000000000000000e+02 6.596000000000000000e+03 1.822000000000000000e+03 3.040000000000000000e+02 5.737000000000000000e+03 4.504000000000000000e+03 4.442000000000000000e+03 6.439000000000000000e+03 2.602000000000000000e+03 4.789000000000000000e+03
4.533000000000000000e+03 9.210000000000000000e+02 6.628000000000000000e+03 3.356000000000000000e+03 1.253000000000000000e+03 5.773000000000000000e+03 2.406000000000000000e+03 2.858000000000000000e+03 2.900000000000000000e+03 6.023000000000000000e+03 7.073000000000000000e+03 6.197000000000000000e+03 6.010000000000000000e+03 4.233000000000000000e+03 4.622000000000000000e+03 1.024000000000000000e+03 1.433000000000000000e+03 6.145000000000000000e+03 3.970000000000000000e+02 4.600000000000000000e+02
6.169000000000000000e+03 4.703000000000000000e+03 2.821000000000000000e+03 1.849000000000000000e+03 3.085000000000000000e+03 5.159000000000000000e+03 1.790000000000000000e+02 3.840000000000000000e+03 7.069000000000000000e+03 1.040000000000000000e+02 2.270000000000000000e+02 6.552000000000000000e+03 1.520000000000000000e+02 1.657000000000000000e+03 6.030000000000000000e+03 4.009000000000000000e+03 7.400000000000000000e+01 3.299000000000000000e+03 1.757000000000000000e+03 6.259000000000000000e+03
4.975000000000000000e+03 3.706000000000000000e+03 6.293000000000000000e+03 1.365000000000000000e+03 5.491000000000000000e+03 1.615000000000000000e+03 5.324000000000000000e+03 5.100000000000000000e+03 3.416000000000000000e+03 4.887000000000000000e+03 8.600000000000000000e+01 5.300000000000000000e+03 3.924000000000000000e+03 1.043000000000000000e+03 6.152000000000000000e+03 4.598000000000000000e+03 3.759000000000000000e+03 4.900000000000000000e+01 4.359000000000000000e+03 1.920000000000000000e+02
7.025000000000000000e+03 6.200000000000000000e+01 4.017000000000000000e+03 1.435000000000000000e+03 6.761000000000000000e+03 2.271000000000000000e+03 4.841000000000000000e+03 2.127000000000000000e+03 9.330000000000000000e+02 1.101000000000000000e+03 5.938000000000000000e+03 1.497000000000000000e+03 1.970000000000000000e+02 1.715000000000000000e+03 3.383000000000000000e+03 5.764000000000000000e+03 4.870000000000000000e+02 6.909000000000000000e+03 3.470000000000000000e+02 4.855000000000000000e+03
1.760000000000000000e+03 2.356000000000000000e+03 3.483000000000000000e+03 4.423000000000000000e+03 2.732000000000000000e+03 2.284000000000000000e+03 2.938000000000000000e+03 5.138000000000000000e+03 6.941000000000000000e+03 1.579000000000000000e+03 1.538000000000000000e+03 5.896000000000000000e+03 5.817000000000000000e+03 1.463000000000000000e+03 2.215000000000000000e+03 9.900000000000000000e+01 2.209000000000000000e+03 6.069000000000000000e+03 1.513000000000000000e+03 2.420000000000000000e+03
5.990000000000000000e+02 5.461000000000000000e+03 7.020000000000000000e+02 2.664000000000000000e+03 2.911000000000000000e+03 2.809000000000000000e+03 5.935000000000000000e+03 4.038000000000000000e+03 3.410000000000000000e+03 5.470000000000000000e+02 5.466000000000000000e+03 3.586000000000000000e+03 1.404000000000000000e+03 4.305000000000000000e+03 5.663000000000000000e+03 6.748000000000000000e+03 1.130000000000000000e+02 1.975000000000000000e+03 1.885000000000000000e+03 5.335000000000000000e+03
1.570000000000000000e+03 4.369000000000000000e+03 5.264000000000000000e+03 6.667000000000000000e+03 1.736000000000000000e+03 5.392000000000000000e+03 3.718000000000000000e+03 6.506000000000000000e+03 1.578000000000000000e+03 1.209000000000000000e+03 4.876000000000000000e+03 6.632000000000000000e+03 4.892000000000000000e+03 4.479000000000000000e+03 6.585000000000000000e+03 9.630000000000000000e+02 1.319000000000000000e+03 3.240000000000000000e+02 6.912000000000000000e+03 5.477000000000000000e+03
1.740000000000000000e+03 7.014000000000000000e+03 6.234000000000000000e+03 9.820000000000000000e+02 3.846000000000000000e+03 9.400000000000000000e+02 3.702000000000000000e+03 5.110000000000000000e+03 3.836000000000000000e+03 1.996000000000000000e+03 4.365000000000000000e+03 2.781000000000000000e+03 3.347000000000000000e+03 3.384000000000000000e+03 2.122000000000000000e+03 1.073000000000000000e+03 3.785000000000000000e+03 1.180000000000000000e+03 3.452000000000000000e+03 3.949000000000000000e+03
1.638000000000000000e+03 3.214000000000000000e+03 1.464000000000000000e+03 1.245000000000000000e+03 7.300000000000000000e+02 4.523000000000000000e+03 6.840000000000000000e+03 5.309000000000000000e+03 6.192000000000000000e+03 4.990000000000000000e+03 2.684000000000000000e+03 2.729000000000000000e+03 2.611000000000000000e+03 6.826000000000000000e+03 1.880000000000000000e+03 6.070000000000000000e+02 1.550000000000000000e+03 1.541000000000000000e+03 7.290000000000000000e+02 3.535000000000000000e+03
6.170000000000000000e+03 6.165000000000000000e+03 4.193000000000000000e+03 4.102000000000000000e+03 3.609000000000000000e+03 5.869000000000000000e+03 2.856000000000000000e+03 2.993000000000000000e+03 6.419000000000000000e+03 1.840000000000000000e+02 2.326000000000000000e+03 1.769000000000000000e+03 2.930000000000000000e+03 4.160000000000000000e+02 3.157000000000000000e+03 3.862000000000000000e+03 6.694000000000000000e+03 1.643000000000000000e+03 1.115000000000000000e+03 5.312000000000000000e+03
6.578000000000000000e+03 1.736000000000000000e+03 1.460000000000000000e+02 2.540000000000000000e+03 1.920000000000000000e+03 3.309000000000000000e+03 7.050000000000000000e+03 2.711000000000000000e+03 3.835000000000000000e+03 4.230000000000000000e+02 5.989000000000000000e+03 3.934000000000000000e+03 1.405000000000000000e+03 5.392000000000000000e+03 2.780000000000000000e+02 5.087000000000000000e+03 8.970000000000000000e+02 4.759000000000000000e+03 5.780000000000000000e+03 2.001000000000000000e+03
4.823000000000000000e+03 4.087000000000000000e+03 7.810000000000000000e+02 1.267000000000000000e+03 3.430000000000000000e+03 4.939000000000000000e+03 2.512000000000000000e+03 5.257000000000000000e+03 1.652000000000000000e+03 7.680000000000000000e+02 4.215000000000000000e+03 1.551000000000000000e+03 5.825000000000000000e+03 2.225000000000000000e+03 5.227000000000000000e+03 2.010000000000000000e+03 2.490000000000000000e+03 5.399000000000000000e+03 2.319000000000000000e+03 4.931000000000000000e+03
3.452000000000000000e+03 3.455000000000000000e+03 3.949000000000000000e+03 2.567000000000000000e+03 1.294000000000000000e+03 6.079000000000000000e+03 7.510000000000000000e+02 2.687000000000000000e+03 5.222000000000000000e+03 2.429000000000000000e+03 4.406000000000000000e+03 5.650000000000000000e+02 3.130000000000000000e+03 2.013000000000000000e+03 3.663000000000000000e+03 6.752000000000000000e+03 2.122000000000000000e+03 5.286000000000000000e+03 3.048000000000000000e+03 2.966000000000000000e+03
3.530000000000000000e+03 1.672000000000000000e+03 5.760000000000000000e+03 5.752000000000000000e+03 5.292000000000000000e+03 3.896000000000000000e+03 1.121000000000000000e+03 3.560000000000000000e+02 3.029000000000000000e+03 2.388000000000000000e+03 2.539000000000000000e+03 5.653000000000000000e+03 2.500000000000000000e+01 4.741000000000000000e+03 9.660000000000000000e+02 5.034000000000000000e+03 1.675000000000000000e+03 5.920000000000000000e+03 5.190000000000000000e+02 1.199000000000000000e+03
5.884000000000000000e+03 3.075000000000000000e+03 4.635000000000000000e+03 3.277000000000000000e+03 6.559000000000000000e+03 3.555000000000000000e+03 1.860000000000000000e+03 5.607000000000000000e+03 6.894000000000000000e+03 2.344000000000000000e+03 4.929000000000000000e+03 6.340000000000000000e+03 2.253000000000000000e+03 4.994000000000000000e+03 4.180000000000000000e+03 4.867000000000000000e+03 3.573000000000000000e+03 5.682000000000000000e+03 6.875000000000000000e+03 5.965000000000000000e+03
8.660000000000000000e+02 3.147000000000000000e+03 5.758000000000000000e+03 1.760000000000000000e+02 3.861000000000000000e+03 2.364000000000000000e+03 5.946000000000000000e+03 1.508000000000000000e+03 4.074000000000000000e+03 4.570000000000000000e+03 3.195000000000000000e+03 2.637000000000000000e+03 1.968000000000000000e+03 3.389000000000000000e+03 8.140000000000000000e+02 6.211000000000000000e+03 1.378000000000000000e+03 1.630000000000000000e+03 5.867000000000000000e+03 1.842000000000000000e+03
5.614000000000000000e+03 5.029000000000000000e+03 3.880000000000000000e+02 6.568000000000000000e+03 5.284000000000000000e+03 2.401000000000000000e+03 5.208000000000000000e+03 6.255000000000000000e+03 6.400000000000000000e+03 4.439000000000000000e+03 1.587000000000000000e+03 1.496000000000000000e+03 5.534000000000000000e+03 4.815000000000000000e+03 1.822000000000000000e+03 1.687000000000000000e+03 1.223000000000000000e+03 6.599000000000000000e+03 5.961000000000000000e+03 6.739000000000000000e+03
6.903000000000000000e+03 2.427000000000000000e+03 4.879000000000000000e+03 1.737000000000000000e+03 2.825000000000000000e+03 4.449000000000000000e+03 5.895000000000000000e+03 5.910000000000000000e+02 6.703000000000000000e+03 4.003000000000000000e+03 2.974000000000000000e+03 7.009000000000000000e+03 4.736000000000000000e+03 1.696000000000000000e+03 9.530000000000000000e+02 6.301000000000000000e+03 2.660000000000000000e+02 1.140000000000000000e+02 4.179000000000000000e+03 6.853000000000000000e+03
3.446000000000000000e+03 2.987000000000000000e+03 1.950000000000000000e+03 5.980000000000000000e+03 4.723000000000000000e+03 5.865000000000000000e+03 2.891000000000000000e+03 6.765000000000000000e+03 2.066000000000000000e+03 5.735000000000000000e+03 3.806000000000000000e+03 2.089000000000000000e+03 7.074000000000000000e+03 2.418000000000000000e+03 6.790000000000000000e+03 5.856000000000000000e+03 2.587000000000000000e+03 4.960000000000000000e+02 4.580000000000000000e+02 2.562000000000000000e+03
1.196000000000000000e+03 5.188000000000000000e+03 2.642000000000000000e+03 6.755000000000000000e+03 7.072000000000000000e+03 2.576000000000000000e+03 4.361000000000000000e+03 1.503000000000000000e+03 1.720000000000000000e+02 7.063000000000000000e+03 5.677000000000000000e+03 2.680000000000000000e+03 5.670000000000000000e+02 3.018000000000000000e+03 3.567000000000000000e+03 5.492000000000000000e+03 4.006000000000000000e+03 2.359000000000000000e+03 8.360000000000000000e+02 2.683000000000000000e+03
1.926000000000000000e+03 3.773000000000000000e+03 2.960000000000000000e+03 5.035000000000000000e+03 4.191000000000000000e+03 4.128000000000000000e+03 4.947000000000000000e+03 5.852000000000000000e+03 6.164000000000000000e+03 7.900000000000000000e+02 3.712000000000000000e+03 3.758000000000000000e+03 6.307000000000000000e+03 3.814000000000000000e+03 1.490000000000000000e+03 6.432000000000000000e+03 9.260000000000000000e+02 5.822000000000000000e+03 5.262000000000000000e+03 1.768000000000000000e+03
6.101000000000000000e+03 2.527000000000000000e+03 5.648000000000000000e+03 1.489000000000000000e+03 3.120000000000000000e+02 1.836000000000000000e+03 1.492000000000000000e+03 3.030000000000000000e+02 3.117000000000000000e+03 1.369000000000000000e+03 2.250000000000000000e+02 5.410000000000000000e+02 4.821000000000000000e+03 3.490000000000000000e+02 3.177000000000000000e+03 5.495000000000000000e+03 3.431000000000000000e+03 5.129000000000000000e+03 4.995000000000000000e+03 6.586000000000000000e+03
1.326000000000000000e+03 4.786000000000000000e+03 1.288000000000000000e+03 1.888000000000000000e+03 5.219000000000000000e+03 1.690000000000000000e+02 2.435000000000000000e+03 3.516000000000000000e+03 5.780000000000000000e+02 9.900000000000000000e+02 9.550000000000000000e+02 2.810000000000000000e+03 4.962000000000000000e+03 2.658000000000000000e+03 2.504000000000000000e+03 1.733000000000000000e+03 6.885000000000000000e+03 5.761000000000000000e+03 6.545000000000000000e+03 1.198000000000000000e+03
3.141000000000000000e+03 1.000000000000000000e+00 5.591000000000000000e+03 5.202000000000000000e+03 3.925000000000000000e+03 2.110000000000000000e+02 4.540000000000000000e+02 4.588000000000000000e+03 2.812000000000000000e+03 6.868000000000000000e+03 5.300000000000000000e+01 3.132000000000000000e+03 4.054000000000000000e+03 4.627000000000000000e+03 3.178000000000000000e+03 6.730000000000000000e+02 5.371000000000000000e+03 1.247000000000000000e+03 6.544000000000000000e+03 3.290000000000000000e+02
6.060000000000000000e+03 2.293000000000000000e+03 3.497000000000000000e+03 6.668000000000000000e+03 6.561000000000000000e+03 2.647000000000000000e+03 4.746000000000000000e+03 1.273000000000000000e+03 6.116000000000000000e+03 5.036000000000000000e+03 2.096000000000000000e+03 5.590000000000000000e+02 1.216000000000000000e+03 4.133000000000000000e+03 5.162000000000000000e+03 3.746000000000000000e+03 6.147000000000000000e+03 7.770000000000000000e+02 6.344000000000000000e+03 1.577000000000000000e+03
3.627000000000000000e+03 6.963000000000000000e+03 4.090000000000000000e+02 3.244000000000000000e+03 2.681000000000000000e+03 3.745000000000000000e+03 2.661000000000000000e+03 2.151000000000000000e+03 1.361000000000000000e+03 4.662000000000000000e+03 3.528000000000000000e+03 1.852000000000000000e+03 4.311000000000000000e+03 3.300000000000000000e+02 7.230000000000000000e+02 1.731000000000000000e+03 4.086000000000000000e+03 3.222000000000000000e+03 4.760000000000000000e+02 5.931000000000000000e+03
4.750000000000000000e+02 1.544000000000000000e+03 5.029000000000000000e+03 4.830000000000000000e+02 3.810000000000000000e+02 2.864000000000000000e+03 8.420000000000000000e+02 6.515000000000000000e+03 3.685000000000000000e+03 2.162000000000000000e+03 6.537000000000000000e+03 3.020000000000000000e+03 2.600000000000000000e+01 1.723000000000000000e+03 3.512000000000000000e+03 6.785000000000000000e+03 4.745000000000000000e+03 6.921000000000000000e+03 2.056000000000000000e+03 4.895000000000000000e+03
4.390000000000000000e+02 1.206000000000000000e+03 3.063000000000000000e+03 6.730000000000000000e+03 1.518000000000000000e+03 4.788000000000000000e+03 2.296000000000000000e+03 5.264000000000000000e+03 9.090000000000000000e+02 1.105000000000000000e+03 6.632000000000000000e+03 4.246000000000000000e+03 6.715000000000000000e+03 4.240000000000000000e+03 3.240000000000000000e+02 4.596000000000000000e+03 1.835000000000000000e+03 3.390000000000000000e+03 5.477000000000000000e+03 3.427000000000000000e+03
8.230000000000000000e+02 5.080000000000000000e+03 1.118000000000000000e+03 8.740000000000000000e+02 6.283000000000000000e+03 1.973000000000000000e+03 2.744000000000000000e+03 2.358000000000000000e+03 2.725000000000000000e+03 7.130000000000000000e+02 2.071000000000000000e+03 3.998000000000000000e+03 3.940000000000000000e+02 4.890000000000000000e+02 4.061000000000000000e+03 2.059000000000000000e+03 6.013000000000000000e+03 4.883000000000000000e+03 5.948000000000000000e+03 3.700000000000000000e+01
5.530000000000000000e+03 4.885000000000000000e+03 4.981000000000000000e+03 9.800000000000000000e+02 2.646000000000000000e+03 4.864000000000000000e+03 1.777000000000000000e+03 5.994000000000000000e+03 2.081000000000000000e+03 1.962000000000000000e+03 3.500000000000000000e+02 1.357000000000000000e+03 4.771000000000000000e+03 6.919000000000000000e+03 3.906000000000000000e+03 3.680000000000000000e+03 5.310000000000000000e+02 1.114000000000000000e+03 6.074000000000000000e+03 5.079000000000000000e+03
6.484000000000000000e+03 5.414000000000000000e+03 6.478000000000000000e+03 5.276000000000000000e+03 5.256000000000000000e+03 1.585000000000000000e+03 4.595000000000000000e+03 2.993000000000000000e+03 4.980000000000000000e+03 1.349000000000000000e+03 4.345000000000000000e+03 1.612000000000000000e+03 2.535000000000000000e+03 3.605000000000000000e+03 4.411000000000000000e+03 1.158000000000000000e+03 6.343000000000000000e+03 1.211000000000000000e+03 2.930000000000000000e+03 1.640000000000000000e+03
6.070000000000000000e+02 6.620000000000000000e+03 1.880000000000000000e+03 2.729000000000000000e+03 6.192000000000000000e+03 7.290000000000000000e+02 1.536000000000000000e+03 4.990000000000000000e+03 2.684000000000000000e+03 5.524000000000000000e+03 4.433000000000000000e+03 6.826000000000000000e+03 6.840000000000000000e+03 1.550000000000000000e+03 7.300000000000000000e+02 1.464000000000000000e+03 1.992000000000000000e+03 1.541000000000000000e+03 2.740000000000000000e+03 1.638000000000000000e+03
3.281000000000000000e+03 2.571000000000000000e+03 2.544000000000000000e+03 4.632000000000000000e+03 2.762000000000000000e+03 6.584000000000000000e+03 3.321000000000000000e+03 2.208000000000000000e+03 2.807000000000000000e+03 4.966000000000000000e+03 1.375000000000000000e+03 8.770000000000000000e+02 6.370000000000000000e+02 6.815000000000000000e+03 2.701000000000000000e+03 4.118000000000000000e+03 4.072000000000000000e+03 6.524000000000000000e+03 4.270000000000000000e+03 6.076000000000000000e+03
5.132000000000000000e+03 4.362000000000000000e+03 3.480000000000000000e+02 2.528000000000000000e+03 3.525000000000000000e+03 2.069000000000000000e+03 2.468000000000000000e+03 6.080000000000000000e+02 4.444000000000000000e+03 2.718000000000000000e+03 3.834000000000000000e+03 9.990000000000000000e+02 1.557000000000000000e+03 5.271000000000000000e+03 2.120000000000000000e+02 5.547000000000000000e+03 4.825000000000000000e+03 4.176000000000000000e+03 3.080000000000000000e+02 3.254000000000000000e+03
1.471000000000000000e+03 4.787000000000000000e+03 5.170000000000000000e+03 5.962000000000000000e+03 2.397000000000000000e+03 3.563000000000000000e+03 1.798000000000000000e+03 3.690000000000000000e+03 7.800000000000000000e+02 6.760000000000000000e+02 2.765000000000000000e+03 3.726000000000000000e+03 4.516000000000000000e+03 5.078000000000000000e+03 2.377000000000000000e+03 4.239000000000000000e+03 3.354000000000000000e+03 4.196000000000000000e+03 6.088000000000000000e+03 1.103000000000000000e+03
4.832000000000000000e+03 7.008000000000000000e+03 2.729000000000000000e+03 2.740000000000000000e+03 2.556000000000000000e+03 2.912000000000000000e+03 5.826000000000000000e+03 6.070000000000000000e+02 2.146000000000000000e+03 6.192000000000000000e+03 4.100000000000000000e+01 3.403000000000000000e+03 4.303000000000000000e+03 3.510000000000000000e+02 5.790000000000000000e+02 1.603000000000000000e+03 3.878000000000000000e+03 1.541000000000000000e+03 5.524000000000000000e+03 7.300000000000000000e+02
2.393000000000000000e+03 5.150000000000000000e+03 4.862000000000000000e+03 3.477000000000000000e+03 4.194000000000000000e+03 4.946000000000000000e+03 1.691000000000000000e+03 6.551000000000000000e+03 2.921000000000000000e+03 5.290000000000000000e+03 4.933000000000000000e+03 2.945000000000000000e+03 4.279000000000000000e+03 5.430000000000000000e+03 3.851000000000000000e+03 8.000000000000000000e+01 1.895000000000000000e+03 2.330000000000000000e+02 5.150000000000000000e+02 3.259000000000000000e+03
4.819000000000000000e+03 3.931000000000000000e+03 6.543000000000000000e+03 1.433000000000000000e+03 6.384000000000000000e+03 3.159000000000000000e+03 3.590000000000000000e+02 3.356000000000000000e+03 3.593000000000000000e+03 4.531000000000000000e+03 1.803000000000000000e+03 1.183000000000000000e+03 5.483000000000000000e+03 4.233000000000000000e+03 2.310000000000000000e+02 2.735000000000000000e+03 5.428000000000000000e+03 2.577000000000000000e+03 4.600000000000000000e+02 6.010000000000000000e+03
3.160000000000000000e+03 3.111000000000000000e+03 2.833000000000000000e+03 2.294000000000000000e+03 6.240000000000000000e+02 2.748000000000000000e+03 4.882000000000000000e+03 3.271000000000000000e+03 4.651000000000000000e+03 3.940000000000000000e+03 5.604000000000000000e+03 5.310000000000000000e+03 6.389000000000000000e+03 3.602000000000000000e+03 6.267000000000000000e+03 1.900000000000000000e+02 2.830000000000000000e+03 5.134000000000000000e+03 1.318000000000000000e+03 5.834000000000000000e+03
2.418000000000000000e+03 1.620000000000000000e+03 5.275000000000000000e+03 3.639000000000000000e+03 3.446000000000000000e+03 4.580000000000000000e+02 6.812000000000000000e+03 5.880000000000000000e+03 2.341000000000000000e+03 3.408000000000000000e+03 5.856000000000000000e+03 2.761000000000000000e+03 3.247000000000000000e+03 5.802000000000000000e+03 6.290000000000000000e+03 4.600000000000000000e+01 3.806000000000000000e+03 5.560000000000000000e+03 4.723000000000000000e+03 4.418000000000000000e+03
4.267000000000000000e+03 7.700000000000000000e+01 6.332000000000000000e+03 4.395000000000000000e+03 5.793000000000000000e+03 3.769000000000000000e+03 1.416000000000000000e+03 3.904000000000000000e+03 3.328000000000000000e+03 4.583000000000000000e+03 4.136000000000000000e+03 2.233000000000000000e+03 3.699000000000000000e+03 3.164000000000000000e+03 6.224000000000000000e+03 2.612000000000000000e+03 8.490000000000000000e+02 1.310000000000000000e+02 2.400000000000000000e+02 3.333000000000000000e+03
2.647000000000000000e+03 6.116000000000000000e+03 5.175000000000000000e+03 3.107000000000000000e+03 1.199000000000000000e+03 3.497000000000000000e+03 4.746000000000000000e+03 5.760000000000000000e+03 7.770000000000000000e+02 8.830000000000000000e+02 1.577000000000000000e+03 1.645000000000000000e+03 5.036000000000000000e+03 2.128000000000000000e+03 5.511000000000000000e+03 2.539000000000000000e+03 1.625000000000000000e+03 9.460000000000000000e+02 5.675000000000000000e+03 6.344000000000000000e+03
2.022000000000000000e+03 1.504000000000000000e+03 2.426000000000000000e+03 1.621000000000000000e+03 1.029000000000000000e+03 4.272000000000000000e+03 7.460000000000000000e+02 5.409000000000000000e+03 1.894000000000000000e+03 7.080000000000000000e+02 6.375000000000000000e+03 4.137000000000000000e+03 7.041000000000000000e+03 6.956000000000000000e+03 6.670000000000000000e+03 5.269000000000000000e+03 2.967000000000000000e+03 5.314000000000000000e+03 6.948000000000000000e+03 2.018000000000000000e+03
2.119000000000000000e+03 6.832000000000000000e+03 6.750000000000000000e+02 5.668000000000000000e+03 2.362000000000000000e+03 1.929000000000000000e+03 2.454000000000000000e+03 8.350000000000000000e+02 1.974000000000000000e+03 1.373000000000000000e+03 7.850000000000000000e+02 1.614000000000000000e+03 5.988000000000000000e+03 3.790000000000000000e+03 4.349000000000000000e+03 5.631000000000000000e+03 5.122000000000000000e+03 6.345000000000000000e+03 8.680000000000000000e+02 3.390000000000000000e+02
4.765000000000000000e+03 3.432000000000000000e+03 4.728000000000000000e+03 6.270000000000000000e+03 3.096000000000000000e+03 5.067000000000000000e+03 3.649000000000000000e+03 1.090000000000000000e+03 8.630000000000000000e+02 6.657000000000000000e+03 2.289000000000000000e+03 3.829000000000000000e+03 2.610000000000000000e+03 6.708000000000000000e+03 2.447000000000000000e+03 5.405000000000000000e+03 2.698000000000000000e+03 7.080000000000000000e+03 4.298000000000000000e+03 4.770000000000000000e+03
2.199000000000000000e+03 8.740000000000000000e+02 5.047000000000000000e+03 8.040000000000000000e+02 5.010000000000000000e+02 9.890000000000000000e+02 4.950000000000000000e+03 3.766000000000000000e+03 1.865000000000000000e+03 2.071000000000000000e+03 5.948000000000000000e+03 4.061000000000000000e+03 1.118000000000000000e+03 4.364000000000000000e+03 5.295000000000000000e+03 3.099000000000000000e+03 2.241000000000000000e+03 1.160000000000000000e+03 1.991000000000000000e+03 2.725000000000000000e+03
4.197000000000000000e+03 4.859000000000000000e+03 2.750000000000000000e+02 4.990000000000000000e+02 1.779000000000000000e+03 6.188000000000000000e+03 2.692000000000000000e+03 4.033000000000000000e+03 2.203000000000000000e+03 2.746000000000000000e+03 3.426000000000000000e+03 5.812000000000000000e+03 4.774000000000000000e+03 6.864000000000000000e+03 3.709000000000000000e+03 6.383000000000000000e+03 6.720000000000000000e+02 1.028000000000000000e+03 7.160000000000000000e+02 2.149000000000000000e+03
6.289000000000000000e+03 1.456000000000000000e+03 1.470000000000000000e+03 3.398000000000000000e+03 5.963000000000000000e+03 6.038000000000000000e+03 6.571000000000000000e+03 1.904000000000000000e+03 1.086000000000000000e+03 6.528000000000000000e+03 3.420000000000000000e+02 6.854000000000000000e+03 2.736000000000000000e+03 6.850000000000000000e+02 2.410000000000000000e+02 3.374000000000000000e+03 2.473000000000000000e+03 3.393000000000000000e+03 5.445000000000000000e+03 4.640000000000000000e+03
3.798000000000000000e+03 1.113000000000000000e+03 5.912000000000000000e+03 6.040000000000000000e+03 5.697000000000000000e+03 4.697000000000000000e+03 6.296000000000000000e+03 6.690000000000000000e+02 6.129000000000000000e+03 1.189000000000000000e+03 3.437000000000000000e+03 5.153000000000000000e+03 4.130000000000000000e+02 5.602000000000000000e+03 3.541000000000000000e+03 4.328000000000000000e+03 2.980000000000000000e+02 4.241000000000000000e+03 6.914000000000000000e+03 3.923000000000000000e+03
5.274000000000000000e+03 6.920000000000000000e+02 4.930000000000000000e+03 6.685000000000000000e+03 4.350000000000000000e+02 1.673000000000000000e+03 5.997000000000000000e+03 1.461000000000000000e+03 5.291000000000000000e+03 6.540000000000000000e+03 6.220000000000000000e+02 6.198000000000000000e+03 4.391000000000000000e+03 2.620000000000000000e+02 8.820000000000000000e+02 5.974000000000000000e+03 6.300000000000000000e+02 4.480000000000000000e+02 1.457000000000000000e+03 6.244000000000000000e+03
3.460000000000000000e+02 4.638000000000000000e+03 3.894000000000000000e+03 1.179000000000000000e+03 4.398000000000000000e+03 6.471000000000000000e+03 5.426000000000000000e+03 2.869000000000000000e+03 3.467000000000000000e+03 5.645000000000000000e+03 3.756000000000000000e+03 4.498000000000000000e+03 4.628000000000000000e+03 5.337000000000000000e+03 3.797000000000000000e+03 1.775000000000000000e+03 6.049000000000000000e+03 3.514000000000000000e+03 2.158000000000000000e+03 1.331000000000000000e+03
3.153000000000000000e+03 5.784000000000000000e+03 3.420000000000000000e+03 2.738000000000000000e+03 1.626000000000000000e+03 5.740000000000000000e+03 5.654000000000000000e+03 1.333000000000000000e+03 3.970000000000000000e+03 1.580000000000000000e+02 4.546000000000000000e+03 2.720000000000000000e+03 4.777000000000000000e+03 3.226000000000000000e+03 1.985000000000000000e+03 3.963000000000000000e+03 2.052000000000000000e+03 4.564000000000000000e+03 4.791000000000000000e+03 2.653000000000000000e+03
6.586000000000000000e+03 6.101000000000000000e+03 2.983000000000000000e+03 2.527000000000000000e+03 1.290000000000000000e+03 3.431000000000000000e+03 3.117000000000000000e+03 9.390000000000000000e+02 3.120000000000000000e+02 2.250000000000000000e+02 3.177000000000000000e+03 5.410000000000000000e+02 2.897000000000000000e+03 4.821000000000000000e+03 5.648000000000000000e+03 5.129000000000000000e+03 3.490000000000000000e+02 3.677000000000000000e+03 6.631000000000000000e+03 3.404000000000000000e+03
5.378000000000000000e+03 2.734000000000000000e+03 5.262000000000000000e+03 6.422000000000000000e+03 1.420000000000000000e+02 5.993000000000000000e+03 2.134000000000000000e+03 4.128000000000000000e+03 3.758000000000000000e+03 4.947000000000000000e+03 6.164000000000000000e+03 5.858000000000000000e+03 3.814000000000000000e+03 1.985000000000000000e+03 5.822000000000000000e+03 4.191000000000000000e+03 3.773000000000000000e+03 1.490000000000000000e+03 4.056000000000000000e+03 9.260000000000000000e+02
7.780000000000000000e+02 6.043000000000000000e+03 7.046000000000000000e+03 4.084000000000000000e+03 3.060000000000000000e+03 5.023000000000000000e+03 5.575000000000000000e+03 3.340000000000000000e+03 1.801000000000000000e+03 3.010000000000000000e+03 4.342000000000000000e+03 6.048000000000000000e+03 5.137000000000000000e+03 2.411000000000000000e+03 5.177000000000000000e+03 3.837000000000000000e+03 2.398000000000000000e+03 4.286000000000000000e+03 7.067000000000000000e+03 5.939000000000000000e+03
